0	0.000749143
1	0.000620309
2	0.000586812
3	0.000620309
4	0.00082129
5	0.000973314
6	0.000841903
7	0.000674419
8	0.000579082
9	0.000666689
10	0.000478591
11	0.000561045
12	0.000421904
13	0.000259573
14	0.000311107
15	0.0002235
16	4.82854e-05
17	8.69357e-05
18	-0.000157849
19	-0.000278953
20	-2.64384e-05
21	4.57087e-05
22	6.63222e-05
23	-7.7972e-05
24	-0.000163003
25	-0.000139812
26	-0.00035883
27	-0.00037429
28	-0.000294413
29	-0.000116622
30	-0.000155272
31	-0.000338217
32	-0.000407787
33	-0.000353677
34	-0.00033564
35	-0.000402634
36	-0.000526315
37	-0.000497971
38	-0.000544351
39	-0.000464474
40	-0.000474781
41	-0.000397481
42	-0.000400057
43	-0.00029699
44	-8.5702e-05
45	-0.000199076
46	-0.000394904
47	-0.000454168
48	-0.000361407
49	-0.000557235
50	-0.000438707
51	-0.000384597
52	-0.000500548
53	-0.000670609
54	-0.000680916
55	-0.000423247
56	-0.000157849
57	-7.0242e-05
58	-1.09783e-05
59	0.00117945
60	0.00697183
61	0.0253642
62	0.0721851
63	0.166628
64	0.319168
65	0.522476
66	0.752728
67	0.981697
68	1.18634
69	1.35137
70	1.47035
71	1.54536
72	1.58447
73	1.59773
74	1.59416
75	1.58142
76	1.56469
77	1.54745
78	1.53142
79	1.51738
80	1.50584
81	1.4967
82	1.48904
83	1.48276
84	1.47714
85	1.47187
86	1.46662
87	1.46089
88	1.45473
89	1.44863
90	1.4423
91	1.43595
92	1.42856
93	1.42087
94	1.4134
95	1.40571
96	1.39783
97	1.38941
98	1.38099
99	1.37248
100	1.36413
101	1.35589
102	1.34758
103	1.33897
104	1.32986
105	1.32054
106	1.31087
107	1.30094
108	1.29086
109	1.28071
110	1.27023
111	1.25967
112	1.24944
113	1.23967
114	1.23027
115	1.22063
116	1.21048
117	1.20019
118	1.19019
119	1.18054
120	1.171
121	1.16157
122	1.15121
123	1.14018
124	1.12936
125	1.11838
126	1.10759
127	1.09708
128	1.08667
129	1.07673
130	1.06749
131	1.05918
132	1.05078
133	1.04214
134	1.03349
135	1.02471
136	1.01637
137	1.00885
138	1.00181
139	0.995792
140	0.98994
141	0.984091
142	0.977701
143	0.970357
144	0.962328
145	0.953841
146	0.945938
147	0.938857
148	0.932941
149	0.92778
150	0.923036
151	0.917922
152	0.911552
153	0.904098
154	0.896105
155	0.887586
156	0.879235
157	0.870418
158	0.861619
159	0.852951
160	0.844254
161	0.835916
162	0.827274
163	0.818683
164	0.810371
165	0.802775
166	0.79615
167	0.789809
168	0.783455
169	0.77724
170	0.771087
171	0.764302
172	0.75684
173	0.749167
174	0.741947
175	0.73499
176	0.728353
177	0.721844
178	0.714877
179	0.707837
180	0.701236
181	0.695369
182	0.689509
183	0.683444
184	0.677391
185	0.671498
186	0.665518
187	0.659594
188	0.653289
189	0.646881
190	0.640532
191	0.634469
192	0.628653
193	0.623229
194	0.618596
195	0.61452
196	0.610969
197	0.607068
198	0.602891
199	0.597947
200	0.5926
201	0.586792
202	0.581131
203	0.575555
204	0.57033
205	0.565627
206	0.561577
207	0.557928
208	0.55436
209	0.550562
210	0.546173
211	0.541948
212	0.53741
213	0.532324
214	0.527191
215	0.521772
216	0.516534
217	0.511375
218	0.506513
219	0.501584
220	0.496884
221	0.492295
222	0.487631
223	0.483138
224	0.478842
225	0.474519
226	0.47003
227	0.465495
228	0.461084
229	0.45658
230	0.452083
231	0.447742
232	0.443266
233	0.43853
234	0.434049
235	0.429937
236	0.426067
237	0.422209
238	0.418187
239	0.414402
240	0.410506
241	0.406589
242	0.402544
243	0.398676
244	0.394379
245	0.390475
246	0.386512
247	0.382714
248	0.379246
249	0.37596
250	0.372716
251	0.368877
252	0.364948
253	0.360969
254	0.356934
255	0.353675
256	0.350843
257	0.348354
258	0.345589
259	0.342969
260	0.340016
261	0.337163
262	0.334136
263	0.331
264	0.327952
265	0.324728
266	0.321353
267	0.318217
268	0.315406
269	0.312742
270	0.310152
271	0.307596
272	0.304818
273	0.302097
274	0.299598
275	0.297359
276	0.295099
277	0.292741
278	0.290726
279	0.288613
280	0.286294
281	0.283841
282	0.281167
283	0.278384
284	0.275642
285	0.272739
286	0.270208
287	0.267969
288	0.266003
289	0.264403
290	0.26295
291	0.261654
292	0.260517
293	0.259469
294	0.258325
295	0.256799
296	0.255186
297	0.253328
298	0.251236
299	0.249067
300	0.246699
301	0.244212
302	0.241836
303	0.239515
304	0.237219
305	0.235044
306	0.233225
307	0.231903
308	0.230896
309	0.23029
310	0.229672
311	0.229108
312	0.228195
313	0.22675
314	0.225052
315	0.223181
316	0.22138
317	0.219625
318	0.218087
319	0.216732
320	0.21542
321	0.21415
322	0.212722
323	0.211089
324	0.209149
325	0.207141
326	0.205258
327	0.203472
328	0.201699
329	0.199813
330	0.198146
331	0.196546
332	0.194812
333	0.193359
334	0.192091
335	0.190823
336	0.189615
337	0.188311
338	0.186884
339	0.185394
340	0.183755
341	0.182042
342	0.180331
343	0.178463
344	0.176585
345	0.174737
346	0.172877
347	0.171233
348	0.169751
349	0.168414
350	0.167051
351	0.165616
352	0.164253
353	0.162627
354	0.16082
355	0.159295
356	0.157924
357	0.156417
358	0.154783
359	0.153245
360	0.151583
361	0.150037
362	0.148676
363	0.147365
364	0.145945
365	0.144688
366	0.143582
367	0.142603
368	0.142799
369	0.144871
370	0.149694
371	0.157819
372	0.166685
373	0.172209
374	0.171225
375	0.170218
376	0.169264
377	0.16827
378	0.16718
379	0.166085
380	0.165005
381	0.163876
382	0.162498
383	0.161199
384	0.160205
385	0.158841
386	0.157638
387	0.15645
388	0.155402
389	0.154379
390	0.1534
391	0.15216
392	0.151204
393	0.150184
394	0.149084
395	0.147955
396	0.146494
397	0.14526
398	0.144095
399	0.143193
400	0.142114
401	0.141294
402	0.140472
403	0.139318
404	0.138661
405	0.138128
406	0.137911
407	0.13728
408	0.136837
409	0.136203
410	0.135566
411	0.134667
412	0.133706
413	0.132714
414	0.131851
415	0.130838
416	0.129905
417	0.129019
418	0.128078
419	0.127074
420	0.125852
421	0.124801
422	0.123616
423	0.122464
424	0.12133
425	0.120377
426	0.11964
427	0.118828
428	0.117803
429	0.116937
430	0.115999
431	0.115077
432	0.114128
433	0.113291
434	0.112317
435	0.111634
436	0.110725
437	0.110008
438	0.109289
439	0.108722
440	0.108029
441	0.107115
442	0.106744
443	0.106393
444	0.105615
445	0.104878
446	0.104236
447	0.103458
448	0.102703
449	0.101786
450	0.101273
451	0.100665
452	0.100227
453	0.099485
454	0.09898
455	0.0982611
456	0.0975834
457	0.0969058
458	0.0960993
459	0.0953391
460	0.0944476
461	0.0935303
462	0.0925795
463	0.0918065
464	0.0914741
465	0.0914896
466	0.0913814
467	0.0916983
468	0.0922136
469	0.0928604
470	0.0932031
471	0.0934221
472	0.0935896
473	0.0934144
474	0.0931026
475	0.092613
476	0.0916648
477	0.0906702
478	0.0901265
479	0.0892994
480	0.0884104
481	0.0876735
482	0.0869778
483	0.0863852
484	0.0855993
485	0.0849757
486	0.0844965
487	0.0840739
488	0.0836384
489	0.0830097
490	0.0821646
491	0.0813503
492	0.0807345
493	0.0801496
494	0.0794822
495	0.0789669
496	0.0783485
497	0.0778641
498	0.0773565
499	0.0768849
500	0.0765216
501	0.0759908
502	0.0752822
503	0.0744577
504	0.0737491
505	0.0729942
506	0.0723732
507	0.0718346
508	0.0710719
509	0.0705772
510	0.069678
511	0.0691059
512	0.0686782
513	0.0681758
514	0.0678305
515	0.0675574
516	0.0673847
517	0.066975
518	0.0666323
519	0.0659109
520	0.0652667
521	0.0646921
522	0.0639758
523	0.0635815
524	0.0631023
525	0.0627776
526	0.0622932
527	0.0615537
528	0.0609507
529	0.060389
530	0.0600025
531	0.0595258
532	0.0591419
533	0.0586369
534	0.0582658
535	0.0578639
536	0.0574439
537	0.0569131
538	0.0564828
539	0.0559726
540	0.0556247
541	0.0551584
542	0.0548389
543	0.0544343
544	0.0539499
545	0.0535067
546	0.0528316
547	0.0524632
548	0.0520354
549	0.051533
550	0.0511619
551	0.0508527
552	0.0505951
553	0.0503451
554	0.0499767
555	0.0497113
556	0.0495541
557	0.0492913
558	0.0489176
559	0.0487167
560	0.048392
561	0.0480854
562	0.0476525
563	0.0473768
564	0.0471088
565	0.0466837
566	0.0462637
567	0.0456633
568	0.0452716
569	0.0449444
570	0.0445064
571	0.0443183
572	0.0440941
573	0.0436947
574	0.0433803
575	0.0430686
576	0.0426022
577	0.0420843
578	0.0417364
579	0.0416952
580	0.0415226
581	0.041301
582	0.040966
583	0.0404352
584	0.0400075
585	0.0396802
586	0.0393556
587	0.0392654
588	0.0390103
589	0.0387294
590	0.0384305
591	0.0378869
592	0.0373045
593	0.0369283
594	0.0366269
595	0.0363898
596	0.0360729
597	0.0358152
598	0.0356039
599	0.0360059
600	0.0368201
601	0.0382373
602	0.0398735
603	0.0413345
604	0.0425738
605	0.0435556
606	0.0438287
607	0.0439215
608	0.0436432
609	0.0431974
610	0.0428856
611	0.0426073
612	0.0420096
613	0.0415921
614	0.0411721
615	0.0407805
616	0.040595
617	0.0404507
618	0.0403862
619	0.0401105
620	0.0397833
621	0.0395437
622	0.0394045
623	0.0391932
624	0.0387964
625	0.0385233
626	0.0383867
627	0.0382708
628	0.0381213
629	0.0377245
630	0.0374231
631	0.0372015
632	0.0370262
633	0.0367222
634	0.036498
635	0.0359853
636	0.0354854
637	0.0352071
638	0.0349701
639	0.0348258
640	0.0346789
641	0.0343233
642	0.033978
643	0.033625
644	0.0332076
645	0.0331148
646	0.0328984
647	0.0328366
648	0.032651
649	0.0324372
650	0.0321718
651	0.0317492
652	0.0315044
653	0.0311153
654	0.0311231
655	0.0309118
656	0.0306618
657	0.030551
658	0.0302702
659	0.0300177
660	0.0298038
661	0.0297755
662	0.0296106
663	0.0294688
664	0.0295951
665	0.0296003
666	0.0296337
667	0.0295616
668	0.029559
669	0.0295513
670	0.0295152
671	0.0294637
672	0.0297162
673	0.0299893
674	0.0307623
675	0.0317982
676	0.0331071
677	0.0344573
678	0.0355962
679	0.0364645
680	0.0369644
681	0.0369902
682	0.036833
683	0.0362352
684	0.035707
685	0.0352586
686	0.0348593
687	0.0344161
688	0.034161
689	0.0340012
690	0.034161
691	0.0347794
692	0.0357817
693	0.0373767
694	0.0388686
695	0.0402754
696	0.041319
697	0.0417596
698	0.0419915
699	0.0418781
700	0.0417467
701	0.0415019
702	0.0413937
703	0.0411464
704	0.0407521
705	0.0402986
706	0.0399817
707	0.0397163
708	0.0395617
709	0.0392654
710	0.0387372
711	0.0384099
712	0.0379152
713	0.0374746
714	0.0371577
715	0.0368716
716	0.0365083
717	0.0362326
718	0.0360445
719	0.0358384
720	0.0356039
721	0.0353694
722	0.0351607
723	0.0351607
724	0.0351942
725	0.0352432
726	0.0350963
727	0.0350293
728	0.0350216
729	0.0348979
730	0.0350319
731	0.0350371
732	0.0348747
733	0.0347433
734	0.0346042
735	0.0348309
736	0.0348309
737	0.0351298
738	0.0356761
739	0.0362558
740	0.0368639
741	0.0373329
742	0.0376807
743	0.0379255
744	0.0379874
745	0.0380363
746	0.0381858
747	0.0381239
748	0.0377168
749	0.0374772
750	0.0371577
751	0.0369593
752	0.0368175
753	0.0363357
754	0.036109
755	0.0357482
756	0.0353334
757	0.0351813
758	0.0354029
759	0.0359183
760	0.0365624
761	0.0371654
762	0.0374978
763	0.0375235
764	0.0376859
765	0.0377838
766	0.0377451
767	0.0375055
768	0.0370417
769	0.0364027
770	0.0359569
771	0.0355318
772	0.0350525
773	0.0345423
774	0.0339574
775	0.0336018
776	0.0333725
777	0.0333184
778	0.0332231
779	0.033321
780	0.033388
781	0.0336482
782	0.0335864
783	0.0335168
784	0.0336276
785	0.0336946
786	0.0339755
787	0.0344753
788	0.035153
789	0.0356271
790	0.0360342
791	0.0363743
792	0.0367428
793	0.0370469
794	0.0373947
795	0.0375931
796	0.0377555
797	0.0375132
798	0.0373767
799	0.0370211
800	0.0366939
801	0.0363022
802	0.0360188
803	0.0358204
804	0.0354132
805	0.0351891
806	0.0351066
807	0.0350989
808	0.0349984
809	0.0348464
810	0.0345088
811	0.034179
812	0.0338028
813	0.03354
814	0.0332205
815	0.0329061
816	0.0325145
817	0.0324655
818	0.0322748
819	0.0321769
820	0.0320352
821	0.0316126
822	0.0313086
823	0.0312725
824	0.0312725
825	0.0313833
826	0.0314065
827	0.0315663
828	0.0316719
829	0.0316307
830	0.031708
831	0.0318136
832	0.0315663
833	0.0315482
834	0.0313163
835	0.031136
836	0.0310767
837	0.0308551
838	0.0304789
839	0.0304222
840	0.0302083
841	0.0301517
842	0.0302805
843	0.0303629
844	0.0301749
845	0.0301259
846	0.0299352
847	0.0300357
848	0.0299043
849	0.0296827
850	0.0294457
851	0.0292653
852	0.0292472
853	0.0294405
854	0.0296183
855	0.0297368
856	0.0305253
857	0.0313524
858	0.032548
859	0.0338853
860	0.0349443
861	0.0356245
862	0.0360523
863	0.0363743
864	0.0367609
865	0.0377735
866	0.0394251
867	0.0417004
868	0.0438313
869	0.0458617
870	0.0475468
871	0.0486059
872	0.0490439
873	0.0487811
874	0.0482297
875	0.0474773
876	0.0468305
877	0.0463848
878	0.0461554
879	0.0455319
880	0.0450037
881	0.0445862
882	0.0442796
883	0.043973
884	0.0435839
885	0.0433803
886	0.0434164
887	0.0444806
888	0.047199
889	0.0515124
890	0.0570058
891	0.0625354
892	0.0668282
893	0.0694821
894	0.0706854
895	0.0708375
896	0.0704896
897	0.0695234
898	0.0683252
899	0.0671064
900	0.0660139
901	0.0649188
902	0.0641613
903	0.0636511
904	0.063244
905	0.0628626
906	0.062252
907	0.0617985
908	0.061448
909	0.0609945
910	0.0603298
911	0.0596753
912	0.0591213
913	0.0591136
914	0.0592527
915	0.0597371
916	0.0599974
917	0.0601082
918	0.0600669
919	0.0601468
920	0.0600463
921	0.0596341
922	0.0592012
923	0.0585957
924	0.0580056
925	0.0576474
926	0.0570986
927	0.0565008
928	0.0560009
929	0.0557768
930	0.0554083
931	0.055179
932	0.0550682
933	0.0549754
934	0.0552589
935	0.056122
936	0.0585209
937	0.0628085
938	0.0689591
939	0.076282
940	0.0839116
941	0.0899822
942	0.0939477
943	0.0960761
944	0.0969186
945	0.0963028
946	0.0954113
947	0.0937416
948	0.0919276
949	0.0901935
950	0.0883898
951	0.0866609
952	0.0854421
953	0.0842079
954	0.0832751
955	0.0822882
956	0.0811932
957	0.0807036
958	0.0803042
959	0.0795415
960	0.0785186
961	0.0776863
962	0.0771143
963	0.0766917
964	0.0761661
965	0.0757564
966	0.0752616
967	0.0750375
968	0.0750323
969	0.0748313
970	0.0746716
971	0.0741562
972	0.0734657
973	0.0729014
974	0.0723809
975	0.0717058
976	0.0709663
977	0.0701598
978	0.069361
979	0.0686189
980	0.0680443
981	0.0674285
982	0.0669518
983	0.066336
984	0.0660474
985	0.0656738
986	0.0652332
987	0.0645761
988	0.0641149
989	0.0636228
990	0.0632517
991	0.0630379
992	0.0627235
993	0.0623164
994	0.0619299
995	0.0613939
996	0.0608941
997	0.0605514
998	0.0602679
999	0.0599639
1000	0.0595336
1001	0.0591857
1002	0.0589126
1003	0.0583921
1004	0.0577737
1005	0.0575701
1006	0.0571811
1007	0.056877
1008	0.0563642
1009	0.0557845
1010	0.0551764
1011	0.0545374
1012	0.0541483
1013	0.0536098
1014	0.0534371
1015	0.0533727
1016	0.0531228
1017	0.0528625
1018	0.0525714
1019	0.0520509
1020	0.051703
1021	0.0510846
1022	0.0504533
1023	0.0500436
