0	-0.000460456
1	-6.36471e-05
2	0.000111567
3	5.48803e-05
4	0.000291935
5	0.000433653
6	0.000178561
7	-0.000140948
8	-0.000238861
9	-0.000383156
10	-0.000501683
11	-0.000862419
12	-0.000774811
13	-0.000264628
14	0.000183714
15	0.000152794
16	0.000227518
17	0.000317702
18	0.000415616
19	0.000454266
20	0.000116721
21	-9.97206e-05
22	0.000145064
23	0.000157948
24	0.000157948
25	0.000340892
26	0.00062948
27	0.000660401
28	0.000577947
29	0.000570217
30	0.000541873
31	0.000325432
32	3.16902e-05
33	-0.000452726
34	-0.000457879
35	-0.000336775
36	-0.000202788
37	-6.62237e-05
38	3.16902e-05
39	0.000235248
40	0.000304818
41	-1.8067e-06
42	-6.96006e-06
43	5.92335e-06
44	-6.96006e-06
45	-0.000323892
46	-0.000444996
47	-0.000295548
48	-0.000468186
49	-0.000800578
50	-0.00055064
51	-0.000277512
52	6.26104e-05
53	0.000369236
54	0.000405309
55	0.000778928
56	0.00151844
57	0.00373696
58	0.0108357
59	0.0301531
60	0.0756522
61	0.160969
62	0.285832
63	0.437331
64	0.600159
65	0.761704
66	0.914911
67	1.05544
68	1.17999
69	1.28685
70	1.37616
71	1.44805
72	1.50377
73	1.54496
74	1.57399
75	1.59403
76	1.60804
77	1.61868
78	1.6269
79	1.63319
80	1.63788
81	1.64124
82	1.6431
83	1.6436
84	1.64335
85	1.64295
86	1.64259
87	1.643
88	1.64401
89	1.64531
90	1.64529
91	1.64273
92	1.63697
93	1.62881
94	1.61921
95	1.60925
96	1.60029
97	1.59283
98	1.58682
99	1.58093
100	1.57467
101	1.5674
102	1.55925
103	1.5495
104	1.53833
105	1.52625
106	1.5141
107	1.50324
108	1.49352
109	1.48414
110	1.47459
111	1.46424
112	1.45324
113	1.44173
114	1.43056
115	1.41979
116	1.4091
117	1.39776
118	1.38579
119	1.37279
120	1.35893
121	1.34503
122	1.33133
123	1.31831
124	1.3063
125	1.29569
126	1.28707
127	1.27965
128	1.27221
129	1.26342
130	1.25204
131	1.23784
132	1.222
133	1.20541
134	1.1904
135	1.17782
136	1.16777
137	1.15986
138	1.15322
139	1.14736
140	1.14145
141	1.13417
142	1.12486
143	1.11274
144	1.09783
145	1.08177
146	1.06606
147	1.05269
148	1.04272
149	1.03568
150	1.03041
151	1.0255
152	1.0199
153	1.01279
154	1.00337
155	0.991629
156	0.977192
157	0.960696
158	0.943863
159	0.929348
160	0.918866
161	0.912703
162	0.909399
163	0.906431
164	0.902414
165	0.895929
166	0.887686
167	0.877181
168	0.865222
169	0.852581
170	0.839569
171	0.827345
172	0.816672
173	0.808396
174	0.802284
175	0.797471
176	0.793171
177	0.788254
178	0.781908
179	0.774229
180	0.76528
181	0.754971
182	0.743183
183	0.731384
184	0.719877
185	0.709926
186	0.702294
187	0.697418
188	0.694612
189	0.692734
190	0.690114
191	0.685774
192	0.678707
193	0.669026
194	0.657457
195	0.644831
196	0.632579
197	0.622726
198	0.616098
199	0.61303
200	0.61221
201	0.612512
202	0.611638
203	0.607861
204	0.600819
205	0.591066
206	0.579842
207	0.568561
208	0.558535
209	0.550901
210	0.545801
211	0.542936
212	0.541462
213	0.540285
214	0.538337
215	0.534732
216	0.529339
217	0.522109
218	0.513214
219	0.503995
220	0.495474
221	0.488565
222	0.483294
223	0.479709
224	0.477372
225	0.475607
226	0.47392
227	0.472023
228	0.468985
229	0.46426
230	0.457643
231	0.449663
232	0.441046
233	0.433074
234	0.426295
235	0.421268
236	0.417779
237	0.415875
238	0.414501
239	0.412937
240	0.410041
241	0.405751
242	0.399567
243	0.392321
244	0.384656
245	0.377328
246	0.370778
247	0.365846
248	0.362635
249	0.361156
250	0.360419
251	0.359708
252	0.358
253	0.354694
254	0.349551
255	0.343024
256	0.335503
257	0.328247
258	0.322284
259	0.318296
260	0.315832
261	0.314974
262	0.314969
263	0.314639
264	0.313176
265	0.309818
266	0.30475
267	0.298159
268	0.291042
269	0.283827
270	0.277955
271	0.274057
272	0.272189
273	0.271828
274	0.272199
275	0.272217
276	0.270911
277	0.267548
278	0.26282
279	0.257331
280	0.251701
281	0.245942
282	0.241299
283	0.23821
284	0.23687
285	0.237233
286	0.238352
287	0.239637
288	0.240568
289	0.240866
290	0.239591
291	0.237146
292	0.233958
293	0.230701
294	0.227566
295	0.224845
296	0.222884
297	0.221629
298	0.220864
299	0.219866
300	0.219122
301	0.218622
302	0.217875
303	0.216259
304	0.213724
305	0.210165
306	0.206514
307	0.203249
308	0.200938
309	0.200065
310	0.199993
311	0.200011
312	0.199807
313	0.19914
314	0.19814
315	0.196465
316	0.194244
317	0.191608
318	0.189114
319	0.187204
320	0.185499
321	0.184574
322	0.184344
323	0.184468
324	0.184161
325	0.183321
326	0.181667
327	0.179395
328	0.176547
329	0.173301
330	0.170157
331	0.167501
332	0.165362
333	0.163744
334	0.162239
335	0.161118
336	0.160229
337	0.158987
338	0.157191
339	0.155326
340	0.152837
341	0.15026
342	0.147263
343	0.144514
344	0.142399
345	0.141262
346	0.140386
347	0.139353
348	0.138451
349	0.13725
350	0.135454
351	0.133298
352	0.130736
353	0.128325
354	0.126299
355	0.124166
356	0.122635
357	0.121744
358	0.121156
359	0.120484
360	0.119701
361	0.118394
362	0.116781
363	0.114431
364	0.11179
365	0.10936
366	0.107464
367	0.107034
368	0.109273
369	0.114885
370	0.1227
371	0.130832
372	0.09364
373	0.0926145
374	0.0912359
375	0.089543
376	0.0874096
377	0.0851653
378	0.0826633
379	0.0806947
380	0.0794785
381	0.0787236
382	0.0785947
383	0.0785844
384	0.0778913
385	0.0765875
386	0.0745004
387	0.0719881
388	0.0695248
389	0.0672238
390	0.0651651
391	0.0638303
392	0.0631424
393	0.0625626
394	0.0623694
395	0.0617149
396	0.0608878
397	0.060004
398	0.0586023
399	0.0565074
400	0.0544151
401	0.0526888
402	0.0513102
403	0.0499755
404	0.0491664
405	0.0483007
406	0.0479502
407	0.0479193
408	0.047471
409	0.0467856
410	0.046144
411	0.0451494
412	0.0437425
413	0.0421553
414	0.0406144
415	0.039223
416	0.0378393
417	0.0369993
418	0.0368319
419	0.0365227
420	0.0364402
421	0.0366128
422	0.0364582
423	0.0353889
424	0.0337295
425	0.0316527
426	0.0298954
427	0.0280969
428	0.0267467
429	0.0260768
430	0.0257934
431	0.0260948
432	0.026301
433	0.0260948
434	0.0257599
435	0.0249611
436	0.0232579
437	0.0215135
438	0.0198232
439	0.0185039
440	0.0174552
441	0.0167879
442	0.0162004
443	0.0159607
444	0.0156799
445	0.0152444
446	0.0146672
447	0.0140823
448	0.013433
449	0.0124333
450	0.0115907
451	0.0108641
452	0.0101684
453	0.00940051
454	0.00890063
455	0.00873315
456	0.00861719
457	0.00819462
458	0.00800652
459	0.00734431
460	0.00646824
461	0.00504076
462	0.00360812
463	0.0029923
464	0.00254911
465	0.00180702
466	0.00138187
467	0.00125304
468	0.00137929
469	0.00122985
470	0.000838192
471	0.000508376
472	-0.000205365
473	-0.00145506
474	-0.00294438
475	-0.00382303
476	-0.00416315
477	-0.00421468
478	-0.00441309
479	-0.00417088
480	-0.00400855
481	-0.00385395
482	-0.00421726
483	-0.00492069
484	-0.00580965
485	-0.00689185
486	-0.00789418
487	0.0316295
488	0.0287797
489	0.0270044
490	0.0258938
491	0.025546
492	0.0258269
493	0.0262984
494	0.0272621
495	0.0277156
496	0.0278753
497	0.0279191
498	0.0282309
499	-0.014676
500	-0.0150187
501	-0.0149388
502	-0.0147636
503	-0.0145987
504	-0.0148693
505	-0.0153769
506	-0.0157969
507	-0.0162478
508	-0.016825
509	-0.0177062
510	-0.0182782
511	-0.0186158
512	-0.0188348
513	-0.0191466
514	-0.0190899
515	-0.0190074
516	-0.018809
517	-0.0188889
518	-0.0194326
519	-0.0198551
520	-0.0203756
521	-0.0210919
522	-0.0218985
523	0.0196815
524	0.0190399
525	0.0184472
526	0.0180324
527	0.0179293
528	0.0179912
529	0.017749
530	0.0170584
531	0.0162777
532	0.0152779
533	0.0140282
534	0.0125106
535	0.0112841
536	0.0101142
537	0.00922271
538	0.00843425
539	0.00789315
540	0.00756075
541	0.00722321
542	0.00665634
543	0.00578542
544	0.0049145
545	0.00416984
546	0.00360555
547	0.00303352
548	0.00278616
549	0.00261095
550	0.00237132
551	0.00218837
552	0.00172972
553	0.00133291
554	0.000977332
555	8.06465e-05
556	-0.00100929
557	-0.00211726
558	-0.00282843
559	-0.00339014
560	-0.00352671
561	-0.00346487
562	-0.00356536
563	-0.00392609
564	-0.00460634
565	-0.00513456
566	-0.00541542
567	-0.00591787
568	-0.00659296
569	-0.00708253
570	-0.00742007
571	-0.00779112
572	-0.00803075
573	-0.00813639
574	-0.00800756
575	-0.00804879
576	-0.0081029
577	-0.00853062
578	-0.00889394
579	-0.0091851
580	-0.00937835
581	-0.0096489
582	-0.0098705
583	-0.0104528
584	-0.0107801
585	-0.0111047
586	-0.0112928
587	-0.0115428
588	-0.0117695
589	-0.0124163
590	-0.0132382
591	-0.0140782
592	-0.0147018
593	-0.0152996
594	-0.0157814
595	-0.0162529
596	-0.0161834
597	-0.0159334
598	-0.0155856
599	-0.0155366
600	-0.015784
601	-0.0160494
602	-0.0163277
603	-0.0166884
604	-0.0171677
605	-0.0174228
606	-0.0175207
607	-0.017683
608	-0.017969
609	-0.017768
610	-0.0176083
611	-0.0174279
612	-0.0174021
613	-0.0176392
614	-0.0181313
615	-0.0187729
616	-0.0194455
617	-0.0201515
618	-0.0203962
619	-0.0207158
620	-0.0207699
621	-0.020538
622	-0.0203602
623	-0.0203112
624	-0.0203937
625	-0.0208008
626	-0.021262
627	-0.0218443
628	-0.0224396
629	-0.0227462
630	-0.0228261
631	-0.0227848
632	-0.0225684
633	-0.0224112
634	-0.0224885
635	-0.0226663
636	-0.0230322
637	-0.0233285
638	-0.02422
639	-0.0249029
640	-0.0253306
641	-0.0259155
642	-0.0262273
643	-0.0265494
644	-0.0269436
645	-0.0271317
646	-0.0270106
647	-0.0270853
648	-0.0270982
649	-0.0271497
650	-0.0274203
651	-0.0277656
652	-0.0282062
653	-0.0286648
654	-0.0290771
655	-0.0291183
656	-0.0294378
657	-0.0296491
658	-0.0296852
659	-0.0298192
660	-0.0298887
661	-0.0298759
662	-0.0304608
663	-0.0309581
664	-0.0314296
665	-0.0318882
666	-0.0321253
667	-0.0323624
668	-0.0322078
669	-0.0312235
670	-0.0297522
671	-0.0283247
672	-0.0272734
673	-0.0261268
674	-0.0251373
675	-0.0243953
676	-0.0239469
677	-0.0236403
678	-0.0229807
679	-0.0223777
680	-0.0217902
681	-0.0216099
682	-0.0216459
683	-0.0219371
684	-0.0223416
685	-0.0229059
686	-0.0234676
687	-0.0238232
688	-0.0243643
689	-0.0246761
690	-0.0249106
691	-0.0248513
692	-0.0247508
693	-0.02464
694	-0.0247483
695	-0.0251425
696	-0.0253718
697	-0.0259103
698	-0.0261448
699	-0.0261603
700	-0.0267297
701	-0.0270183
702	-0.0272914
703	-0.0274125
704	-0.0275465
705	-0.0277089
706	-0.0276805
707	-0.0276367
708	-0.0277089
709	-0.0279768
710	-0.028536
711	-0.029193
712	-0.0297006
713	-0.0300253
714	-0.0300356
715	-0.0297058
716	-0.0293966
717	-0.0291338
718	-0.0292111
719	-0.0293914
720	-0.0296775
721	-0.0302082
722	-0.0306566
723	-0.0309606
724	-0.0311616
725	-0.0314116
726	-0.0315198
727	-0.0313884
728	-0.0315146
729	-0.0313446
730	-0.0313111
731	-0.0314708
732	-0.0321227
733	-0.0327205
734	-0.0326613
735	-0.0290616
736	-0.0205869
737	-0.00828842
738	-0.0419914
739	-0.0419914
740	-0.0414349
741	-0.0410896
742	-0.0405279
743	-0.0400976
744	-0.0397729
745	-0.0395745
746	-0.0399739
747	-0.0403681
748	-0.041038
749	-0.0415869
750	-0.0419991
751	-0.0421177
752	-0.0418394
753	-0.0414941
754	-0.0412983
755	-0.041306
756	-0.0415044
757	-0.0414503
758	-0.0411411
759	-0.0405433
760	-0.0397961
761	-0.0388607
762	-0.0379074
763	-0.0368149
764	-0.0361295
765	-0.0355291
766	-0.0350833
767	-0.0349158
768	-0.0345783
769	-0.0346814
770	-0.0346943
771	-0.0348282
772	-0.0350576
773	-0.0352251
774	-0.0353255
775	-0.0354106
776	-0.035627
777	-0.0358641
778	-0.0360934
779	-0.0359697
780	-0.0362763
781	-0.0365005
782	-0.0366938
783	-0.0367453
784	-0.0367917
785	-0.0366963
786	-0.0359517
787	-0.0348746
788	-0.0335811
789	-0.0325659
790	-0.0316435
791	-0.0308395
792	-0.0300511
793	-0.0296079
794	-0.0297728
795	-0.0298063
796	-0.0295589
797	-0.0294971
798	-0.0294198
799	-0.0294249
800	-0.0289895
801	-0.028871
802	-0.0290359
803	-0.0291364
804	-0.0293451
805	-0.0298862
806	-0.0303732
807	-0.0309117
808	-0.0314476
809	-0.0315945
810	-0.0317646
811	-0.0319295
812	-0.0318548
813	-0.0316976
814	-0.0316718
815	-0.0319784
816	-0.0323237
817	-0.0323031
818	-0.0320892
819	-0.030283
820	-0.0238825
821	-0.0123415
822	0.00162666
823	-0.0404892
824	-0.0405047
825	-0.0407366
826	-0.0408319
827	-0.0408938
828	-0.0412957
829	-0.0417672
830	-0.042079
831	-0.0427283
832	-0.0433004
833	-0.0436199
834	-0.0437384
835	-0.0439626
836	-0.0439883
837	-0.0439265
838	-0.0439652
839	-0.0439085
840	-0.0437204
841	-0.0437977
842	-0.0443156
843	-0.0449649
844	-0.0458925
845	-0.046346
846	-0.0467763
847	-0.0468485
848	-0.0466681
849	-0.0463022
850	-0.0460033
851	-0.0459157
852	-0.0460136
853	-0.046346
854	-0.0466294
855	-0.047052
856	-0.0471319
857	-0.0474256
858	-0.0473483
859	-0.0471963
860	-0.0469
861	-0.0468897
862	-0.0470288
863	-0.0469412
864	-0.0468124
865	-0.0466964
866	-0.0465032
867	-0.0462275
868	-0.0462739
869	-0.0463744
870	-0.0462971
871	-0.0462172
872	-0.0463048
873	-0.0462455
874	-0.0458049
875	-0.0458049
876	-0.0459879
877	-0.0459518
878	-0.0462223
879	-0.0466732
880	-0.0466243
881	-0.0467016
882	-0.0468382
883	-0.0471139
884	-0.0471036
885	-0.0471113
886	-0.0472221
887	-0.0474308
888	-0.0475132
889	-0.0474488
890	-0.047119
891	-0.0466423
892	-0.0464336
893	-0.0461579
894	-0.0457714
895	-0.0453591
896	-0.0451917
897	-0.0450242
898	-0.0447974
899	-0.0444753
900	-0.0443439
901	-0.0445166
902	-0.0445346
903	-0.0445939
904	-0.0449907
905	-0.0451556
906	-0.0452277
907	-0.0454725
908	-0.0456013
909	-0.045689
910	-0.0457508
911	-0.0458745
912	-0.0458229
913	-0.0460265
914	-0.0462996
915	-0.0465083
916	-0.0464388
917	-0.0465856
918	-0.0465728
919	-0.0464929
920	-0.0465444
921	-0.0465444
922	-0.0469567
923	-0.0471139
924	-0.047168
925	-0.0472788
926	-0.047387
927	-0.0476447
928	-0.0479951
929	-0.0483352
930	-0.0485568
931	-0.0487114
932	-0.0485053
933	-0.0478559
934	-0.0474231
935	-0.0470159
936	-0.045926
937	-0.0444058
938	-0.0429551
939	-0.0414967
940	-0.040162
941	-0.0390128
942	-0.0375569
943	-0.0365005
944	-0.0357017
945	-0.0346195
946	-0.0336945
947	-0.0334214
948	-0.0333595
949	-0.0337589
950	-0.034032
951	-0.0344752
952	-0.0347097
953	-0.0347509
954	-0.0345809
955	-0.0348592
956	-0.0353822
957	-0.0355961
958	-0.0356141
959	-0.0357765
960	-0.0360419
961	-0.0364335
962	-0.0365933
963	-0.0368226
964	-0.0370957
965	-0.0375131
966	0.00133034
967	-0.00920314
968	-0.0212414
969	-0.0339161
970	-0.0383428
971	-0.0385825
972	-0.0386881
973	-0.0389406
974	-0.0389741
975	-0.0391416
976	-0.0391957
977	-0.0392524
978	-0.0393323
979	-0.039559
980	-0.0397832
981	-0.0401027
982	-0.0406387
983	-0.0409118
984	-0.0415225
985	-0.0420301
986	-0.0422903
987	-0.0423393
988	-0.042298
989	-0.0423934
990	-0.0425892
991	-0.0428031
992	-0.0430041
993	-0.043272
994	-0.0437049
995	-0.0442692
996	-0.0445449
997	-0.044733
998	-0.0452071
999	-0.0456606
1000	-0.0461347
1001	-0.0462713
1002	-0.0461553
1003	-0.0464079
1004	-0.0470984
1005	-0.0476447
1006	-0.0476498
1007	-0.048142
1008	-0.0487114
1009	-0.0488299
1010	-0.0485723
1011	-0.0404531
1012	-0.0343335
1013	-0.0298269
1014	-0.0264076
1015	-0.024184
1016	-0.0228802
1017	-0.0224859
1018	-0.0227462
1019	-0.0239263
1020	-0.0260211
1021	-0.0284071
1022	-0.030739
1023	-0.0326149
