0	-0.000917991
1	-0.0025456
2	-0.00189455
3	-0.00059247
4	0.00103513
5	5.85715e-05
6	0.00103513
7	0.00136065
8	0.00233722
9	0.0020117
10	0.000384092
11	-0.000266949
12	5.85715e-05
13	0.000384092
14	0.00136065
15	0.00103513
16	-0.00124351
17	-0.0025456
18	-0.00156903
19	-0.000917991
20	5.85715e-05
21	0.00136065
22	0.00298826
23	0.00136065
24	-0.000266949
25	0.0020117
26	0.00298826
27	-0.000266949
28	-0.000917991
29	0.00136065
30	0.00233722
31	-0.00059247
32	-0.00222007
33	-0.00059247
34	0.000384092
35	-0.00059247
36	-0.00124351
37	-0.00059247
38	-0.00156903
39	-0.000917991
40	-0.000917991
41	-0.00222007
42	-0.000266949
43	0.000384092
44	5.85715e-05
45	-0.00124351
46	5.85715e-05
47	0.00168618
48	5.85715e-05
49	-0.00124351
50	0.00103513
51	0.000709613
52	-0.000917991
53	-0.000917991
54	-0.00287112
55	-0.000266949
56	-0.00059247
57	-0.00352216
58	-0.00352216
59	-0.00124351
60	0.000384092
61	-0.00156903
62	-0.00287112
63	-0.00124351
64	-0.000917991
65	-0.000266949
66	-0.000266949
67	0.0121028
68	0.0612565
69	0.169655
70	0.318418
71	0.476947
72	0.614316
73	0.722389
74	0.806699
75	0.870176
76	0.910866
77	0.930072
78	0.929421
79	0.915423
80	0.89166
81	0.859108
82	0.821348
83	0.778704
84	0.736712
85	0.69179
86	0.651426
87	0.611712
88	0.576881
89	0.548887
90	0.530332
91	0.51666
92	0.505592
93	0.495827
94	0.48248
95	0.468483
96	0.45416
97	0.440163
98	0.423561
99	0.405983
100	0.389056
101	0.373756
102	0.356504
103	0.340553
104	0.327858
105	0.313535
106	0.299212
107	0.289121
108	0.27903
109	0.270241
110	0.262754
111	0.256569
112	0.248431
113	0.240944
114	0.233457
115	0.227598
116	0.223691
117	0.21653
118	0.211973
119	0.204811
120	0.199603
121	0.195697
122	0.193418
123	0.187884
124	0.183978
125	0.179095
126	0.173561
127	0.169004
128	0.16347
129	0.158913
130	0.155006
131	0.150124
132	0.14459
133	0.140033
134	0.135801
135	0.131895
136	0.129941
137	0.12929
138	0.127012
139	0.123756
140	0.119525
141	0.117572
142	0.115944
143	0.111387
144	0.108457
145	0.106178
146	0.103574
147	0.101621
148	0.105202
149	0.106504
150	0.106504
151	0.106178
152	0.105527
153	0.104876
154	0.103574
155	0.102272
156	0.0977148
157	0.0954362
158	0.0915299
159	0.0866471
160	0.0833919
161	0.0798112
162	0.076556
163	0.0742773
164	0.0713476
165	0.0693945
166	0.0674414
167	0.0648372
168	0.061582
169	0.0580013
170	0.0560482
171	0.0553971
172	0.0537695
173	0.0518164
174	0.0492122
175	0.0466081
176	0.0446549
177	0.0436784
178	0.0423763
179	0.0410742
180	0.0387956
181	0.0374935
182	0.0368424
183	0.0371679
184	0.0368424
185	0.0348893
186	0.0339127
187	0.0335872
188	0.0326107
189	0.0316341
190	0.0300065
191	0.0280534
192	0.0261002
193	0.0264258
194	0.0264258
195	0.0264258
196	0.0267513
197	0.0277278
198	0.0267513
199	0.0261002
200	0.0254492
201	0.0244726
202	0.0238216
203	0.0218685
204	0.0218685
205	0.0205664
206	0.0199153
207	0.0186133
208	0.0173112
209	0.0166601
210	0.0143815
211	0.014707
212	0.0130794
213	0.0127539
214	0.0098242
215	0.00949868
216	0.00819659
217	0.00852211
218	0.00819659
219	0.00787107
220	0.00787107
221	0.00819659
222	0.00722003
223	0.00624347
224	0.00591795
225	0.00656899
226	0.00624347
227	0.00591795
228	0.00624347
229	0.00656899
230	0.00624347
231	0.00559243
232	0.00266274
233	0.00396482
234	0.0052669
235	0.00429034
236	0.00233722
237	0.00591795
238	0.00754555
239	0.00429034
240	0.00331378
241	0.00591795
242	0.00656899
243	0.00591795
244	0.0036393
245	0.00298826
246	0.00429034
247	0.0020117
248	0.00233722
249	0.000384092
250	0.000709613
251	0.00233722
252	0.00103513
253	0.000709613
254	0.00168618
255	0.00331378
256	0.0036393
257	0.00136065
258	0.00266274
259	0.00494138
260	0.0052669
261	0.00461586
262	0.00494138
263	0.0052669
264	0.00396482
265	0.0020117
266	0.00136065
267	0.00103513
268	0.00266274
269	0.0020117
270	0.00396482
271	0.00461586
272	0.0052669
273	0.00396482
274	0.00266274
275	0.0020117
276	0.00396482
277	0.00168618
278	0.00233722
279	0.0020117
280	0.0020117
281	5.85715e-05
282	-0.00189455
283	-0.0025456
284	-0.00124351
285	-0.00156903
286	-0.00319664
287	-0.00449872
288	-0.00124351
289	-0.000266949
290	-0.00156903
291	-0.00156903
292	5.85715e-05
293	0.00168618
294	-0.000266949
295	-0.00059247
296	0.000384092
297	0.00103513
298	0.00136065
299	-0.00189455
300	-0.00156903
301	0.00103513
302	0.00103513
303	-0.00222007
304	-0.00287112
305	-0.00352216
306	-0.00319664
307	-0.0041732
308	-0.000917991
309	-0.0025456
310	-0.00287112
311	-0.00287112
312	-0.00222007
313	-0.00156903
314	-0.0025456
315	-0.00352216
316	-0.0025456
317	-0.0025456
318	-0.00189455
319	-0.00222007
320	-0.00384768
321	-0.00319664
322	-0.00352216
323	-0.00449872
324	-0.00449872
325	-0.00612632
326	-0.00775393
327	-0.00775393
328	-0.00677737
329	-0.00873049
330	-0.00775393
331	-0.00677737
332	-0.00938153
333	-0.00873049
334	-0.00807945
335	-0.00775393
336	-0.00742841
337	-0.00775393
338	-0.00742841
339	-0.0058008
340	-0.00547528
341	-0.00449872
342	-0.00319664
343	-0.00222007
344	-0.00059247
345	-0.00059247
346	-0.00124351
347	-0.00124351
348	-0.00124351
349	-0.00124351
350	-0.00287112
351	-0.0041732
352	-0.00449872
353	-0.00547528
354	-0.00449872
355	-0.00384768
356	-0.0058008
357	-0.00547528
358	-0.0058008
359	-0.00677737
360	-0.00840497
361	-0.00742841
362	-0.00645185
363	-0.00645185
364	-0.00775393
365	-0.00807945
366	-0.00807945
367	-0.00938153
368	-0.0100326
369	-0.0103581
370	-0.0106836
371	-0.00938153
372	-0.00905601
373	-0.00938153
374	-0.0100326
375	-0.0106836
376	-0.00970705
377	-0.0100326
378	-0.0103581
379	-0.00873049
380	-0.00970705
381	-0.0103581
382	-0.0119857
383	-0.0103581
384	-0.0106836
385	-0.0106836
386	-0.0110091
387	-0.0116602
388	-0.0106836
389	-0.0100326
390	-0.00873049
391	-0.00677737
392	-0.00742841
393	-0.00840497
394	-0.00840497
395	-0.00905601
396	-0.00742841
397	-0.00905601
398	-0.00775393
399	-0.00840497
400	-0.00742841
401	-0.00775393
402	-0.00710289
403	-0.00905601
404	-0.0100326
405	-0.00905601
406	-0.00905601
407	-0.00905601
408	-0.0100326
409	-0.00905601
410	-0.0116602
411	-0.0116602
412	-0.0103581
413	-0.0106836
414	-0.0129623
415	-0.0129623
416	-0.0113347
417	-0.00905601
418	-0.00873049
419	-0.00840497
420	-0.00873049
421	-0.00677737
422	-0.00807945
423	-0.00938153
424	-0.00807945
425	-0.00547528
426	-0.00514976
427	-0.00514976
428	-0.00547528
429	-0.0058008
430	-0.00742841
431	-0.00873049
432	-0.00905601
433	-0.0110091
434	-0.00905601
435	-0.00970705
436	-0.0100326
437	-0.0110091
438	-0.0100326
439	-0.00905601
440	-0.0100326
441	-0.00970705
442	-0.0110091
443	-0.0106836
444	-0.0100326
445	-0.00775393
446	-0.00710289
447	-0.0058008
448	-0.00645185
449	-0.0041732
450	-0.00287112
451	-0.00287112
452	-0.00319664
453	-0.00189455
454	-0.00189455
455	-0.00124351
456	-0.00352216
457	-0.00645185
458	-0.0058008
459	-0.00449872
460	-0.00645185
461	-0.00905601
462	-0.00710289
463	-0.00449872
464	-0.00677737
465	-0.0113347
466	-0.00938153
467	-0.00710289
468	-0.00645185
469	-0.00807945
470	-0.00710289
471	-0.00775393
472	-0.00742841
473	-0.00807945
474	-0.00742841
475	-0.00710289
476	-0.00547528
477	-0.0058008
478	-0.00840497
479	-0.00742841
480	-0.00612632
481	-0.00612632
482	-0.00742841
483	-0.0058008
484	-0.00384768
485	-0.0041732
486	-0.00612632
487	-0.00514976
488	-0.00189455
489	-0.00124351
490	-0.00482424
491	-0.00612632
492	-0.00612632
493	-0.00319664
494	-0.00449872
495	-0.00319664
496	-0.00156903
497	-0.000266949
498	0.000709613
499	-0.000917991
500	5.85715e-05
501	5.85715e-05
502	-0.000266949
503	-0.000266949
504	0.000709613
505	0.00233722
506	0.00168618
507	0.00103513
508	0.00103513
509	0.00298826
510	0.00298826
511	0.00136065
512	5.85715e-05
513	-0.00059247
514	-0.000917991
515	-0.00124351
516	-0.00189455
517	-0.00222007
518	-0.00352216
519	-0.0041732
520	-0.0041732
521	-0.00547528
522	-0.0058008
523	-0.0041732
524	-0.00612632
525	-0.00514976
526	-0.00710289
527	-0.00677737
528	-0.00677737
529	-0.00742841
530	-0.00710289
531	-0.00352216
532	-0.00384768
533	-0.00222007
534	-0.000266949
535	-0.000266949
536	0.00168618
537	0.00136065
538	0.00233722
539	0.0020117
540	0.00331378
541	0.00168618
542	0.00233722
543	0.00266274
544	0.00168618
545	-0.00124351
546	-0.00059247
547	-0.00059247
548	-0.00189455
549	-0.0025456
550	-0.00222007
551	-0.00352216
552	-0.00384768
553	-0.00352216
554	-0.00547528
555	-0.0041732
556	-0.00319664
557	-0.00352216
558	-0.00449872
559	-0.0058008
560	-0.00612632
561	-0.0058008
562	-0.00547528
563	-0.00612632
564	-0.00645185
565	-0.00807945
566	-0.00742841
567	-0.00612632
568	-0.00710289
569	-0.00742841
570	-0.00905601
571	-0.00938153
572	-0.0110091
573	-0.00840497
574	-0.00710289
575	-0.00905601
576	-0.00905601
577	-0.00775393
578	-0.00742841
579	-0.0100326
580	-0.0103581
581	-0.00938153
582	-0.00905601
583	-0.00970705
584	-0.0100326
585	-0.00938153
586	-0.00970705
587	-0.0106836
588	-0.0103581
589	-0.0116602
590	-0.0129623
591	-0.0119857
592	-0.0139388
593	-0.0149154
594	-0.0132878
595	-0.0106836
596	-0.0132878
597	-0.0136133
598	-0.0132878
599	-0.0123112
600	-0.0123112
601	-0.0123112
602	-0.0116602
603	-0.0110091
604	-0.0123112
605	-0.0139388
606	-0.0139388
607	-0.0129623
608	-0.0123112
609	-0.0126367
610	-0.0142643
611	-0.0116602
612	-0.0136133
613	-0.0152409
614	-0.0155664
615	-0.0132878
616	-0.0136133
617	-0.0132878
618	-0.0145899
619	-0.0132878
620	-0.0132878
621	-0.0113347
622	-0.0123112
623	-0.0116602
624	-0.0116602
625	-0.0113347
626	-0.0123112
627	-0.0136133
628	-0.0132878
629	-0.0129623
630	-0.0113347
631	-0.0136133
632	-0.0136133
633	-0.0145899
634	-0.0149154
635	-0.0142643
636	-0.0139388
637	-0.0152409
638	-0.016543
639	-0.0155664
640	-0.0136133
641	-0.0103581
642	-0.0113347
643	-0.0110091
644	-0.0100326
645	-0.0106836
646	-0.00905601
647	-0.0103581
648	-0.0100326
649	-0.00970705
650	-0.00905601
651	-0.00938153
652	-0.0106836
653	-0.0100326
654	-0.0106836
655	-0.0119857
656	-0.0116602
657	-0.0123112
658	-0.0123112
659	-0.0132878
660	-0.0123112
661	-0.0129623
662	-0.0126367
663	-0.0126367
664	-0.0123112
665	-0.0110091
666	-0.0110091
667	-0.0110091
668	-0.0119857
669	-0.0142643
670	-0.0126367
671	-0.0132878
672	-0.0116602
673	-0.0113347
674	-0.0129623
675	-0.0129623
676	-0.0132878
677	-0.0142643
678	-0.0129623
679	-0.0110091
680	-0.0126367
681	-0.0132878
682	-0.0149154
683	-0.0158919
684	-0.0142643
685	-0.0132878
686	-0.0136133
687	-0.0132878
688	-0.0113347
689	-0.0119857
690	-0.0123112
691	-0.0129623
692	-0.0123112
693	-0.0116602
694	-0.0116602
695	-0.0106836
696	-0.0116602
697	-0.0116602
698	-0.0129623
699	-0.0113347
700	-0.0116602
701	-0.0100326
702	-0.00970705
703	-0.0100326
704	-0.00970705
705	-0.0106836
706	-0.00938153
707	-0.00970705
708	-0.00970705
709	-0.00840497
710	-0.00970705
711	-0.00970705
712	-0.00970705
713	-0.0100326
714	-0.0119857
715	-0.0126367
716	-0.0119857
717	-0.0123112
718	-0.0132878
719	-0.0116602
720	-0.0123112
721	-0.0119857
722	-0.0126367
723	-0.0126367
724	-0.0132878
725	-0.0126367
726	-0.0136133
727	-0.0136133
728	-0.0123112
729	-0.0139388
730	-0.0158919
731	-0.0145899
732	-0.0142643
733	-0.0145899
734	-0.0155664
735	-0.016543
736	-0.0168685
737	-0.0149154
738	-0.0119857
739	-0.0139388
740	-0.016543
741	-0.0132878
742	-0.0142643
743	-0.0149154
744	-0.0136133
745	-0.0113347
746	-0.0116602
747	-0.0162175
748	-0.0175196
749	-0.0139388
750	-0.0123112
751	-0.0149154
752	-0.0149154
753	-0.0145899
754	-0.0168685
755	-0.0152409
756	-0.0145899
757	-0.017194
758	-0.0168685
759	-0.0142643
760	-0.0145899
761	-0.0152409
762	-0.0149154
763	-0.0139388
764	-0.0139388
765	-0.0155664
766	-0.0129623
767	-0.0129623
768	-0.0136133
769	-0.0152409
770	-0.0129623
771	-0.0139388
772	-0.0149154
773	-0.0142643
774	-0.0132878
775	-0.0132878
776	-0.0136133
777	-0.0129623
778	-0.0142643
779	-0.0142643
780	-0.0155664
781	-0.0149154
782	-0.0142643
783	-0.0136133
784	-0.0136133
785	-0.0145899
786	-0.0155664
787	-0.0149154
788	-0.016543
789	-0.0158919
790	-0.0155664
791	-0.0142643
792	-0.0152409
793	-0.0155664
794	-0.0152409
795	-0.0142643
796	-0.0158919
797	-0.017194
798	-0.0162175
799	-0.0155664
800	-0.0152409
801	-0.0158919
802	-0.0152409
803	-0.0132878
804	-0.0136133
805	-0.0155664
806	-0.0155664
807	-0.0152409
808	-0.0142643
809	-0.0162175
810	-0.0168685
811	-0.0158919
812	-0.0149154
813	-0.0155664
814	-0.0168685
815	-0.0152409
816	-0.0142643
817	-0.0149154
818	-0.0145899
819	-0.0129623
820	-0.0113347
821	-0.0119857
822	-0.0129623
823	-0.0136133
824	-0.0113347
825	-0.0119857
826	-0.0126367
827	-0.0119857
828	-0.0132878
829	-0.0113347
830	-0.0113347
831	-0.0106836
832	-0.0100326
833	-0.00840497
834	-0.00807945
835	-0.00677737
836	-0.0058008
837	-0.0058008
838	-0.00547528
839	-0.00514976
840	-0.00449872
841	-0.00612632
842	-0.0058008
843	-0.00612632
844	-0.00742841
845	-0.00807945
846	-0.00775393
847	-0.00905601
848	-0.00905601
849	-0.00840497
850	-0.00873049
851	-0.00938153
852	-0.0110091
853	-0.00970705
854	-0.00840497
855	-0.00905601
856	-0.00775393
857	-0.00710289
858	-0.00775393
859	-0.00938153
860	-0.00905601
861	-0.00710289
862	-0.00710289
863	-0.00645185
864	-0.00547528
865	-0.00612632
866	-0.00449872
867	-0.0041732
868	-0.00547528
869	-0.00449872
870	-0.00319664
871	-0.00319664
872	-0.00384768
873	-0.00287112
874	-0.00319664
875	-0.00449872
876	-0.0058008
877	-0.00677737
878	-0.00449872
879	-0.00514976
880	-0.00547528
881	-0.00612632
882	-0.00547528
883	-0.00775393
884	-0.00840497
885	-0.00742841
886	-0.00905601
887	-0.00840497
888	-0.00905601
889	-0.00905601
890	-0.0100326
891	-0.0100326
892	-0.0103581
893	-0.0103581
894	-0.0100326
895	-0.0103581
896	-0.0106836
897	-0.00905601
898	-0.0119857
899	-0.0113347
900	-0.0113347
901	-0.00905601
902	-0.00775393
903	-0.00742841
904	-0.00645185
905	-0.00547528
906	-0.00547528
907	-0.0058008
908	-0.00645185
909	-0.00482424
910	-0.00514976
911	-0.00482424
912	-0.0041732
913	-0.00449872
914	-0.00514976
915	-0.00612632
916	-0.00645185
917	-0.00710289
918	-0.00775393
919	-0.00710289
920	-0.00514976
921	-0.0041732
922	-0.0058008
923	-0.00742841
924	-0.00645185
925	-0.00612632
926	-0.00612632
927	-0.00840497
928	-0.00677737
929	-0.00612632
930	-0.00612632
931	-0.00840497
932	-0.00970705
933	-0.00873049
934	-0.00970705
935	-0.00840497
936	-0.00873049
937	-0.00938153
938	-0.0113347
939	-0.0113347
940	-0.0106836
941	-0.0113347
942	-0.0106836
943	-0.0123112
944	-0.0113347
945	-0.0103581
946	-0.0110091
947	-0.0116602
948	-0.0113347
949	-0.0123112
950	-0.0123112
951	-0.0106836
952	-0.0106836
953	-0.0110091
954	-0.0116602
955	-0.0129623
956	-0.0152409
957	-0.0136133
958	-0.00938153
959	-0.00807945
960	-0.0110091
961	-0.0116602
962	-0.00742841
963	-0.00710289
964	-0.00938153
965	-0.00873049
966	-0.00612632
967	-0.00775393
968	-0.0103581
969	-0.00873049
970	-0.00645185
971	-0.00938153
972	-0.00970705
973	-0.00840497
974	-0.00840497
975	-0.00970705
976	-0.0103581
977	-0.0119857
978	-0.0126367
979	-0.0110091
980	-0.0100326
981	-0.0119857
982	-0.0116602
983	-0.00938153
984	-0.0106836
985	-0.0126367
986	-0.0110091
987	-0.00905601
988	-0.00840497
989	-0.0110091
990	-0.0132878
991	-0.0119857
992	-0.0110091
993	-0.0116602
994	-0.0123112
995	-0.0113347
996	-0.0100326
997	-0.0119857
998	-0.0129623
999	-0.0136133
1000	-0.0106836
1001	-0.0113347
1002	-0.0123112
1003	-0.0123112
1004	-0.0110091
1005	-0.0126367
1006	-0.0139388
1007	-0.0142643
1008	-0.0116602
1009	-0.0119857
1010	-0.0145899
1011	-0.0162175
1012	-0.0152409
1013	-0.0129623
1014	-0.0126367
1015	-0.0139388
1016	-0.0132878
1017	-0.0123112
1018	-0.0116602
1019	-0.0129623
1020	-0.0136133
1021	-0.0132878
1022	-0.0126367
1023	-0.0136133
