0	0.00116147
1	0.00107386
2	0.00107386
3	0.00150417
4	0.00199374
5	0.00148356
6	0.000857422
7	0.000548221
8	0.000573987
9	0.000336933
10	-0.000113987
11	0.000169448
12	0.000756932
13	0.000844539
14	0.000445153
15	-0.000106257
16	-0.000523679
17	-0.000472146
18	-0.000366502
19	-0.000276318
20	-9.595e-05
21	-0.000598403
22	-0.000688587
23	-0.000595826
24	0.000166872
25	0.000545644
26	0.000731165
27	0.000908956
28	0.00096049
29	0.000857422
30	0.000318896
31	-4.18396e-05
32	-8.34276e-06
33	6.38043e-05
34	-0.000789077
35	-0.00108282
36	-0.000897298
37	-0.000286624
38	0.000282822
39	-0.00010368
40	-0.000500489
41	-0.000832881
42	-0.000843188
43	-0.00123742
44	-0.00133533
45	-0.000845764
46	-0.000606133
47	-0.000884415
48	-0.00143067
49	-0.00209546
50	-0.00220625
51	-0.00194343
52	-0.00145128
53	-0.000894721
54	-0.00068601
55	-0.000956562
56	-0.000531409
57	0.000878036
58	0.00342895
59	0.0100484
60	0.0260187
61	0.0610771
62	0.131317
63	0.264017
64	0.50068
65	0.847797
66	1.27775
67	1.73889
68	2.17769
69	2.55405
70	2.84681
71	3.05253
72	3.17924
73	3.2419
74	3.25592
75	3.23591
76	3.19451
77	3.14185
78	3.08566
79	3.03055
80	2.97948
81	2.93439
82	2.89587
83	2.86302
84	2.83476
85	2.80966
86	2.78733
87	2.76675
88	2.74668
89	2.72665
90	2.70901
91	2.69663
92	2.6857
93	2.67089
94	2.65187
95	2.63218
96	2.61322
97	2.59537
98	2.57765
99	2.55953
100	2.54098
101	2.52212
102	2.50364
103	2.4851
104	2.46554
105	2.44566
106	2.42565
107	2.40655
108	2.38867
109	2.37123
110	2.35425
111	2.33718
112	2.31908
113	2.30067
114	2.28307
115	2.2666
116	2.24973
117	2.23114
118	2.21117
119	2.19066
120	2.17094
121	2.15184
122	2.13304
123	2.11447
124	2.09549
125	2.07649
126	2.05788
127	2.03916
128	2.02057
129	2.00271
130	1.98597
131	1.9698
132	1.95397
133	1.93813
134	1.9218
135	1.90545
136	1.8892
137	1.87274
138	1.8558
139	1.83893
140	1.8226
141	1.80811
142	1.79624
143	1.78821
144	1.78393
145	1.77268
146	1.7618
147	1.75049
148	1.73782
149	1.72424
150	1.7097
151	1.69431
152	1.67806
153	1.66166
154	1.64598
155	1.63027
156	1.61459
157	1.59945
158	1.58414
159	1.56915
160	1.55409
161	1.53908
162	1.52431
163	1.51017
164	1.49683
165	1.48497
166	1.47521
167	1.46658
168	1.45846
169	1.44982
170	1.4409
171	1.4314
172	1.41955
173	1.40748
174	1.39535
175	1.38287
176	1.37069
177	1.359
178	1.34767
179	1.3366
180	1.32593
181	1.31659
182	1.30839
183	1.29979
184	1.29044
185	1.28023
186	1.26991
187	1.25893
188	1.24777
189	1.23584
190	1.22383
191	1.21227
192	1.20141
193	1.19127
194	1.18178
195	1.17306
196	1.16516
197	1.15763
198	1.1504
199	1.1429
200	1.13466
201	1.12618
202	1.12014
203	1.12088
204	1.12262
205	1.11285
206	1.10286
207	1.09305
208	1.08334
209	1.07356
210	1.06411
211	1.05498
212	1.04576
213	1.03592
214	1.02598
215	1.01638
216	1.00741
217	0.998278
218	0.989036
219	0.980154
220	0.97189
221	0.963918
222	0.955668
223	0.948051
224	0.940705
225	0.933165
226	0.925149
227	0.91753
228	0.910073
229	0.901954
230	0.893265
231	0.88478
232	0.876628
233	0.868393
234	0.860248
235	0.852064
236	0.844424
237	0.836664
238	0.829469
239	0.821791
240	0.814167
241	0.806295
242	0.798949
243	0.79153
244	0.784615
245	0.77731
246	0.769966
247	0.762927
248	0.756418
249	0.750283
250	0.743954
251	0.737446
252	0.731473
253	0.726783
254	0.722282
255	0.717763
256	0.71322
257	0.708468
258	0.70383
259	0.698685
260	0.692944
261	0.686726
262	0.680231
263	0.67373
264	0.667275
265	0.660661
266	0.653959
267	0.647721
268	0.642513
269	0.637388
270	0.63275
271	0.628125
272	0.623618
273	0.618898
274	0.613915
275	0.609431
276	0.604909
277	0.600614
278	0.59628
279	0.591886
280	0.587179
281	0.582167
282	0.577096
283	0.572077
284	0.567328
285	0.564398
286	0.564679
287	0.568696
288	0.575898
289	0.571556
290	0.566936
291	0.562551
292	0.558212
293	0.553734
294	0.549322
295	0.545022
296	0.541131
297	0.537189
298	0.53313
299	0.52916
300	0.525831
301	0.522102
302	0.518065
303	0.513509
304	0.50893
305	0.50457
306	0.499976
307	0.495864
308	0.492012
309	0.488554
310	0.485374
311	0.482285
312	0.479072
313	0.475897
314	0.47297
315	0.469814
316	0.466366
317	0.463264
318	0.461228
319	0.461318
320	0.46348
321	0.46666
322	0.470038
323	0.471009
324	0.468342
325	0.465987
326	0.46321
327	0.460401
328	0.457657
329	0.454995
330	0.452331
331	0.449618
332	0.447087
333	0.444364
334	0.441802
335	0.4391
336	0.436149
337	0.432671
338	0.429172
339	0.426216
340	0.423299
341	0.420455
342	0.417842
343	0.414825
344	0.411629
345	0.408383
346	0.40534
347	0.402789
348	0.400403
349	0.397986
350	0.395301
351	0.392194
352	0.388666
353	0.385479
354	0.382948
355	0.380385
356	0.377249
357	0.373899
358	0.371034
359	0.368975
360	0.36669
361	0.364242
362	0.361428
363	0.358573
364	0.355958
365	0.35334
366	0.350743
367	0.348439
368	0.346785
369	0.34771
370	0.356213
371	0.367687
372	0.364901
373	0.36226
374	0.359928
375	0.35779
376	0.355496
377	0.353458
378	0.351255
379	0.348807
380	0.345826
381	0.343244
382	0.34091
383	0.339196
384	0.337728
385	0.335999
386	0.334185
387	0.332111
388	0.330276
389	0.327923
390	0.325816
391	0.323713
392	0.321175
393	0.318622
394	0.31648
395	0.314818
396	0.313022
397	0.31074
398	0.308972
399	0.307462
400	0.306083
401	0.304914
402	0.304416
403	0.304094
404	0.303715
405	0.302948
406	0.302236
407	0.301327
408	0.300111
409	0.298268
410	0.296617
411	0.295571
412	0.294074
413	0.292229
414	0.290528
415	0.289289
416	0.288039
417	0.286627
418	0.285303
419	0.283896
420	0.282437
421	0.280917
422	0.278887
423	0.2769
424	0.275202
425	0.272976
426	0.270633
427	0.268889
428	0.267495
429	0.267026
430	0.266413
431	0.264514
432	0.262053
433	0.2601
434	0.258809
435	0.257593
436	0.256524
437	0.254918
438	0.252831
439	0.250909
440	0.249389
441	0.247567
442	0.245436
443	0.243303
444	0.241213
445	0.239453
446	0.238281
447	0.237116
448	0.235356
449	0.233233
450	0.231321
451	0.229546
452	0.227747
453	0.226106
454	0.224923
455	0.223333
456	0.221911
457	0.220525
458	0.221238
459	0.224959
460	0.230533
461	0.236923
462	0.24254
463	0.242053
464	0.240244
465	0.238278
466	0.236894
467	0.235335
468	0.234155
469	0.232785
470	0.231306
471	0.230115
472	0.229368
473	0.228703
474	0.228311
475	0.227528
476	0.227095
477	0.226456
478	0.225552
479	0.224601
480	0.223235
481	0.221566
482	0.220226
483	0.218664
484	0.21667
485	0.215124
486	0.214361
487	0.213305
488	0.212336
489	0.210983
490	0.209507
491	0.207979
492	0.20685
493	0.206384
494	0.205351
495	0.203776
496	0.20181
497	0.200169
498	0.199275
499	0.198074
500	0.196598
501	0.195683
502	0.194959
503	0.19373
504	0.192377
505	0.191037
506	0.189574
507	0.188383
508	0.187383
509	0.186293
510	0.18532
511	0.184106
512	0.183026
513	0.181532
514	0.180017
515	0.178855
516	0.178337
517	0.177961
518	0.177157
519	0.176234
520	0.175288
521	0.174642
522	0.174152
523	0.173663
524	0.173379
525	0.173026
526	0.172274
527	0.171452
528	0.170692
529	0.170145
530	0.169787
531	0.169329
532	0.168808
533	0.168027
534	0.167239
535	0.166391
536	0.165507
537	0.16442
538	0.163691
539	0.162266
540	0.161313
541	0.160612
542	0.16012
543	0.159545
544	0.158164
545	0.156559
546	0.154734
547	0.153531
548	0.152338
549	0.151173
550	0.150465
551	0.150004
552	0.149076
553	0.147728
554	0.146587
555	0.145721
556	0.144657
557	0.143276
558	0.142328
559	0.141805
560	0.141629
561	0.140823
562	0.139627
563	0.138468
564	0.137084
565	0.135461
566	0.13419
567	0.133425
568	0.132825
569	0.131998
570	0.131204
571	0.129795
572	0.12879
573	0.127968
574	0.127146
575	0.126494
576	0.125984
577	0.125492
578	0.125448
579	0.125358
580	0.12477
581	0.124306
582	0.123894
583	0.123018
584	0.12199
585	0.121047
586	0.120184
587	0.11881
588	0.117486
589	0.116416
590	0.115497
591	0.115002
592	0.115174
593	0.114953
594	0.114396
595	0.113564
596	0.112665
597	0.11193
598	0.111902
599	0.113196
600	0.116932
601	0.123502
602	0.131998
603	0.137105
604	0.136332
605	0.135677
606	0.135345
607	0.134363
608	0.133294
609	0.132701
610	0.132454
611	0.132557
612	0.132392
613	0.131761
614	0.130941
615	0.130544
616	0.130513
617	0.130392
618	0.129787
619	0.128962
620	0.128919
621	0.129086
622	0.12887
623	0.128225
624	0.127999
625	0.127568
626	0.127192
627	0.126772
628	0.126535
629	0.125847
630	0.125043
631	0.124175
632	0.123319
633	0.122598
634	0.121856
635	0.121614
636	0.12132
637	0.120902
638	0.120297
639	0.118754
640	0.118058
641	0.117986
642	0.118009
643	0.117944
644	0.117597
645	0.11728
646	0.116664
647	0.115826
648	0.115375
649	0.114744
650	0.114396
651	0.113989
652	0.11308
653	0.112317
654	0.11191
655	0.111977
656	0.11209
657	0.111541
658	0.111062
659	0.110116
660	0.109333
661	0.109001
662	0.108599
663	0.108576
664	0.109444
665	0.110413
666	0.111498
667	0.112456
668	0.11342
669	0.114742
670	0.116873
671	0.119617
672	0.122482
673	0.12435
674	0.12569
675	0.126893
676	0.12822
677	0.129006
678	0.128493
679	0.127584
680	0.127027
681	0.126442
682	0.125798
683	0.125133
684	0.124345
685	0.12318
686	0.122132
687	0.121683
688	0.12106
689	0.119663
690	0.118707
691	0.118738
692	0.119622
693	0.121214
694	0.123381
695	0.123188
696	0.12283
697	0.12267
698	0.122392
699	0.121972
700	0.12165
701	0.12081
702	0.120294
703	0.119519
704	0.118821
705	0.11871
706	0.118555
707	0.117865
708	0.1168
709	0.116563
710	0.116156
711	0.115499
712	0.114796
713	0.11428
714	0.114157
715	0.114268
716	0.11443
717	0.113701
718	0.11293
719	0.113085
720	0.113389
721	0.113332
722	0.112922
723	0.112889
724	0.11428
725	0.116679
726	0.119212
727	0.121936
728	0.124069
729	0.125548
730	0.12654
731	0.12722
732	0.127445
733	0.12745
734	0.127862
735	0.127883
736	0.127298
737	0.126481
738	0.125883
739	0.125229
740	0.125435
741	0.125561
742	0.125327
743	0.125169
744	0.125687
745	0.126504
746	0.127138
747	0.127086
748	0.126587
749	0.125945
750	0.125025
751	0.124275
752	0.12376
753	0.122899
754	0.122147
755	0.121444
756	0.120704
757	0.119874
758	0.119086
759	0.118413
760	0.117651
761	0.117303
762	0.117568
763	0.118596
764	0.120078
765	0.122
766	0.124286
767	0.126113
768	0.127141
769	0.127463
770	0.127285
771	0.12729
772	0.126592
773	0.125267
774	0.123577
775	0.121753
776	0.12041
777	0.119107
778	0.118156
779	0.116991
780	0.115734
781	0.114592
782	0.113974
783	0.114525
784	0.115432
785	0.116002
786	0.11629
787	0.117329
788	0.119393
789	0.122544
790	0.127156
791	0.133057
792	0.13998
793	0.146025
794	0.150117
795	0.152436
796	0.153753
797	0.154484
798	0.154361
799	0.153204
800	0.15157
801	0.149875
802	0.148262
803	0.146948
804	0.146048
805	0.144443
806	0.142382
807	0.140671
808	0.139295
809	0.138429
810	0.137795
811	0.137233
812	0.136651
813	0.135623
814	0.134409
815	0.133654
816	0.133487
817	0.133082
818	0.132299
819	0.131212
820	0.129712
821	0.128339
822	0.127659
823	0.126571
824	0.124984
825	0.123899
826	0.123054
827	0.122459
828	0.12241
829	0.122309
830	0.122467
831	0.121598
832	0.120975
833	0.120423
834	0.120343
835	0.1204
836	0.120619
837	0.120328
838	0.119101
839	0.117844
840	0.116514
841	0.115574
842	0.114641
843	0.113899
844	0.112987
845	0.112013
846	0.111508
847	0.111567
848	0.111838
849	0.112046
850	0.112477
851	0.113026
852	0.112984
853	0.112966
854	0.112917
855	0.115659
856	0.122196
857	0.134007
858	0.139869
859	0.139635
860	0.139967
861	0.143103
862	0.153057
863	0.165239
864	0.163748
865	0.162168
866	0.160882
867	0.160114
868	0.159323
869	0.158816
870	0.158571
871	0.15805
872	0.157399
873	0.156468
874	0.156401
875	0.156365
876	0.15553
877	0.15433
878	0.15342
879	0.153003
880	0.152281
881	0.151725
882	0.150885
883	0.149792
884	0.148486
885	0.147551
886	0.146826
887	0.147228
888	0.151078
889	0.161364
890	0.172194
891	0.171511
892	0.170846
893	0.169785
894	0.168422
895	0.167236
896	0.166265
897	0.165299
898	0.164951
899	0.164369
900	0.163753
901	0.162678
902	0.161622
903	0.160903
904	0.160393
905	0.159942
906	0.158599
907	0.1577
908	0.157525
909	0.157664
910	0.157419
911	0.156731
912	0.155935
913	0.15567
914	0.155435
915	0.155268
916	0.154724
917	0.154451
918	0.155286
919	0.156468
920	0.15762
921	0.159336
922	0.160859
923	0.161356
924	0.161073
925	0.160872
926	0.161001
927	0.161418
928	0.162828
929	0.166958
930	0.173585
931	0.181014
932	0.184724
933	0.183601
934	0.182882
935	0.182684
936	0.183616
937	0.186208
938	0.192679
939	0.205668
940	0.21078
941	0.209996
942	0.209527
943	0.208976
944	0.208378
945	0.207525
946	0.20668
947	0.205735
948	0.204683
949	0.203998
950	0.20398
951	0.203408
952	0.202372
953	0.201022
954	0.199636
955	0.198873
956	0.198976
957	0.198396
958	0.197432
959	0.196641
960	0.196363
961	0.196283
962	0.195704
963	0.194753
964	0.193786
965	0.193552
966	0.194217
967	0.195021
968	0.195322
969	0.195155
970	0.194812
971	0.194657
972	0.195539
973	0.196136
974	0.195951
975	0.195917
976	0.196345
977	0.195533
978	0.194219
979	0.193235
980	0.192882
981	0.192367
982	0.191382
983	0.190282
984	0.189684
985	0.189486
986	0.189033
987	0.188561
988	0.187922
989	0.18701
990	0.186224
991	0.185554
992	0.184954
993	0.184021
994	0.183101
995	0.181898
996	0.180748
997	0.180553
998	0.180233
999	0.18004
1000	0.180122
1001	0.179731
1002	0.178759
1003	0.178033
1004	0.178512
1005	0.180254
1006	0.181369
1007	0.181223
1008	0.181089
1009	0.180919
1010	0.18122
1011	0.181424
1012	0.181457
1013	0.181063
1014	0.180215
1015	0.179342
1016	0.178762
1017	0.178633
1018	0.177819
1019	0.176554
1020	0.175245
1021	0.174384
1022	0.173987
1023	0.173451
