0	-4.76167e-05
1	-1.92732e-05
2	5.80272e-05
3	0.000212628
4	0.000106984
5	0.000194591
6	0.000235818
7	0.000150788
8	0.000269315
9	0.000269315
10	8.89474e-05
11	0.000101831
12	0.000228088
13	0.000392996
14	0.000210051
15	0.000184285
16	0.000189438
17	0.000212628
18	0.000122444
19	-8.88436e-05
20	1.68003e-05
21	-0.000148107
22	-0.000246021
23	-0.000310438
24	-0.000166144
25	-0.000256328
26	-0.000132647
27	-6.56535e-05
28	-0.000160991
29	9.07029e-06
30	0.000114714
31	0.000150788
32	0.000173978
33	9.41008e-05
34	0.000125021
35	0.000217782
36	0.000240972
37	0.000240972
38	0.000184285
39	9.66775e-05
40	-0.000248598
41	-0.000418659
42	-0.00054234
43	-0.000382585
44	-0.000346512
45	-0.000313015
46	-0.000246021
47	-0.000426389
48	-0.000274365
49	-5.27701e-05
50	-4.24634e-05
51	-5.79234e-05
52	-2.95799e-05
53	-3.47333e-05
54	-8.6267e-05
55	3.74138e-05
56	0.000307965
57	0.000743425
58	0.00141852
59	0.00300317
60	0.00764893
61	0.0197619
62	0.0519601
63	0.130778
64	0.290411
65	0.550821
66	0.898514
67	1.28983
68	1.67249
69	1.99748
70	2.23218
71	2.37107
72	2.43227
73	2.44245
74	2.42308
75	2.38888
76	2.34872
77	2.30819
78	2.27081
79	2.23839
80	2.21133
81	2.18947
82	2.17185
83	2.15723
84	2.14412
85	2.13201
86	2.12053
87	2.10929
88	2.09771
89	2.08571
90	2.0732
91	2.06107
92	2.04876
93	2.03638
94	2.02386
95	2.01146
96	1.99899
97	1.98622
98	1.97312
99	1.95984
100	1.94649
101	1.93297
102	1.91971
103	1.90606
104	1.89175
105	1.87724
106	1.86288
107	1.84865
108	1.83481
109	1.82101
110	1.80643
111	1.79111
112	1.77543
113	1.7595
114	1.74426
115	1.72937
116	1.71406
117	1.69908
118	1.68436
119	1.66989
120	1.65548
121	1.64123
122	1.62654
123	1.61121
124	1.59587
125	1.58074
126	1.56579
127	1.55105
128	1.53646
129	1.52186
130	1.50754
131	1.49358
132	1.48008
133	1.46644
134	1.45239
135	1.43807
136	1.42477
137	1.41237
138	1.40072
139	1.38933
140	1.37808
141	1.36654
142	1.35449
143	1.34214
144	1.33005
145	1.31776
146	1.30564
147	1.29387
148	1.28275
149	1.27169
150	1.26
151	1.24831
152	1.23677
153	1.22513
154	1.21367
155	1.202
156	1.19027
157	1.17872
158	1.16749
159	1.15649
160	1.14594
161	1.13604
162	1.12632
163	1.11735
164	1.10822
165	1.09933
166	1.09033
167	1.08107
168	1.07173
169	1.06184
170	1.05174
171	1.0414
172	1.031
173	1.02059
174	1.01029
175	0.999927
176	0.989602
177	0.979594
178	0.96955
179	0.959362
180	0.949545
181	0.940099
182	0.93107
183	0.922044
184	0.912866
185	0.903641
186	0.894728
187	0.886264
188	0.87806
189	0.869807
190	0.86185
191	0.853824
192	0.845957
193	0.838624
194	0.831332
195	0.824254
196	0.817191
197	0.809914
198	0.802545
199	0.795495
200	0.788716
201	0.782117
202	0.776598
203	0.772759
204	0.771024
205	0.770398
206	0.769265
207	0.767322
208	0.763905
209	0.759293
210	0.753284
211	0.746252
212	0.738597
213	0.730527
214	0.722598
215	0.714665
216	0.706752
217	0.699024
218	0.691588
219	0.684757
220	0.678274
221	0.672013
222	0.665687
223	0.65958
224	0.653345
225	0.647148
226	0.640655
227	0.634275
228	0.627689
229	0.621513
230	0.615527
231	0.609649
232	0.603391
233	0.597462
234	0.591306
235	0.585627
236	0.579899
237	0.574532
238	0.568961
239	0.563462
240	0.558051
241	0.552527
242	0.546781
243	0.54121
244	0.535936
245	0.530726
246	0.525784
247	0.520891
248	0.515966
249	0.510955
250	0.506167
251	0.501403
252	0.496409
253	0.491784
254	0.48718
255	0.482622
256	0.47796
257	0.473183
258	0.468692
259	0.464183
260	0.459906
261	0.455451
262	0.451287
263	0.447146
264	0.443003
265	0.43897
266	0.435396
267	0.431683
268	0.428272
269	0.424657
270	0.420923
271	0.417122
272	0.413664
273	0.409972
274	0.406169
275	0.402556
276	0.398952
277	0.395504
278	0.392299
279	0.389091
280	0.385901
281	0.382466
282	0.379328
283	0.376091
284	0.372736
285	0.369402
286	0.366333
287	0.363942
288	0.361927
289	0.360088
290	0.358356
291	0.356498
292	0.354756
293	0.35277
294	0.35067
295	0.348796
296	0.346642
297	0.344661
298	0.342638
299	0.340337
300	0.337918
301	0.335253
302	0.332612
303	0.329989
304	0.327176
305	0.324241
306	0.321491
307	0.318758
308	0.316129
309	0.313766
310	0.31144
311	0.309113
312	0.306802
313	0.304248
314	0.301679
315	0.298963
316	0.296338
317	0.293692
318	0.291311
319	0.288984
320	0.286943
321	0.284696
322	0.282321
323	0.280009
324	0.277502
325	0.275196
326	0.272777
327	0.270764
328	0.268641
329	0.266399
330	0.264219
331	0.262122
332	0.259942
333	0.257453
334	0.254979
335	0.252341
336	0.249854
337	0.247267
338	0.24482
339	0.242173
340	0.23954
341	0.237064
342	0.234889
343	0.232526
344	0.230357
345	0.228458
346	0.226662
347	0.224912
348	0.223565
349	0.221792
350	0.220171
351	0.218473
352	0.216912
353	0.215304
354	0.213812
355	0.21224
356	0.210527
357	0.208646
358	0.206922
359	0.205311
360	0.203369
361	0.201299
362	0.199285
363	0.19778
364	0.196125
365	0.194082
366	0.1924
367	0.190547
368	0.188973
369	0.187177
370	0.185383
371	0.184165
372	0.18344
373	0.184489
374	0.188486
375	0.195505
376	0.203724
377	0.212034
378	0.21039
379	0.208888
380	0.207326
381	0.205868
382	0.204835
383	0.203448
384	0.20233
385	0.201106
386	0.199952
387	0.198736
388	0.197331
389	0.196004
390	0.194567
391	0.193167
392	0.191717
393	0.190163
394	0.188584
395	0.187282
396	0.186231
397	0.185386
398	0.184255
399	0.183288
400	0.182567
401	0.182227
402	0.182132
403	0.181931
404	0.181807
405	0.181583
406	0.181103
407	0.180207
408	0.179011
409	0.177826
410	0.176571
411	0.175844
412	0.174803
413	0.173786
414	0.172763
415	0.171531
416	0.170155
417	0.168565
418	0.166986
419	0.165342
420	0.16401
421	0.162693
422	0.16143
423	0.160271
424	0.159261
425	0.158277
426	0.157509
427	0.156543
428	0.155378
429	0.154151
430	0.152793
431	0.151454
432	0.149869
433	0.14865
434	0.147529
435	0.146578
436	0.145581
437	0.144646
438	0.143502
439	0.142698
440	0.141469
441	0.14024
442	0.138861
443	0.137975
444	0.136898
445	0.135854
446	0.134752
447	0.133834
448	0.132886
449	0.13194
450	0.13091
451	0.129809
452	0.128632
453	0.127488
454	0.126416
455	0.12545
456	0.124471
457	0.1236
458	0.122556
459	0.122121
460	0.121652
461	0.121358
462	0.121196
463	0.121263
464	0.122103
465	0.122806
466	0.123208
467	0.123265
468	0.122914
469	0.122229
470	0.121479
471	0.120389
472	0.119531
473	0.11873
474	0.117818
475	0.117016
476	0.116398
477	0.115743
478	0.114875
479	0.114169
480	0.113424
481	0.112765
482	0.112087
483	0.111402
484	0.110698
485	0.109928
486	0.108848
487	0.107714
488	0.106838
489	0.10606
490	0.104903
491	0.103808
492	0.102687
493	0.10185
494	0.100945
495	0.100268
496	0.0994613
497	0.0985723
498	0.0976267
499	0.0970598
500	0.0964491
501	0.0958307
502	0.0953025
503	0.0945501
504	0.0933906
505	0.0925738
506	0.0917905
507	0.0912674
508	0.0907907
509	0.090229
510	0.0895745
511	0.0890257
512	0.088549
513	0.0873818
514	0.0866139
515	0.0859595
516	0.0853694
517	0.0846041
518	0.0838749
519	0.0828829
520	0.0822748
521	0.0817414
522	0.0811539
523	0.0805974
524	0.0802109
525	0.0799996
526	0.0797496
527	0.0792008
528	0.0784871
529	0.0778068
530	0.0772193
531	0.0764077
532	0.0756836
533	0.075006
534	0.0745628
535	0.0739624
536	0.0734368
537	0.0729498
538	0.0722953
539	0.0716176
540	0.0709039
541	0.0700562
542	0.0695383
543	0.0690203
544	0.0686338
545	0.0682448
546	0.0676444
547	0.0669564
548	0.0663097
549	0.0655805
550	0.0648204
551	0.0642303
552	0.0635707
553	0.0631996
554	0.0629729
555	0.0625039
556	0.0616639
557	0.0611357
558	0.0606977
559	0.0600844
560	0.0595304
561	0.0590666
562	0.0585229
563	0.0578942
564	0.057518
565	0.0570955
566	0.0566652
567	0.0561472
568	0.0556448
569	0.0552325
570	0.0548924
571	0.0546167
572	0.0541452
573	0.0536066
574	0.0530578
575	0.0527563
576	0.0521895
577	0.0517617
578	0.051486
579	0.0511536
580	0.0508084
581	0.05061
582	0.050445
583	0.0500328
584	0.0498344
585	0.0494942
586	0.049252
587	0.0488372
588	0.0487212
589	0.0485512
590	0.0485306
591	0.0480539
592	0.0478246
593	0.047317
594	0.0467604
595	0.0464228
596	0.0461755
597	0.0457684
598	0.0456756
599	0.0455055
600	0.0454875
601	0.0456292
602	0.0458534
603	0.0460235
604	0.0462373
605	0.0463945
606	0.0464357
607	0.0461729
608	0.0459307
609	0.0456241
610	0.0454463
611	0.0454154
612	0.0453071
613	0.0451139
614	0.0447274
615	0.0444671
616	0.0441992
617	0.0440008
618	0.0437173
619	0.0435705
620	0.0435447
621	0.0432355
622	0.0429959
623	0.042697
624	0.0422306
625	0.0419549
626	0.0416457
627	0.0411123
628	0.0404578
629	0.0399116
630	0.0396384
631	0.0396101
632	0.0392983
633	0.0390097
634	0.0385691
635	0.0382367
636	0.0379997
637	0.0379275
638	0.0377059
639	0.0373529
640	0.0370231
641	0.0367139
642	0.0363326
643	0.0362063
644	0.036147
645	0.0359873
646	0.0358301
647	0.0355389
648	0.0353148
649	0.0350442
650	0.034869
651	0.0346809
652	0.0345083
653	0.0345418
654	0.0342764
655	0.0339543
656	0.0336013
657	0.0330885
658	0.0327793
659	0.0325603
660	0.0321712
661	0.0318929
662	0.0318929
663	0.031795
664	0.0319007
665	0.0318826
666	0.032148
667	0.0322176
668	0.0323593
669	0.0327329
670	0.0328669
671	0.0332534
672	0.0337842
673	0.0344335
674	0.0351524
675	0.0353534
676	0.0354874
677	0.035441
678	0.0353689
679	0.0351653
680	0.0345624
681	0.034181
682	0.0336837
683	0.0331942
684	0.0330344
685	0.0325835
686	0.032398
687	0.0324186
688	0.0323181
689	0.0321016
690	0.0319625
691	0.0321171
692	0.0323696
693	0.0325706
694	0.0328051
695	0.0331066
696	0.0333281
697	0.033408
698	0.0336502
699	0.0335034
700	0.0332612
701	0.0329597
702	0.0327793
703	0.0326608
704	0.0324263
705	0.0321094
706	0.0318053
707	0.031795
708	0.0317461
709	0.0313596
710	0.0312977
711	0.0309731
712	0.0307025
713	0.0305144
714	0.0302877
715	0.0300403
716	0.0298599
717	0.0296409
718	0.0293936
719	0.0290122
720	0.02877
721	0.0285329
722	0.0282237
723	0.0280846
724	0.0278321
725	0.0276208
726	0.0277032
727	0.0277728
728	0.028082
729	0.0283629
730	0.0290251
731	0.0297156
732	0.0302129
733	0.0307592
734	0.0310839
735	0.0312926
736	0.0312668
737	0.0311689
738	0.0312385
739	0.0316945
740	0.0324237
741	0.0338461
742	0.0354256
743	0.0366263
744	0.0375256
745	0.0381543
746	0.0383913
747	0.038296
748	0.0381568
749	0.0380461
750	0.0379275
751	0.0377059
752	0.0373632
753	0.0372112
754	0.0370051
755	0.0366443
756	0.0361702
757	0.0359126
758	0.0355853
759	0.0354178
760	0.0350751
761	0.0352993
762	0.0372834
763	0.0427433
764	0.0514783
765	0.0620221
766	0.0716176
767	0.0712492
768	0.071177
769	0.0710018
770	0.0706694
771	0.0705792
772	0.0704324
773	0.0703989
774	0.0702726
775	0.0702288
776	0.0700278
777	0.0699299
778	0.0699943
779	0.069765
780	0.0696722
781	0.0694558
782	0.0691672
783	0.0688374
784	0.0685153
785	0.0680412
786	0.0674486
787	0.0671033
788	0.0672605
789	0.0691028
790	0.0749982
791	0.0851323
792	0.0975494
793	0.105163
794	0.105336
795	0.105148
796	0.105073
797	0.104983
798	0.104733
799	0.104488
800	0.104468
801	0.104365
802	0.10413
803	0.103888
804	0.103664
805	0.103084
806	0.102716
807	0.102324
808	0.102069
809	0.101729
810	0.101291
811	0.101036
812	0.100569
813	0.100196
814	0.0996751
815	0.0992474
816	0.0990387
817	0.0986007
818	0.0982038
819	0.0977632
820	0.0974618
821	0.0970392
822	0.0966321
823	0.0962971
824	0.0960059
825	0.0955421
826	0.0948825
827	0.0943234
828	0.0941559
829	0.0942796
830	0.0941765
831	0.0943981
832	0.0946635
833	0.0950088
834	0.0954339
835	0.0957173
836	0.0960497
837	0.0962919
838	0.0962378
839	0.0960807
840	0.0956684
841	0.0955344
842	0.0950886
843	0.0947794
844	0.0945321
845	0.0941018
846	0.0937153
847	0.0936792
848	0.0935942
849	0.0937204
850	0.0934988
851	0.0934189
852	0.0931355
853	0.092816
854	0.0921564
855	0.0917029
856	0.0910716
857	0.0906284
858	0.0905769
859	0.0911721
860	0.0931845
861	0.0967918
862	0.101337
863	0.105663
864	0.108624
865	0.109951
866	0.110299
867	0.111569
868	0.114287
869	0.118039
870	0.122386
871	0.125857
872	0.127993
873	0.129294
874	0.129549
875	0.129024
876	0.127812
877	0.126256
878	0.124468
879	0.12285
880	0.121464
881	0.120358
882	0.11916
883	0.118274
884	0.117439
885	0.116921
886	0.116344
887	0.11588
888	0.115571
889	0.116333
890	0.120582
891	0.129299
892	0.141005
893	0.148184
894	0.146919
895	0.145981
896	0.145375
897	0.144893
898	0.14412
899	0.143319
900	0.142185
901	0.141314
902	0.140531
903	0.13982
904	0.139165
905	0.138756
906	0.138403
907	0.137777
908	0.136965
909	0.135883
910	0.134929
911	0.134004
912	0.133239
913	0.132247
914	0.131381
915	0.130554
916	0.130062
917	0.130572
918	0.132476
919	0.136326
920	0.14099
921	0.145576
922	0.148655
923	0.150132
924	0.150054
925	0.148988
926	0.148037
927	0.147109
928	0.145968
929	0.144806
930	0.143368
931	0.142252
932	0.14201
933	0.142577
934	0.143466
935	0.144113
936	0.144504
937	0.144285
938	0.144046
939	0.143912
940	0.144574
941	0.147952
942	0.155218
943	0.164958
944	0.175311
945	0.175661
946	0.174744
947	0.174257
948	0.173675
949	0.172737
950	0.172039
951	0.171212
952	0.170632
953	0.169836
954	0.168975
955	0.168341
956	0.167419
957	0.166612
958	0.165785
959	0.165228
960	0.164342
961	0.16351
962	0.162855
963	0.162211
964	0.161497
965	0.160791
966	0.159683
967	0.158699
968	0.158009
969	0.157352
970	0.156867
971	0.156388
972	0.155821
973	0.155056
974	0.154283
975	0.153257
976	0.152469
977	0.151758
978	0.150943
979	0.150085
980	0.1494
981	0.148704
982	0.14807
983	0.147596
984	0.147037
985	0.146432
986	0.145911
987	0.145643
988	0.145226
989	0.144721
990	0.143726
991	0.142755
992	0.141886
993	0.140992
994	0.139969
995	0.13881
996	0.138119
997	0.13731
998	0.136929
999	0.136493
1000	0.13588
1001	0.135269
1002	0.134556
1003	0.133757
1004	0.132778
1005	0.131791
1006	0.130941
1007	0.129925
1008	0.129346
1009	0.128771
1010	0.128701
1011	0.128495
1012	0.128315
1013	0.128166
1014	0.127243
1015	0.126225
1016	0.125347
1017	0.124156
1018	0.123074
1019	0.121945
1020	0.121041
1021	0.12008
1022	0.119392
1023	0.118529
