0	0.000208092
1	0.000264779
2	8.95649e-05
3	0.000259626
4	0.00041165
5	0.000391037
6	0.00038073
7	0.000347233
8	0.000293123
9	0.000561098
10	0.000666742
11	0.000782692
12	0.000852263
13	0.000659012
14	0.000584288
15	0.00041165
16	0.000409073
17	0.000367847
18	0.000308583
19	0.000156559
20	4.31846e-05
21	0.000174595
22	0.000110178
23	7.15281e-05
24	-7.01894e-05
25	-0.000214484
26	-0.000142337
27	-0.000142337
28	-0.000144913
29	-0.00024025
30	-0.000204177
31	-0.00017841
32	-0.000294361
33	-0.000356201
34	-0.000358778
35	-0.000433502
36	-0.000513379
37	-0.000503072
38	-0.000412888
39	-0.000394851
40	-0.000376815
41	-0.000600986
42	-0.000577796
43	-0.000410311
44	-0.000425772
45	-0.000394851
46	-0.000407735
47	-0.000369085
48	-0.000387121
49	-0.000250557
50	-0.000379391
51	-0.000469575
52	-0.000474729
53	-0.000363931
54	-0.000204177
55	-0.00010111
56	0.000295699
57	0.000671895
58	0.000713122
59	0.00155312
60	0.00550833
61	0.0192627
62	0.0573409
63	0.140869
64	0.286284
65	0.486881
66	0.720999
67	0.963003
68	1.18825
69	1.3775
70	1.52079
71	1.61737
72	1.67273
73	1.69558
74	1.69581
75	1.68173
76	1.65909
77	1.63301
78	1.60648
79	1.58213
80	1.56109
81	1.54321
82	1.52841
83	1.51647
84	1.5068
85	1.49859
86	1.49183
87	1.4862
88	1.4813
89	1.47621
90	1.47065
91	1.46456
92	1.45798
93	1.45118
94	1.44413
95	1.43646
96	1.42804
97	1.41845
98	1.40813
99	1.39736
100	1.38667
101	1.37617
102	1.3662
103	1.35696
104	1.34789
105	1.33909
106	1.3303
107	1.32116
108	1.31187
109	1.30272
110	1.29297
111	1.28286
112	1.27254
113	1.26205
114	1.25163
115	1.24104
116	1.23045
117	1.2205
118	1.2107
119	1.20081
120	1.19069
121	1.18089
122	1.17125
123	1.16184
124	1.15222
125	1.14229
126	1.13209
127	1.12173
128	1.11148
129	1.10135
130	1.09118
131	1.08171
132	1.07266
133	1.06337
134	1.05409
135	1.04419
136	1.03439
137	1.02489
138	1.01567
139	1.00669
140	0.998871
141	0.992761
142	0.987631
143	0.981903
144	0.976
145	0.969844
146	0.964165
147	0.959133
148	0.954281
149	0.948971
150	0.943374
151	0.936881
152	0.929277
153	0.9209
154	0.912475
155	0.903402
156	0.894258
157	0.885417
158	0.876579
159	0.867926
160	0.859382
161	0.850562
162	0.842152
163	0.833968
164	0.826553
165	0.819438
166	0.812631
167	0.806181
168	0.799613
169	0.792571
170	0.784952
171	0.777621
172	0.770796
173	0.763772
174	0.756683
175	0.749507
176	0.74222
177	0.735135
178	0.728028
179	0.721053
180	0.714248
181	0.708015
182	0.702295
183	0.696373
184	0.690125
185	0.683712
186	0.676992
187	0.670349
188	0.663838
189	0.657597
190	0.651289
191	0.644513
192	0.637934
193	0.63165
194	0.626424
195	0.622286
196	0.618903
197	0.61544
198	0.611134
199	0.60603
200	0.600593
201	0.595648
202	0.590632
203	0.585422
204	0.580307
205	0.576037
206	0.57244
207	0.568794
208	0.564728
209	0.560613
210	0.556161
211	0.551244
212	0.546251
213	0.54076
214	0.535037
215	0.529538
216	0.524334
217	0.519471
218	0.514187
219	0.50883
220	0.503571
221	0.498693
222	0.494094
223	0.489468
224	0.48497
225	0.480476
226	0.475673
227	0.470782
228	0.465949
229	0.460996
230	0.456252
231	0.452016
232	0.447747
233	0.44364
234	0.439478
235	0.435935
236	0.432537
237	0.428973
238	0.424863
239	0.420529
240	0.416324
241	0.412402
242	0.408689
243	0.40484
244	0.401032
245	0.397094
246	0.393005
247	0.389277
248	0.3857
249	0.382485
250	0.378808
251	0.375025
252	0.371106
253	0.367427
254	0.364139
255	0.36123
256	0.35865
257	0.356432
258	0.354486
259	0.351907
260	0.349194
261	0.346287
262	0.343381
263	0.340042
264	0.336509
265	0.3332
266	0.329683
267	0.326468
268	0.323352
269	0.320521
270	0.318021
271	0.315385
272	0.312505
273	0.309814
274	0.307235
275	0.30445
276	0.301757
277	0.29925
278	0.297014
279	0.294939
280	0.292914
281	0.290505
282	0.288111
283	0.285679
284	0.283184
285	0.280196
286	0.277374
287	0.274491
288	0.272043
289	0.270262
290	0.268959
291	0.267642
292	0.266562
293	0.265441
294	0.264158
295	0.262445
296	0.260538
297	0.25843
298	0.256289
299	0.254176
300	0.2518
301	0.249608
302	0.247209
303	0.244833
304	0.242249
305	0.239734
306	0.237204
307	0.235062
308	0.233235
309	0.231934
310	0.23096
311	0.229991
312	0.228613
313	0.227036
314	0.225637
315	0.223977
316	0.222553
317	0.221151
318	0.219752
319	0.218221
320	0.216314
321	0.214454
322	0.212568
323	0.210878
324	0.209159
325	0.207603
326	0.206026
327	0.204325
328	0.202436
329	0.20045
330	0.198507
331	0.196304
332	0.19432
333	0.192336
334	0.190581
335	0.188448
336	0.186397
337	0.184773
338	0.182861
339	0.180862
340	0.179081
341	0.177396
342	0.175842
343	0.174181
344	0.17232
345	0.170594
346	0.168945
347	0.167316
348	0.166118
349	0.165056
350	0.164036
351	0.162877
352	0.161537
353	0.160339
354	0.159138
355	0.157734
356	0.156659
357	0.155484
358	0.154118
359	0.152678
360	0.15114
361	0.149527
362	0.147955
363	0.146473
364	0.145311
365	0.144139
366	0.142912
367	0.1415
368	0.13989
369	0.138725
370	0.137566
371	0.13694
372	0.138202
373	0.142109
374	0.148648
375	0.156618
376	0.163858
377	0.166644
378	0.165247
379	0.162871
380	0.159094
381	0.156239
382	0.154394
383	0.153093
384	0.151851
385	0.150694
386	0.149699
387	0.148991
388	0.14805
389	0.147442
390	0.146844
391	0.146046
392	0.145082
393	0.144288
394	0.143562
395	0.142557
396	0.141691
397	0.14072
398	0.139818
399	0.139011
400	0.138215
401	0.137674
402	0.137218
403	0.136832
404	0.136393
405	0.136064
406	0.135626
407	0.135185
408	0.134662
409	0.134165
410	0.133441
411	0.132729
412	0.132124
413	0.131583
414	0.130869
415	0.130573
416	0.129905
417	0.128942
418	0.127259
419	0.125012
420	0.123059
421	0.121593
422	0.120761
423	0.120008
424	0.11914
425	0.118078
426	0.116996
427	0.11602
428	0.115015
429	0.114028
430	0.11308
431	0.112139
432	0.111147
433	0.110153
434	0.109385
435	0.108833
436	0.107934
437	0.107006
438	0.106197
439	0.105342
440	0.10445
441	0.103237
442	0.102294
443	0.101637
444	0.101201
445	0.10057
446	0.0996371
447	0.0988873
448	0.0983926
449	0.0978128
450	0.0972073
451	0.0964214
452	0.095517
453	0.0948625
454	0.0941178
455	0.0936489
456	0.0928527
457	0.0921956
458	0.0916365
459	0.0910439
460	0.090276
461	0.0894386
462	0.0886888
463	0.0883332
464	0.0882868
465	0.0882559
466	0.0886424
467	0.0893613
468	0.0899926
469	0.0905929
470	0.0908764
471	0.0908893
472	0.0908197
473	0.090629
474	0.0902631
475	0.0896009
476	0.0889928
477	0.0881915
478	0.087537
479	0.0868413
480	0.0862487
481	0.0859317
482	0.0855117
483	0.0848341
484	0.0841719
485	0.0835792
486	0.0829222
487	0.0821311
488	0.0815823
489	0.0808505
490	0.0800749
491	0.0793225
492	0.0787711
493	0.0779852
494	0.0774673
495	0.0769546
496	0.0762821
497	0.0759677
498	0.075321
499	0.0746587
500	0.0738316
501	0.0732235
502	0.0726051
503	0.0720486
504	0.0713683
505	0.0705592
506	0.069861
507	0.0690055
508	0.0682402
509	0.0675471
510	0.0671348
511	0.0665654
512	0.0661454
513	0.0658826
514	0.065308
515	0.0649653
516	0.0643932
517	0.0639191
518	0.0633291
519	0.0627931
520	0.0624633
521	0.0618114
522	0.0613708
523	0.0607653
524	0.0602396
525	0.0598299
526	0.0594306
527	0.0587452
528	0.0582453
529	0.0575702
530	0.0573331
531	0.056993
532	0.0567456
533	0.0562587
534	0.0560319
535	0.0556738
536	0.0553233
537	0.054723
538	0.0543596
539	0.0539371
540	0.0534939
541	0.0529631
542	0.0524581
543	0.0521308
544	0.0515974
545	0.0507961
546	0.0503117
547	0.0499509
548	0.0493944
549	0.0488558
550	0.048289
551	0.0475237
552	0.0471217
553	0.0469671
554	0.0467198
555	0.0465858
556	0.046207
557	0.0457844
558	0.045501
559	0.0452511
560	0.0450063
561	0.0447873
562	0.0444987
563	0.0441869
564	0.043736
565	0.043584
566	0.0432206
567	0.0427311
568	0.0424605
569	0.0422003
570	0.0422054
571	0.0418499
572	0.0415484
573	0.0413603
574	0.0411258
575	0.0408346
576	0.0403786
577	0.0402008
578	0.0397962
579	0.0394355
580	0.0391753
581	0.0389794
582	0.038647
583	0.0385672
584	0.0382837
585	0.0380029
586	0.0378354
587	0.0376267
588	0.0371886
589	0.0368665
590	0.0363151
591	0.0359621
592	0.0356864
593	0.03547
594	0.0351943
595	0.0348567
596	0.0345037
597	0.0342899
598	0.0340322
599	0.0343002
600	0.0349572
601	0.036578
602	0.0382631
603	0.0400333
604	0.0415819
605	0.0429578
606	0.0438236
607	0.04387
608	0.0439112
609	0.0435221
610	0.0428805
611	0.0422827
612	0.0416978
613	0.041198
614	0.0408836
615	0.0404456
616	0.0400745
617	0.039938
618	0.0397885
619	0.0395283
620	0.0391572
621	0.0390232
622	0.0388532
623	0.0386084
624	0.0384847
625	0.0383301
626	0.0380699
627	0.0377297
628	0.0374669
629	0.0371964
630	0.0371268
631	0.0368975
632	0.0366965
633	0.0366424
634	0.0364904
635	0.0364311
636	0.0361992
637	0.0360111
638	0.035908
639	0.0358668
640	0.0358359
641	0.0356813
642	0.0356813
643	0.0355292
644	0.03505
645	0.0349804
646	0.0347717
647	0.0345604
648	0.034411
649	0.0342589
650	0.0342847
651	0.0339961
652	0.033607
653	0.0332515
654	0.0329165
655	0.0326846
656	0.0325429
657	0.0322028
658	0.0320275
659	0.0317106
660	0.0314761
661	0.0313963
662	0.0312056
663	0.0312829
664	0.0313447
665	0.031605
666	0.0316385
667	0.0316462
668	0.0314916
669	0.0315277
670	0.0314169
671	0.0309144
672	0.0305382
673	0.0307109
674	0.0314607
675	0.0328186
676	0.0345218
677	0.0361812
678	0.0373922
679	0.0382348
680	0.0385826
681	0.0386342
682	0.0385903
683	0.0384847
684	0.0381188
685	0.0377761
686	0.0374643
687	0.0369825
688	0.0366578
689	0.0365264
690	0.0364259
691	0.0368743
692	0.0376215
693	0.0389717
694	0.0404043
695	0.0417726
696	0.0428676
697	0.0435994
698	0.0438004
699	0.0438906
700	0.0437386
701	0.0434706
702	0.043133
703	0.0427465
704	0.0421642
705	0.041417
706	0.0411155
707	0.0406517
708	0.0404121
709	0.0401518
710	0.039907
711	0.0394664
712	0.0390155
713	0.0386934
714	0.0384048
715	0.0381162
716	0.0379384
717	0.0376035
718	0.0372737
719	0.0370933
720	0.0368923
721	0.0367223
722	0.036511
723	0.0365831
724	0.0367532
725	0.036931
726	0.0369954
727	0.0369464
728	0.0366913
729	0.0365625
730	0.0366192
731	0.0366656
732	0.036511
733	0.0364646
734	0.0361373
735	0.0359029
736	0.0357792
737	0.0359054
738	0.0363048
739	0.0367996
740	0.0373561
741	0.037771
742	0.0382631
743	0.0387011
744	0.0390181
745	0.0391108
746	0.0390103
747	0.0389691
748	0.038933
749	0.0387553
750	0.0385594
751	0.0380647
752	0.0376267
753	0.0371319
754	0.0369078
755	0.0367686
756	0.0365032
757	0.0360832
758	0.0359364
759	0.036042
760	0.0361966
761	0.0364852
762	0.0367583
763	0.0367274
764	0.036815
765	0.0368923
766	0.036949
767	0.0369825
768	0.0365445
769	0.0360704
770	0.0358771
771	0.0357251
772	0.0353824
773	0.0348593
774	0.0343156
775	0.0338158
776	0.0335684
777	0.0334679
778	0.0336277
779	0.033674
780	0.0337823
781	0.0338441
782	0.0338518
783	0.0338441
784	0.0336869
785	0.0333958
786	0.0332154
787	0.0333726
788	0.0337436
789	0.0345115
790	0.0354416
791	0.0366759
792	0.037722
793	0.038477
794	0.0390078
795	0.0393659
796	0.0393891
797	0.039201
798	0.0389717
799	0.0387604
800	0.0383198
801	0.0379951
802	0.0376189
803	0.0372453
804	0.0370186
805	0.0367351
806	0.0365342
807	0.0362739
808	0.0363254
809	0.0362353
810	0.0359183
811	0.0358694
812	0.035622
813	0.0351891
814	0.0349005
815	0.0345347
816	0.0342486
817	0.0336225
818	0.0331355
819	0.0327464
820	0.0323625
821	0.0320945
822	0.0319039
823	0.0317338
824	0.0316101
825	0.0317158
826	0.0316745
827	0.0320353
828	0.032329
829	0.0325171
830	0.0325764
831	0.0326021
832	0.0326872
833	0.0327439
834	0.0326846
835	0.032798
836	0.0325893
837	0.0326717
838	0.0326794
839	0.0327104
840	0.032834
841	0.0327902
842	0.0326717
843	0.0327439
844	0.0324836
845	0.0323187
846	0.031891
847	0.0316153
848	0.0313756
849	0.0310639
850	0.0309582
851	0.0307985
852	0.0305846
853	0.0305949
854	0.0306284
855	0.0305949
856	0.0304893
857	0.0304712
858	0.0305253
859	0.0312313
860	0.0323239
861	0.0334628
862	0.034545
863	0.0355911
864	0.0369593
865	0.0387939
866	0.0411232
867	0.043803
868	0.0465136
869	0.0486471
870	0.0499947
871	0.050474
872	0.0505101
873	0.0500514
874	0.0494227
875	0.0485879
876	0.048003
877	0.0472763
878	0.0468125
879	0.0462199
880	0.0458102
881	0.0453464
882	0.0450501
883	0.0446275
884	0.0443312
885	0.0442848
886	0.044241
887	0.0440271
888	0.044241
889	0.0460833
890	0.0497422
891	0.0547333
892	0.0601701
893	0.0647643
894	0.0680032
895	0.0697476
896	0.0703737
897	0.0705077
898	0.0701444
899	0.0694538
900	0.0683819
901	0.067091
902	0.065831
903	0.0646148
904	0.0635635
905	0.0626463
906	0.061966
907	0.0610487
908	0.0601804
909	0.059446
910	0.0589977
911	0.0586653
912	0.0582582
913	0.0578639
914	0.0575367
915	0.0574749
916	0.0574594
917	0.0575882
918	0.0579077
919	0.0580572
920	0.0583045
921	0.0583612
922	0.0582942
923	0.058302
924	0.0580443
925	0.0577145
926	0.0572507
927	0.0565318
928	0.0560242
929	0.0552074
930	0.0544369
931	0.0538546
932	0.0535712
933	0.0531666
934	0.053079
935	0.0535866
936	0.0543725
937	0.0561917
938	0.0602267
939	0.0666143
940	0.0741821
941	0.0821131
942	0.0891912
943	0.0942029
944	0.0964343
945	0.0961869
946	0.0956226
947	0.0949372
948	0.0937107
949	0.0928836
950	0.0923477
951	0.0916777
952	0.0909614
953	0.0900364
954	0.0888743
955	0.0865682
956	0.0838678
957	0.0819404
958	0.0809458
959	0.0805258
960	0.0800466
961	0.0792349
962	0.0783099
963	0.0775472
964	0.0771246
965	0.0767355
966	0.0762408
967	0.076179
968	0.0760347
969	0.0757848
970	0.0755039
971	0.0750324
972	0.0745608
973	0.0740867
974	0.0733807
975	0.0728886
976	0.0721851
977	0.0717316
978	0.0712859
979	0.0708813
980	0.0706082
981	0.0703428
982	0.0698661
983	0.0692219
984	0.0689205
985	0.0686345
986	0.0684129
987	0.0679671
988	0.0674337
989	0.0668153
990	0.0662381
991	0.0659908
992	0.0654858
993	0.0650606
994	0.0650065
995	0.064924
996	0.0646793
997	0.0645272
998	0.064182
999	0.0637851
1000	0.0634064
1001	0.0628756
1002	0.0622958
1003	0.0615769
1004	0.0610874
1005	0.0604252
1006	0.0598609
1007	0.0593945
1008	0.0586679
1009	0.0580443
1010	0.0573512
1011	0.0569466
1012	0.0565266
1013	0.0562432
1014	0.0559082
1015	0.0552383
1016	0.0546895
1017	0.0540298
1018	0.0534861
1019	0.0529322
1020	0.0522725
1021	0.0517572
1022	0.0510177
1023	0.0502627
