0	0.000580893
1	0.000727764
2	0.000513899
3	0.000346415
4	3.71593e-06
5	-7.35845e-05
6	6.55563e-05
7	7.5863e-05
8	1.40227e-05
9	0.000251077
10	0.000330955
11	0.000410832
12	0.000305188
13	8.10164e-05
14	0.000111937
15	3.72128e-05
16	-0.000207572
17	-0.000297756
18	-0.000156038
19	-1.17442e-05
20	-2.72043e-05
21	2.43294e-05
22	0.000135127
23	0.000106783
24	-7.35845e-05
25	-0.000210149
26	-0.000295179
27	-0.000246222
28	-0.000143155
29	-0.000207572
30	-0.000148308
31	-5.03944e-05
32	-7.35845e-05
33	-0.000271989
34	-0.000532234
35	-0.000542541
36	-0.000194689
37	0.00014028
38	2.94828e-05
39	-7.35845e-05
40	2.17527e-05
41	0.000230464
42	0.000356721
43	0.000199544
44	-0.000145732
45	-0.000400823
46	-0.000491007
47	-0.00046524
48	-0.000112235
49	0.000351568
50	0.000287151
51	0.00016347
52	7.07097e-05
53	0.000343838
54	0.000513899
55	0.00122249
56	0.0028458
57	0.00657168
58	0.0158709
59	0.0397645
60	0.0893399
61	0.172608
62	0.285858
63	0.41621
64	0.550785
65	0.680284
66	0.800174
67	0.907099
68	0.999983
69	1.07807
70	1.14192
71	1.19266
72	1.23087
73	1.25861
74	1.278
75	1.29197
76	1.30327
77	1.31385
78	1.32489
79	1.33642
80	1.3478
81	1.35777
82	1.36538
83	1.36984
84	1.37141
85	1.37159
86	1.37128
87	1.37181
88	1.37382
89	1.37723
90	1.38047
91	1.38226
92	1.38109
93	1.37655
94	1.36934
95	1.36031
96	1.35119
97	1.3437
98	1.33827
99	1.33503
100	1.33306
101	1.33023
102	1.32494
103	1.31631
104	1.30496
105	1.29228
106	1.27983
107	1.26963
108	1.26228
109	1.25753
110	1.25387
111	1.24947
112	1.24221
113	1.23139
114	1.21796
115	1.20312
116	1.18947
117	1.1784
118	1.17111
119	1.16598
120	1.16138
121	1.15515
122	1.14609
123	1.13414
124	1.11995
125	1.10567
126	1.09301
127	1.08381
128	1.07774
129	1.07375
130	1.06941
131	1.06286
132	1.05284
133	1.03925
134	1.02378
135	1.00897
136	0.996858
137	0.988769
138	0.984129
139	0.981341
140	0.977947
141	0.971616
142	0.961122
143	0.947241
144	0.931335
145	0.916182
146	0.903734
147	0.895553
148	0.891456
149	0.889781
150	0.888183
151	0.884123
152	0.875671
153	0.862605
154	0.847328
155	0.832017
156	0.819533
157	0.810916
158	0.806606
159	0.804951
160	0.803676
161	0.800107
162	0.793132
163	0.782269
164	0.768906
165	0.755523
166	0.743714
167	0.734649
168	0.729228
169	0.726226
170	0.723943
171	0.720673
172	0.714711
173	0.705677
174	0.694273
175	0.681675
176	0.670191
177	0.661075
178	0.654898
179	0.651247
180	0.648645
181	0.645408
182	0.640224
183	0.632489
184	0.62253
185	0.611386
186	0.60084
187	0.592056
188	0.585766
189	0.581953
190	0.579324
191	0.576735
192	0.573099
193	0.56766
194	0.559896
195	0.551104
196	0.542104
197	0.534487
198	0.528698
199	0.525361
200	0.523784
201	0.522833
202	0.521135
203	0.51745
204	0.511277
205	0.50325
206	0.494425
207	0.485863
208	0.478991
209	0.474355
210	0.471928
211	0.470405
212	0.468445
213	0.465069
214	0.459929
215	0.453
216	0.445631
217	0.438764
218	0.432747
219	0.428498
220	0.426432
221	0.425842
222	0.424968
223	0.422791
224	0.418488
225	0.412291
226	0.405043
227	0.398075
228	0.391914
229	0.387343
230	0.384362
231	0.382363
232	0.380562
233	0.377781
234	0.373489
235	0.367317
236	0.359729
237	0.352548
238	0.346449
239	0.3422
240	0.339969
241	0.338755
242	0.337209
243	0.334686
244	0.330937
245	0.325655
246	0.319468
247	0.313622
248	0.308824
249	0.305523
250	0.303545
251	0.30204
252	0.300628
253	0.298417
254	0.29481
255	0.289898
256	0.284189
257	0.279012
258	0.274874
259	0.272534
260	0.271522
261	0.271076
262	0.270293
263	0.268159
264	0.264402
265	0.259612
266	0.254423
267	0.249607
268	0.246085
269	0.244085
270	0.242944
271	0.242016
272	0.241047
273	0.239316
274	0.235974
275	0.23157
276	0.226881
277	0.222322
278	0.218787
279	0.216468
280	0.215115
281	0.214688
282	0.214072
283	0.212611
284	0.210562
285	0.208483
286	0.206752
287	0.206015
288	0.206594
289	0.207981
290	0.210593
291	0.213582
292	0.215994
293	0.217434
294	0.217579
295	0.216527
296	0.214327
297	0.21167
298	0.20954
299	0.208318
300	0.208091
301	0.165813
302	0.165406
303	0.207223
304	0.205522
305	0.20301
306	0.200454
307	0.197782
308	0.195345
309	0.193384
310	0.192049
311	0.191325
312	0.190998
313	0.191078
314	0.19132
315	0.191614
316	0.191863
317	0.192332
318	0.192327
319	0.192211
320	0.192186
321	0.192116
322	0.191979
323	0.191346
324	0.190346
325	0.18932
326	0.18806
327	0.186282
328	0.184541
329	0.183327
330	0.182134
331	0.18124
332	0.180389
333	0.179645
334	0.178761
335	0.177305
336	0.174963
337	0.172294
338	0.169503
339	0.167071
340	0.165087
341	0.163061
342	0.161348
343	0.160031
344	0.158534
345	0.157274
346	0.156318
347	0.155177
348	0.153803
349	0.152409
350	0.150995
351	0.149575
352	0.147828
353	0.14596
354	0.144267
355	0.142553
356	0.140974
357	0.138848
358	0.137117
359	0.135571
360	0.133744
361	0.131809
362	0.129727
363	0.127864
364	0.126287
365	0.12623
366	0.129954
367	0.140358
368	0.1548
369	0.113844
370	0.113378
371	0.112813
372	0.111899
373	0.110288
374	0.108474
375	0.106647
376	0.105127
377	0.103568
378	0.102455
379	0.101435
380	0.100708
381	0.0995822
382	0.0981959
383	0.0962608
384	0.0940603
385	0.0917413
386	0.0897238
387	0.088134
388	0.0873996
389	0.0874666
390	0.0878222
391	0.088067
392	0.0879278
393	0.0869667
394	0.0851502
395	0.0832048
396	0.0811537
397	0.0793063
398	0.0774871
399	0.0760133
400	0.0751114
401	0.0744286
402	0.0735474
403	0.0725837
404	0.0715736
405	0.0703368
406	0.0690356
407	0.0676854
408	0.066495
409	0.0653535
410	0.064614
411	0.0639106
412	0.0632458
413	0.0623672
414	0.0613751
415	0.0597982
416	0.0582496
417	0.0569613
418	0.0558095
419	0.0546629
420	0.0538461
421	0.0534364
422	0.0531401
423	0.0525886
424	0.0515605
425	0.0503444
426	0.0492905
427	0.0482418
428	0.0473528
429	0.0468581
430	0.0464871
431	0.0458274
432	0.0450338
433	0.0439465
434	0.0424855
435	0.0411018
436	0.0394811
437	0.0376619
438	0.0364792
439	0.0360128
440	0.0357964
441	0.03617
442	0.0369997
443	0.0378114
444	0.0377779
445	0.0366441
446	0.0349538
447	0.0332043
448	0.0316093
449	0.0303673
450	0.0294681
451	0.028994
452	0.0285147
453	0.0280509
454	0.0273526
455	0.0260823
456	0.0246523
457	0.022828
458	0.021184
459	0.0199988
460	0.0195324
461	0.0193005
462	0.0190995
463	0.0190274
464	0.0188058
465	0.0182106
466	0.0172804
467	0.0162214
468	0.0149691
469	0.014093
470	0.0136782
471	0.013101
472	0.012967
473	0.0126578
474	0.0120111
475	0.0111736
476	0.0102976
477	0.00947302
478	0.00916124
479	0.0092875
480	0.00965081
481	0.00979253
482	0.00952456
483	0.00897572
484	0.00807904
485	0.00722616
486	0.00669021
487	0.00657168
488	0.00660517
489	0.00638873
490	0.00607695
491	0.00552039
492	0.0051107
493	0.00456702
494	0.00412641
495	0.00374506
496	0.00337917
497	0.00319622
498	0.00278138
499	0.00263451
500	0.00249279
501	0.00227377
502	0.00173525
503	0.00111427
504	0.00024077
505	-0.000506468
506	-0.00112745
507	-0.00153714
508	-0.0016634
509	-0.00127947
510	-0.00106818
511	-0.00117641
512	-0.00148561
513	-0.00186953
514	-0.00232045
515	-0.00285383
516	-0.00316045
517	-0.0035418
518	-0.00402879
519	-0.00430707
520	-0.00437922
521	-0.0048018
522	-0.00530167
523	-0.00590204
524	-0.00659259
525	-0.00744032
526	-0.00787062
527	-0.00847614
528	-0.00816179
529	-0.00790154
530	-0.00754339
531	-0.00720842
532	-0.0071775
533	-0.00746093
534	-0.00786032
535	-0.0082159
536	-0.00862302
537	-0.00905332
538	-0.0093316
539	-0.00957896
540	-0.00984436
541	-0.0104009
542	-0.0109678
543	-0.0116558
544	-0.0122613
545	-0.0131013
546	-0.014034
547	-0.0148148
548	-0.0148277
549	-0.014552
550	-0.0143072
551	-0.0140521
552	-0.0136063
553	-0.0138099
554	-0.013998
555	-0.0142969
556	-0.0143999
557	-0.01457
558	-0.0146473
559	-0.0149513
560	-0.0151188
561	-0.0154409
562	-0.0159305
563	-0.0165721
564	-0.0175151
565	-0.0184067
566	-0.0192467
567	-0.0198573
568	-0.0203186
569	-0.0202773
570	-0.0198908
571	-0.0195404
572	-0.0192931
573	-0.0190663
574	-0.018922
575	-0.0189452
576	-0.0194039
577	-0.0199012
578	-0.0200223
579	-0.0202877
580	-0.0203933
581	-0.0208829
582	-0.0212281
583	-0.0215399
584	-0.0223078
585	-0.0232251
586	-0.0240986
587	-0.025088
588	-0.0255157
589	-0.0255982
590	-0.0252297
591	-0.0244129
592	-0.0238538
593	-0.0235987
594	-0.0234054
595	-0.0233951
596	-0.0235214
597	-0.0238357
598	-0.024297
599	-0.0244928
600	-0.0244258
601	-0.0245727
602	-0.0247015
603	-0.0250416
604	-0.025526
605	-0.0262114
606	-0.026853
607	-0.0272164
608	-0.0274199
609	-0.0274483
610	-0.0276827
611	-0.0280538
612	-0.0284094
613	-0.0289376
614	-0.0291927
615	-0.0292829
616	-0.0292159
617	-0.0289556
618	-0.0283759
619	-0.0282444
620	-0.0284892
621	-0.0289221
622	-0.0292287
623	-0.0299244
624	-0.0309757
625	-0.0311896
626	0.00952198
627	-0.000253952
628	-0.0110734
629	-0.0229391
630	-0.031589
631	-0.0319858
632	-0.0324213
633	-0.0330989
634	-0.0333308
635	-0.0336658
636	-0.0339466
637	-0.0340987
638	-0.034127
639	-0.0338307
640	-0.0338436
641	-0.0341554
642	-0.0344594
643	-0.0346475
644	-0.0347531
645	-0.034833
646	-0.0349593
647	-0.0348047
648	-0.034681
649	-0.035052
650	-0.0353149
651	-0.035825
652	-0.0360982
653	-0.0361626
654	-0.0365852
655	-0.0368196
656	-0.0369897
657	-0.0368815
658	-0.0367475
659	-0.037152
660	-0.0373814
661	-0.037639
662	-0.0378503
663	-0.0384378
664	-0.0384765
665	-0.0384713
666	-0.0383605
667	-0.0382136
668	-0.0379147
669	-0.0371237
670	-0.0361368
671	-0.0350263
672	-0.0287701
673	-0.0207102
674	-0.0137712
675	-0.00809995
676	-0.00352118
677	0.000439176
678	0.00339463
679	0.00503598
680	0.00516996
681	0.00474739
682	0.0033869
683	0.00152396
684	-0.000653337
685	-0.00225088
686	-0.00348511
687	-0.00426842
688	-0.00464977
689	-0.00476057
690	-0.00490229
691	-0.00497186
692	-0.00578609
693	-0.00646118
694	-0.00716204
695	-0.00770314
696	-0.00853798
697	-0.00915124
698	-0.00921823
699	-0.00931099
700	-0.00954804
701	-0.00980056
702	-0.00995516
703	-0.0101458
704	-0.0107076
705	-0.0117125
706	-0.012099
707	-0.0120062
708	-0.0118207
709	-0.0112126
710	-0.0105761
711	-0.0100505
712	-0.0100479
713	-0.0107179
714	-0.011295
715	-0.0120964
716	-0.0126864
717	-0.0130652
718	-0.0137145
719	-0.0139129
720	-0.013712
721	-0.0136939
722	-0.013815
723	-0.0140959
724	-0.0142505
725	-0.0143948
726	-0.0144051
727	-0.0137094
728	-0.0127637
729	-0.0120268
730	-0.0119315
731	-0.0124468
732	-0.0117485
733	-0.0081386
734	-0.00112745
735	0.00886235
736	0.0201482
737	-0.0213183
738	-0.0208339
739	-0.0200815
740	-0.0191333
741	-0.0179686
742	-0.0171596
743	-0.0168297
744	-0.016737
745	-0.0166726
746	-0.0163969
747	-0.0162448
748	-0.0161109
749	-0.0157913
750	-0.0151214
751	-0.0151343
752	-0.0157424
753	-0.0160387
754	-0.0160877
755	-0.0162861
756	-0.0168091
757	-0.0168401
758	-0.0161444
759	-0.0153585
760	-0.0149101
761	-0.0149204
762	-0.0147607
763	-0.0146988
764	-0.014552
765	-0.0145983
766	-0.0146138
767	-0.0141448
768	-0.013864
769	-0.0138743
770	-0.013864
771	-0.0140031
772	-0.0144566
773	-0.0153868
774	-0.0159459
775	-0.0162345
776	-0.0167318
777	-0.0172652
778	-0.0176002
779	-0.0177316
780	-0.0179583
781	-0.0184608
782	-0.0190148
783	-0.0192879
784	-0.0192931
785	-0.0193472
786	-0.0194915
787	-0.0195095
788	-0.0191951
789	-0.018904
790	-0.0188499
791	-0.0187107
792	-0.018502
793	-0.0179944
794	-0.0176826
795	-0.0175203
796	-0.0172884
797	-0.0169637
798	-0.016554
799	-0.016451
800	-0.0166339
801	-0.0169612
802	-0.0171493
803	-0.0171931
804	-0.0171828
805	-0.0169972
806	-0.0169509
807	-0.0168091
808	-0.0171699
809	-0.0177239
810	-0.0179867
811	-0.0180279
812	-0.0182031
813	-0.0182005
814	-0.0180485
815	-0.0175177
816	-0.0173142
817	-0.0173657
818	-0.0174688
819	-0.0174739
820	-0.017863
821	-0.0182392
822	-0.017948
823	-0.0175461
824	-0.0167911
825	-0.0162088
826	-0.0158686
827	-0.0155981
828	-0.0155517
829	-0.0155955
830	-0.015544
831	-0.0150183
832	-0.0145906
833	-0.0145082
834	-0.0144824
835	-0.0148071
836	-0.0152812
837	-0.0159047
838	-0.0163763
839	-0.0163273
840	-0.016134
841	-0.0157501
842	-0.0158635
843	-0.016201
844	-0.016402
845	-0.0164484
846	-0.016603
847	-0.0168401
848	-0.0170204
849	-0.0171415
850	-0.0174043
851	-0.0177805
852	-0.0177574
853	-0.017881
854	-0.0181439
855	-0.0185432
856	-0.0190972
857	-0.0190199
858	-0.0188524
859	-0.0188241
860	-0.0184917
861	-0.0182701
862	-0.0181851
863	-0.0186051
864	-0.0191075
865	-0.0195147
866	-0.0197466
867	-0.0196306
868	-0.0197337
869	-0.0196306
870	-0.0195481
871	-0.0194374
872	-0.0195636
873	-0.0200377
874	-0.0206973
875	-0.0213931
876	-0.0218826
877	-0.022081
878	-0.0218002
879	-0.0214085
880	-0.0211689
881	-0.0211843
882	-0.0213261
883	-0.0218594
884	-0.0227793
885	-0.0235807
886	-0.0240264
887	-0.0241037
888	-0.0239594
889	-0.0232508
890	-0.0224856
891	-0.0219573
892	-0.021728
893	-0.0220166
894	-0.0223438
895	-0.0229159
896	-0.023542
897	-0.0237198
898	-0.0237378
899	-0.0235755
900	-0.0232663
901	-0.0230576
902	-0.0230164
903	-0.0234853
904	-0.0242764
905	-0.0248664
906	-0.0253534
907	-0.0256085
908	-0.0257141
909	-0.0261032
910	-0.0262192
911	-0.0261986
912	-0.0265232
913	-0.0270721
914	-0.0275822
915	-0.0280409
916	-0.0281852
917	-0.0285511
918	-0.0286567
919	-0.0282986
920	-0.0279816
921	-0.028028
922	-0.0283217
923	-0.0286722
924	-0.0292442
925	-0.0300404
926	-0.0305635
927	-0.0312695
928	-0.0313133
929	-0.0314344
930	-0.0317152
931	-0.0316534
932	-0.0315014
933	-0.031455
934	-0.0311973
935	-0.0305712
936	-0.0298059
937	-0.0286851
938	-0.0275874
939	-0.0260311
940	-0.0245237
941	-0.0231246
942	0.0130366
943	0.00271439
944	-0.00777013
945	-0.0167164
946	-0.019056
947	-0.0189349
948	-0.0191565
949	-0.0190663
950	-0.0190019
951	-0.0192338
952	-0.0194812
953	-0.0195894
954	-0.0196821
955	-0.0197723
956	-0.020182
957	-0.0206458
958	-0.0209627
959	-0.0212075
960	-0.0212848
961	-0.0214807
962	-0.0216816
963	-0.0215786
964	-0.0214987
965	-0.021509
966	-0.0215038
967	-0.0212797
968	-0.0213673
969	-0.0217821
970	-0.0222459
971	-0.0224984
972	-0.0225964
973	-0.0228798
974	-0.0230859
975	-0.0230499
976	-0.0230267
977	-0.0230937
978	-0.0234467
979	-0.017394
980	-0.0106045
981	-0.00485075
982	-0.000284872
983	0.00307512
984	0.00555904
985	0.00746321
986	0.00845781
987	0.00864591
988	0.00793732
989	0.00672886
990	0.00481438
991	0.00232273
992	-0.000145732
993	-0.00221223
994	-0.00361137
995	-0.00489198
996	-0.00634781
997	-0.00744547
998	-0.00848903
999	-0.00937541
1000	-0.0104241
1001	-0.0110992
1002	-0.01163
1003	-0.0118336
1004	-0.0117022
1005	-0.0110013
1006	-0.0101123
1007	-0.00998866
1008	-0.0108596
1009	-0.012251
1010	-0.0133487
1011	-0.0142299
1012	-0.0149874
1013	-0.0157965
1014	-0.0161469
1015	-0.016031
1016	-0.0159382
1017	-0.0160722
1018	-0.0157527
1019	-0.0149282
1020	-0.0143716
1021	-0.0147607
1022	-0.0155388
1023	-0.0163479
