0	-0.000207734
1	-0.000272151
2	-0.000591659
3	-0.000620003
4	-0.000578776
5	-0.000648346
6	-0.000826137
7	-0.00114565
8	-0.00135178
9	-0.00118687
10	-0.00101424
11	-0.00072307
12	-0.000395831
13	-0.00019485
14	-0.000269574
15	-0.000421598
16	-0.000612273
17	-0.000591659
18	-0.000635463
19	-0.000882824
20	-0.000872518
21	-0.000733377
22	-0.000890554
23	-0.000918898
24	-0.000849328
25	-0.000514359
26	-4.02493e-05
27	0.000745639
28	0.00138981
29	0.00159852
30	0.00161398
31	0.00133828
32	0.00112699
33	0.00125325
34	0.00143877
35	0.00123005
36	0.000717295
37	0.000382327
38	0.000552388
39	0.000609075
40	0.000585884
41	0.000377173
42	0.000163309
43	0.000268953
44	0.000552388
45	0.000673492
46	0.000477664
47	0.000253492
48	0.000351406
49	0.000289566
50	9.88915e-05
51	-9.43597e-05
52	0.000101468
53	0.00043386
54	0.000668338
55	0.00138723
56	0.00216539
57	0.00339704
58	0.00480134
59	0.00664366
60	0.010117
61	0.0226165
62	0.0723001
63	0.226213
64	0.573908
65	1.1659
66	1.9595
67	2.83362
68	3.6573
69	4.34022
70	4.84072
71	5.15748
72	5.31735
73	5.35973
74	5.32435
75	5.2452
76	5.14685
77	5.04501
78	4.94982
79	4.86688
80	4.7973
81	4.74097
82	4.69603
83	4.65957
84	4.6289
85	4.60235
86	4.57814
87	4.55537
88	4.53409
89	4.51404
90	4.49454
91	4.47511
92	4.4545
93	4.43249
94	4.40947
95	4.38678
96	4.36468
97	4.34252
98	4.3194
99	4.29518
100	4.27043
101	4.24535
102	4.21988
103	4.19385
104	4.1676
105	4.14128
106	4.11563
107	4.08984
108	4.06399
109	4.03809
110	4.01275
111	3.98779
112	3.96176
113	3.93403
114	3.90576
115	3.8774
116	3.84911
117	3.82075
118	3.79261
119	3.76508
120	3.73816
121	3.71131
122	3.68352
123	3.65498
124	3.62537
125	3.59518
126	3.56517
127	3.53565
128	3.50617
129	3.47715
130	3.44861
131	3.42009
132	3.39285
133	3.36625
134	3.33994
135	3.31345
136	3.28713
137	3.26093
138	3.2345
139	3.20903
140	3.18464
141	3.16018
142	3.13556
143	3.11078
144	3.08576
145	3.06045
146	3.0351
147	3.01001
148	2.98551
149	2.96221
150	2.93899
151	2.91431
152	2.88758
153	2.85978
154	2.83257
155	2.80543
156	2.77928
157	2.75374
158	2.72846
159	2.70397
160	2.67968
161	2.656
162	2.63264
163	2.6083
164	2.58345
165	2.55921
166	2.53627
167	2.51439
168	2.49312
169	2.47211
170	2.45154
171	2.4305
172	2.40941
173	2.38831
174	2.36777
175	2.34765
176	2.32775
177	2.30834
178	2.28885
179	2.26887
180	2.24853
181	2.22797
182	2.20737
183	2.18687
184	2.16694
185	2.14674
186	2.12578
187	2.10394
188	2.08192
189	2.05957
190	2.03738
191	2.01557
192	1.99603
193	1.97812
194	1.96164
195	1.94633
196	1.93166
197	1.91722
198	1.9029
199	1.88838
200	1.87338
201	1.85742
202	1.84081
203	1.824
204	1.80969
205	1.7977
206	1.78635
207	1.77465
208	1.7616
209	1.74274
210	1.72478
211	1.70802
212	1.69215
213	1.67668
214	1.6614
215	1.64562
216	1.63006
217	1.61501
218	1.60024
219	1.58578
220	1.57151
221	1.55797
222	1.54394
223	1.52905
224	1.51375
225	1.49878
226	1.48431
227	1.46953
228	1.45493
229	1.44037
230	1.42606
231	1.41215
232	1.39875
233	1.38636
234	1.37422
235	1.36166
236	1.3489
237	1.33675
238	1.32496
239	1.31354
240	1.3029
241	1.29196
242	1.28081
243	1.26892
244	1.25691
245	1.2447
246	1.23244
247	1.22026
248	1.20793
249	1.19571
250	1.18389
251	1.17218
252	1.16029
253	1.14881
254	1.13777
255	1.12714
256	1.11704
257	1.1071
258	1.09749
259	1.08811
260	1.07891
261	1.06964
262	1.06019
263	1.05086
264	1.04187
265	1.03304
266	1.0246
267	1.01664
268	1.00919
269	1.00193
270	0.994118
271	0.985667
272	0.97713
273	0.968602
274	0.960031
275	0.952093
276	0.94451
277	0.937068
278	0.929591
279	0.922059
280	0.914063
281	0.905679
282	0.897392
283	0.889101
284	0.880822
285	0.872362
286	0.864194
287	0.857222
288	0.852035
289	0.848461
290	0.846189
291	0.844197
292	0.841615
293	0.838018
294	0.833297
295	0.827605
296	0.82078
297	0.813367
298	0.805575
299	0.797837
300	0.789927
301	0.782266
302	0.774912
303	0.767927
304	0.760836
305	0.754276
306	0.74886
307	0.744278
308	0.740434
309	0.737107
310	0.733922
311	0.730282
312	0.725927
313	0.720725
314	0.715041
315	0.709047
316	0.702884
317	0.696586
318	0.69049
319	0.68462
320	0.679098
321	0.673566
322	0.668408
323	0.663388
324	0.658024
325	0.652311
326	0.64623
327	0.640077
328	0.634447
329	0.628871
330	0.623751
331	0.618531
332	0.61337
333	0.607943
334	0.601986
335	0.595609
336	0.589332
337	0.582821
338	0.576869
339	0.571393
340	0.566683
341	0.562053
342	0.557144
343	0.552143
344	0.548108
345	0.544044
346	0.539996
347	0.535915
348	0.531983
349	0.527814
350	0.523598
351	0.519427
352	0.514912
353	0.510122
354	0.505283
355	0.501083
356	0.497259
357	0.493175
358	0.488968
359	0.484322
360	0.479751
361	0.475023
362	0.470457
363	0.466368
364	0.461954
365	0.458032
366	0.454077
367	0.450271
368	0.446409
369	0.442412
370	0.438462
371	0.435094
372	0.434262
373	0.439212
374	0.452433
375	0.455798
376	0.452118
377	0.448099
378	0.444012
379	0.440294
380	0.436367
381	0.432474
382	0.428694
383	0.42494
384	0.421322
385	0.418124
386	0.415179
387	0.412345
388	0.409565
389	0.406882
390	0.404058
391	0.401474
392	0.3985
393	0.395496
394	0.392334
395	0.38925
396	0.386614
397	0.384205
398	0.382208
399	0.379912
400	0.377536
401	0.374973
402	0.372556
403	0.370347
404	0.368729
405	0.367392
406	0.366567
407	0.36513
408	0.363996
409	0.36287
410	0.361324
411	0.358889
412	0.355936
413	0.353022
414	0.350041
415	0.347132
416	0.344117
417	0.341203
418	0.338126
419	0.335178
420	0.332305
421	0.329675
422	0.327258
423	0.324815
424	0.322632
425	0.320504
426	0.31844
427	0.316258
428	0.314088
429	0.311602
430	0.309046
431	0.306572
432	0.30448
433	0.302666
434	0.300986
435	0.299247
436	0.297461
437	0.29526
438	0.293122
439	0.290746
440	0.288283
441	0.285801
442	0.2834
443	0.280718
444	0.278718
445	0.276914
446	0.275206
447	0.273717
448	0.272269
449	0.270715
450	0.268857
451	0.267185
452	0.265368
453	0.263719
454	0.261787
455	0.259651
456	0.257649
457	0.255765
458	0.253941
459	0.252222
460	0.25063
461	0.249004
462	0.247612
463	0.246595
464	0.245515
465	0.244647
466	0.244131
467	0.244147
468	0.244958
469	0.245899
470	0.247146
471	0.248942
472	0.25097
473	0.252575
474	0.253531
475	0.253539
476	0.253204
477	0.252449
478	0.25131
479	0.249875
480	0.248306
481	0.246644
482	0.244734
483	0.24257
484	0.240426
485	0.238416
486	0.236631
487	0.235018
488	0.233758
489	0.232446
490	0.231101
491	0.229831
492	0.228872
493	0.227697
494	0.226527
495	0.224971
496	0.223394
497	0.222
498	0.220781
499	0.219787
500	0.218558
501	0.217285
502	0.216172
503	0.215041
504	0.213675
505	0.212129
506	0.210665
507	0.209459
508	0.208181
509	0.206914
510	0.205324
511	0.203551
512	0.201881
513	0.200294
514	0.199114
515	0.198019
516	0.196767
517	0.195496
518	0.194551
519	0.193479
520	0.192355
521	0.191268
522	0.190062
523	0.188738
524	0.187457
525	0.186586
526	0.18562
527	0.184613
528	0.183371
529	0.182291
530	0.181518
531	0.180637
532	0.179315
533	0.178104
534	0.176908
535	0.175746
536	0.174602
537	0.173803
538	0.172865
539	0.171817
540	0.170802
541	0.169848
542	0.16881
543	0.168129
544	0.167114
545	0.166055
546	0.164911
547	0.163654
548	0.162188
549	0.160812
550	0.159513
551	0.15833
552	0.157374
553	0.156519
554	0.15547
555	0.154231
556	0.15319
557	0.152342
558	0.151458
559	0.151002
560	0.150538
561	0.149964
562	0.14907
563	0.148176
564	0.147063
565	0.145921
566	0.144896
567	0.143612
568	0.142528
569	0.141211
570	0.140121
571	0.139044
572	0.138194
573	0.137413
574	0.136483
575	0.13554
576	0.134305
577	0.132966
578	0.131641
579	0.130922
580	0.130239
581	0.12909
582	0.12792
583	0.126642
584	0.125833
585	0.124795
586	0.123795
587	0.122695
588	0.12162
589	0.120757
590	0.11992
591	0.11927
592	0.118356
593	0.117619
594	0.116462
595	0.115215
596	0.11396
597	0.112834
598	0.111803
599	0.110726
600	0.11026
601	0.110597
602	0.111909
603	0.114068
604	0.116263
605	0.118562
606	0.120481
607	0.121739
608	0.122447
609	0.122496
610	0.121909
611	0.120847
612	0.11944
613	0.118242
614	0.117142
615	0.116075
616	0.114872
617	0.113174
618	0.112027
619	0.111432
620	0.110613
621	0.109592
622	0.108786
623	0.107809
624	0.107209
625	0.106539
626	0.105944
627	0.105441
628	0.104748
629	0.10404
630	0.10322
631	0.10272
632	0.102236
633	0.101821
634	0.101455
635	0.100729
636	0.0997418
637	0.098925
638	0.0981648
639	0.0969435
640	0.0956577
641	0.0949131
642	0.0938824
643	0.0930012
644	0.0923544
645	0.0915221
646	0.0909141
647	0.0903446
648	0.0900818
649	0.0897236
650	0.088948
651	0.0882291
652	0.0873196
653	0.0866728
654	0.0860106
655	0.0853407
656	0.0845419
657	0.08372
658	0.0828362
659	0.0820606
660	0.0817565
661	0.0818957
662	0.0821508
663	0.0825991
664	0.0829263
665	0.0832613
666	0.0832896
667	0.0833025
668	0.0834082
669	0.0833669
670	0.0836504
671	0.0847841
672	0.0870155
673	0.0904528
674	0.0947507
675	0.0989353
676	0.101924
677	0.103604
678	0.104434
679	0.104702
680	0.104431
681	0.103761
682	0.102994
683	0.101764
684	0.100146
685	0.0984818
686	0.0972424
687	0.0962839
688	0.0953485
689	0.0942457
690	0.0934005
691	0.0923879
692	0.0920787
693	0.0930244
694	0.0950084
695	0.0974176
696	0.0994377
697	0.100821
698	0.101937
699	0.1022
700	0.101878
701	0.101525
702	0.101149
703	0.10061
704	0.100087
705	0.0995124
706	0.0993553
707	0.0989636
708	0.0984302
709	0.0977706
710	0.0969924
711	0.0960829
712	0.0954954
713	0.0950496
714	0.0949105
715	0.0948358
716	0.0945755
717	0.0939932
718	0.0932099
719	0.0926018
720	0.0922462
721	0.0920426
722	0.0919473
723	0.0918726
724	0.0921637
725	0.0929522
726	0.0935629
727	0.0940731
728	0.0941607
729	0.094104
730	0.0939185
731	0.0937974
732	0.0935655
733	0.093215
734	0.0926533
735	0.0922513
736	0.092138
737	0.0919318
738	0.0920272
739	0.0925477
740	0.0941426
741	0.0979097
742	0.10329
743	0.109126
744	0.114202
745	0.117992
746	0.120056
747	0.120572
748	0.120188
749	0.119077
750	0.117735
751	0.11633
752	0.114813
753	0.113357
754	0.112146
755	0.110713
756	0.109402
757	0.108451
758	0.107845
759	0.107379
760	0.108232
761	0.111991
762	0.118933
763	0.127763
764	0.136454
765	0.140221
766	0.139289
767	0.138271
768	0.137248
769	0.136457
770	0.135743
771	0.135086
772	0.13422
773	0.133244
774	0.132556
775	0.131754
776	0.129984
777	0.128183
778	0.126542
779	0.125645
780	0.125663
781	0.126338
782	0.126751
783	0.126557
784	0.125743
785	0.125202
786	0.124764
787	0.124839
788	0.126264
789	0.129819
790	0.135349
791	0.141824
792	0.147475
793	0.151543
794	0.153891
795	0.154782
796	0.154615
797	0.153618
798	0.152592
799	0.151288
800	0.149199
801	0.147153
802	0.145223
803	0.14394
804	0.142855
805	0.141919
806	0.141255
807	0.140518
808	0.14002
809	0.139438
810	0.138856
811	0.138034
812	0.136849
813	0.135934
814	0.134895
815	0.133777
816	0.132819
817	0.131767
818	0.130827
819	0.129781
820	0.12849
821	0.127436
822	0.126364
823	0.125117
824	0.123898
825	0.123478
826	0.125135
827	0.128428
828	0.132935
829	0.137673
830	0.14151
831	0.144331
832	0.145854
833	0.146264
834	0.146037
835	0.145037
836	0.143692
837	0.142105
838	0.140703
839	0.139644
840	0.138943
841	0.13858
842	0.139005
843	0.139456
844	0.139907
845	0.139696
846	0.139353
847	0.139065
848	0.138534
849	0.137392
850	0.136003
851	0.13456
852	0.133375
853	0.132489
854	0.13185
855	0.130938
856	0.130363
857	0.129925
858	0.130518
859	0.133519
860	0.138915
861	0.145334
862	0.151103
863	0.155475
864	0.1585
865	0.160665
866	0.164097
867	0.169142
868	0.175762
869	0.182598
870	0.188109
871	0.188166
872	0.186045
873	0.183868
874	0.181807
875	0.180121
876	0.178238
877	0.176607
878	0.175169
879	0.173852
880	0.172713
881	0.170997
882	0.16923
883	0.167874
884	0.166589
885	0.165396
886	0.163888
887	0.162791
888	0.163236
889	0.168269
890	0.180322
891	0.1952
892	0.194713
893	0.193443
894	0.191874
895	0.190304
896	0.189099
897	0.188279
898	0.187362
899	0.186437
900	0.185512
901	0.184301
902	0.183028
903	0.18166
904	0.180235
905	0.178977
906	0.178127
907	0.177388
908	0.176589
909	0.175674
910	0.174788
911	0.173561
912	0.172422
913	0.171307
914	0.170482
915	0.170268
916	0.172891
917	0.179487
918	0.188815
919	0.198581
920	0.201727
921	0.200189
922	0.19881
923	0.197937
924	0.19714
925	0.196184
926	0.195118
927	0.194546
928	0.193881
929	0.193123
930	0.192428
931	0.191953
932	0.191577
933	0.191183
934	0.190493
935	0.189735
936	0.189178
937	0.190067
938	0.193373
939	0.201843
940	0.219019
941	0.239529
942	0.24105
943	0.240947
944	0.240135
945	0.238689
946	0.237002
947	0.235479
948	0.233886
949	0.232346
950	0.231281
951	0.230315
952	0.229035
953	0.2278
954	0.226734
955	0.225394
956	0.223956
957	0.222758
958	0.221699
959	0.220879
960	0.219988
961	0.218906
962	0.217378
963	0.215899
964	0.214703
965	0.213644
966	0.212466
967	0.211717
968	0.211163
969	0.210786
970	0.210142
971	0.209635
972	0.209382
973	0.20879
974	0.208277
975	0.207751
976	0.207171
977	0.206228
978	0.205535
979	0.204868
980	0.204244
981	0.203263
982	0.202124
983	0.201016
984	0.19998
985	0.199178
986	0.198398
987	0.197612
988	0.196999
989	0.196184
990	0.195007
991	0.193819
992	0.19244
993	0.19142
994	0.190547
995	0.189887
996	0.189328
997	0.188764
998	0.188114
999	0.187442
1000	0.186828
1001	0.186061
1002	0.185476
1003	0.184986
1004	0.184391
1005	0.18353
1006	0.182884
1007	0.182152
1008	0.181296
1009	0.180423
1010	0.179508
1011	0.178743
1012	0.177818
1013	0.177225
1014	0.176596
1015	0.176032
1016	0.175803
1017	0.175138
1018	0.174365
1019	0.173131
1020	0.171909
1021	0.170451
1022	0.168696
1023	0.167503
