0	-6.68402e-05
1	0.000185675
2	0.000278435
3	0.000195981
4	0.000270705
5	0.000407269
6	0.000559294
7	0.000417576
8	0.000451073
9	0.000350582
10	0.000183098
11	-2.42319e-06
12	2.33436e-05
13	0.000250092
14	0.000147024
15	4.39571e-05
16	9.2914e-05
17	-3.59201e-05
18	0.000126411
19	-5.91102e-05
20	-0.000216288
21	-0.000260091
22	-9.51837e-05
23	4.65338e-05
24	-3.07667e-05
25	-0.000252361
26	-0.000285858
27	-0.000378619
28	-0.000205981
29	-0.000149294
30	-9.00304e-05
31	-9.51837e-05
32	-3.84967e-05
33	-0.000167331
34	-0.000221441
35	-0.000437882
36	-0.000368312
37	-9.77604e-05
38	-3.84967e-05
39	4.91105e-05
40	0.000170215
41	0.000306779
42	8.77607e-05
43	-4.10734e-05
44	-9.00304e-05
45	-0.000239478
46	-0.000195674
47	-0.000113221
48	-0.000164754
49	-0.000205981
50	-0.000190521
51	-9.26071e-05
52	-0.000157024
53	-0.000316778
54	-0.000252361
55	-4.10734e-05
56	0.000157331
57	0.000755121
58	0.00172911
59	0.00377757
60	0.00902627
61	0.0220952
62	0.0561254
63	0.140277
64	0.320313
65	0.635482
66	1.08895
67	1.62357
68	2.14915
69	2.59665
70	2.93349
71	3.15614
72	3.28191
73	3.33525
74	3.33729
75	3.30522
76	3.2535
77	3.19291
78	3.13135
79	3.07374
80	3.02255
81	2.97749
82	2.93844
83	2.90438
84	2.87464
85	2.84918
86	2.82707
87	2.80663
88	2.78824
89	2.77251
90	2.75757
91	2.74317
92	2.72885
93	2.7128
94	2.69516
95	2.67775
96	2.6603
97	2.64211
98	2.62396
99	2.60626
100	2.58862
101	2.56994
102	2.55117
103	2.53258
104	2.51452
105	2.4971
106	2.48009
107	2.46261
108	2.44415
109	2.42507
110	2.40615
111	2.38781
112	2.3694
113	2.35017
114	2.33027
115	2.31067
116	2.29165
117	2.27262
118	2.25307
119	2.2339
120	2.21474
121	2.1957
122	2.17647
123	2.15743
124	2.13825
125	2.11899
126	2.09977
127	2.08053
128	2.06106
129	2.04255
130	2.02436
131	2.00667
132	1.98887
133	1.97094
134	1.95308
135	1.93523
136	1.91713
137	1.89856
138	1.8797
139	1.86045
140	1.84174
141	1.824
142	1.80709
143	1.79108
144	1.77565
145	1.76015
146	1.74482
147	1.72978
148	1.71549
149	1.70076
150	1.68618
151	1.67166
152	1.65711
153	1.64219
154	1.62697
155	1.61107
156	1.59506
157	1.57896
158	1.56295
159	1.54738
160	1.53266
161	1.51869
162	1.5048
163	1.49097
164	1.47732
165	1.46364
166	1.44965
167	1.43597
168	1.42287
169	1.41014
170	1.39711
171	1.38428
172	1.37119
173	1.35762
174	1.34405
175	1.33063
176	1.31758
177	1.30492
178	1.29226
179	1.27971
180	1.26704
181	1.25404
182	1.24103
183	1.22837
184	1.2161
185	1.20437
186	1.19329
187	1.18204
188	1.17084
189	1.15952
190	1.14817
191	1.13688
192	1.12611
193	1.11616
194	1.10606
195	1.09573
196	1.08551
197	1.07553
198	1.06542
199	1.0555
200	1.04536
201	1.03611
202	1.0294
203	1.02484
204	1.02182
205	1.01924
206	1.01561
207	1.00606
208	0.995068
209	0.984646
210	0.974736
211	0.9653
212	0.956179
213	0.946995
214	0.937719
215	0.928763
216	0.919765
217	0.910713
218	0.900795
219	0.890404
220	0.880973
221	0.872583
222	0.863758
223	0.854438
224	0.845371
225	0.836966
226	0.829254
227	0.821467
228	0.813387
229	0.804878
230	0.796074
231	0.787166
232	0.778583
233	0.770562
234	0.762665
235	0.754618
236	0.746207
237	0.737627
238	0.729508
239	0.722401
240	0.715617
241	0.709417
242	0.702955
243	0.696449
244	0.689963
245	0.683591
246	0.677642
247	0.671983
248	0.666719
249	0.661172
250	0.655142
251	0.649298
252	0.643519
253	0.63768
254	0.631514
255	0.6254
256	0.619759
257	0.614464
258	0.60904
259	0.603194
260	0.597239
261	0.591441
262	0.58559
263	0.579491
264	0.573616
265	0.568045
266	0.562467
267	0.556898
268	0.551413
269	0.545899
270	0.540341
271	0.534814
272	0.529008
273	0.523311
274	0.5178
275	0.512667
276	0.507777
277	0.502811
278	0.497895
279	0.493218
280	0.488864
281	0.484442
282	0.480098
283	0.475594
284	0.47127
285	0.46749
286	0.463574
287	0.460487
288	0.458026
289	0.456096
290	0.454395
291	0.45246
292	0.450139
293	0.447773
294	0.445475
295	0.443305
296	0.440953
297	0.438173
298	0.435307
299	0.432231
300	0.42901
301	0.425735
302	0.422318
303	0.418724
304	0.415575
305	0.412233
306	0.408961
307	0.405804
308	0.402635
309	0.399525
310	0.396598
311	0.393465
312	0.39011
313	0.386629
314	0.383271
315	0.380063
316	0.37708
317	0.373918
318	0.370733
319	0.367605
320	0.364956
321	0.362614
322	0.360241
323	0.357605
324	0.355023
325	0.352266
326	0.349112
327	0.345649
328	0.342191
329	0.33869
330	0.335546
331	0.332516
332	0.32945
333	0.326607
334	0.323263
335	0.320135
336	0.317234
337	0.314412
338	0.311531
339	0.308251
340	0.305087
341	0.301982
342	0.298841
343	0.29577
344	0.292786
345	0.289841
346	0.287133
347	0.284541
348	0.281799
349	0.279119
350	0.276517
351	0.274329
352	0.271928
353	0.269949
354	0.268078
355	0.266347
356	0.26445
357	0.262546
358	0.260534
359	0.258428
360	0.256519
361	0.25444
362	0.252159
363	0.25
364	0.247859
365	0.245501
366	0.243236
367	0.241149
368	0.239132
369	0.23707
370	0.235202
371	0.234355
372	0.235295
373	0.239382
374	0.246805
375	0.256509
376	0.260147
377	0.25806
378	0.2562
379	0.254303
380	0.252603
381	0.250887
382	0.248614
383	0.246354
384	0.24428
385	0.24243
386	0.240685
387	0.238928
388	0.237199
389	0.235396
390	0.233661
391	0.231706
392	0.229737
393	0.227995
394	0.226047
395	0.224148
396	0.222491
397	0.221262
398	0.21992
399	0.21918
400	0.218771
401	0.218655
402	0.218637
403	0.218691
404	0.218469
405	0.218029
406	0.217413
407	0.216575
408	0.215542
409	0.214568
410	0.213514
411	0.212216
412	0.210652
413	0.208753
414	0.207232
415	0.205715
416	0.204194
417	0.20229
418	0.200621
419	0.198889
420	0.197614
421	0.196364
422	0.195019
423	0.193648
424	0.19245
425	0.191293
426	0.190167
427	0.189309
428	0.188304
429	0.187237
430	0.186181
431	0.185034
432	0.183741
433	0.182437
434	0.181314
435	0.180108
436	0.178652
437	0.177322
438	0.176292
439	0.174988
440	0.173426
441	0.171705
442	0.170141
443	0.168528
444	0.167036
445	0.165987
446	0.164831
447	0.163802
448	0.162589
449	0.161365
450	0.159994
451	0.158683
452	0.157405
453	0.156222
454	0.154977
455	0.153398
456	0.151896
457	0.1507
458	0.14952
459	0.148481
460	0.147675
461	0.147175
462	0.147221
463	0.147721
464	0.148798
465	0.150306
466	0.151324
467	0.151839
468	0.151548
469	0.150919
470	0.150311
471	0.149577
472	0.1487
473	0.147786
474	0.146698
475	0.145513
476	0.144467
477	0.143344
478	0.142331
479	0.141171
480	0.14002
481	0.138863
482	0.137659
483	0.136258
484	0.135258
485	0.134116
486	0.1328
487	0.131357
488	0.130354
489	0.129463
490	0.128736
491	0.127999
492	0.127121
493	0.126397
494	0.125497
495	0.124647
496	0.12365
497	0.122666
498	0.121545
499	0.120481
500	0.119246
501	0.118275
502	0.117494
503	0.116729
504	0.115794
505	0.114644
506	0.113611
507	0.112524
508	0.111656
509	0.110661
510	0.109602
511	0.108363
512	0.107131
513	0.106077
514	0.105103
515	0.104268
516	0.103552
517	0.102848
518	0.101967
519	0.101001
520	0.100321
521	0.0994008
522	0.0985685
523	0.0976512
524	0.0966463
525	0.0958398
526	0.0949818
527	0.0940748
528	0.0934796
529	0.092923
530	0.0921835
531	0.0914621
532	0.0906427
533	0.0900114
534	0.0894883
535	0.0887926
536	0.0881356
537	0.087646
538	0.0868034
539	0.0860562
540	0.0853991
541	0.0847859
542	0.0840283
543	0.0830492
544	0.0823174
545	0.0818845
546	0.0812558
547	0.0805885
548	0.0799572
549	0.0791429
550	0.0782643
551	0.0772491
552	0.076355
553	0.0754299
554	0.0746853
555	0.0739664
556	0.0732398
557	0.0726446
558	0.0720158
559	0.0713073
560	0.0706785
561	0.0702611
562	0.0696169
563	0.0689985
564	0.0684214
565	0.0679988
566	0.0674525
567	0.0667749
568	0.0661642
569	0.0655278
570	0.0651
571	0.06493
572	0.0642832
573	0.063706
574	0.0629562
575	0.0625852
576	0.0622038
577	0.0617684
578	0.0609464
579	0.0601425
580	0.0596014
581	0.0591273
582	0.0584522
583	0.05779
584	0.0575452
585	0.057169
586	0.0564965
587	0.055909
588	0.0555096
589	0.0551901
590	0.0548706
591	0.0545846
592	0.0541388
593	0.0535694
594	0.0529535
595	0.0525645
596	0.0521702
597	0.0516961
598	0.0512091
599	0.0509257
600	0.0511293
601	0.0515673
602	0.0521986
603	0.0530953
604	0.0540821
605	0.0548577
606	0.0553705
607	0.0554272
608	0.0554555
609	0.0554581
610	0.0551334
611	0.0547933
612	0.0542677
613	0.0535848
614	0.0528866
615	0.0522295
616	0.0518327
617	0.0510803
618	0.0506551
619	0.0501888
620	0.0498126
621	0.0496786
622	0.0493307
623	0.0491401
624	0.0492663
625	0.0491452
626	0.049104
627	0.0488412
628	0.0486711
629	0.0481815
630	0.0480089
631	0.0475322
632	0.0469782
633	0.0464397
634	0.0459656
635	0.0454064
636	0.044904
637	0.0443088
638	0.0438707
639	0.043492
640	0.0432214
641	0.042786
642	0.0424948
643	0.0420799
644	0.0416883
645	0.0413482
646	0.0411987
647	0.0407993
648	0.040235
649	0.03998
650	0.0394672
651	0.0389029
652	0.0382639
653	0.0376532
654	0.0372281
655	0.0368725
656	0.0369498
657	0.0369008
658	0.036857
659	0.0365555
660	0.0359784
661	0.0356151
662	0.0354089
663	0.0353162
664	0.0354527
665	0.0360041
666	0.036687
667	0.0372384
668	0.0376738
669	0.0379573
670	0.0383309
671	0.0385344
672	0.038756
673	0.0392379
674	0.0396604
675	0.0401036
676	0.0401603
677	0.0402763
678	0.0403845
679	0.0404257
680	0.0402428
681	0.0397223
682	0.0392997
683	0.0389776
684	0.0386968
685	0.0383721
686	0.0381273
687	0.0379547
688	0.0378903
689	0.0378542
690	0.0377408
691	0.0381634
692	0.0386762
693	0.0393332
694	0.0397326
695	0.040199
696	0.0405236
697	0.040722
698	0.0410982
699	0.0409024
700	0.0405107
701	0.0400856
702	0.03956
703	0.0393512
704	0.0393177
705	0.0393049
706	0.0388926
707	0.0387947
708	0.0384881
709	0.0381454
710	0.0379804
711	0.0375166
712	0.0371147
713	0.0366277
714	0.0362876
715	0.0358495
716	0.0354759
717	0.035043
718	0.0347184
719	0.0343061
720	0.034319
721	0.0342417
722	0.0340355
723	0.0335924
724	0.0333836
725	0.0333321
726	0.0334506
727	0.0336774
728	0.033899
729	0.0348008
730	0.0356949
731	0.0366303
732	0.0374368
733	0.0379598
734	0.038336
735	0.0385422
736	0.0383386
737	0.0380681
738	0.0381917
739	0.0389106
740	0.0402144
741	0.0420181
742	0.0439996
743	0.0456796
744	0.0471715
745	0.0482125
746	0.0487149
747	0.048532
748	0.0481583
749	0.0475425
750	0.0470426
751	0.0465299
752	0.0459991
753	0.0455353
754	0.0453755
755	0.0449066
756	0.0444144
757	0.0438166
758	0.0435074
759	0.0432833
760	0.0430282
761	0.0431261
762	0.0452441
763	0.0507015
764	0.0599673
765	0.0723972
766	0.0789368
767	0.0785271
768	0.0780041
769	0.0778211
770	0.0777026
771	0.0776047
772	0.0771589
773	0.0767312
774	0.0761875
775	0.0759401
776	0.0757701
777	0.0754583
778	0.0750821
779	0.0748657
780	0.0746827
781	0.074425
782	0.0744276
783	0.0742215
784	0.0740153
785	0.0739252
786	0.0737628
787	0.0737706
788	0.074103
789	0.0761411
790	0.0823844
791	0.0933688
792	0.107399
793	0.11282
794	0.113181
795	0.113372
796	0.113634
797	0.113634
798	0.113722
799	0.113415
800	0.113274
801	0.113008
802	0.113047
803	0.11266
804	0.112604
805	0.112387
806	0.112078
807	0.111725
808	0.111346
809	0.110772
810	0.110112
811	0.109483
812	0.109203
813	0.108942
814	0.108455
815	0.108043
816	0.107566
817	0.107278
818	0.106945
819	0.10668
820	0.106474
821	0.106185
822	0.105791
823	0.105126
824	0.104441
825	0.10384
826	0.103217
827	0.102877
828	0.102833
829	0.103122
830	0.103472
831	0.103998
832	0.104428
833	0.104915
834	0.105371
835	0.105621
836	0.105678
837	0.105337
838	0.104758
839	0.104297
840	0.103974
841	0.103946
842	0.103722
843	0.103627
844	0.103124
845	0.103088
846	0.102985
847	0.102957
848	0.102676
849	0.102624
850	0.102364
851	0.102506
852	0.102446
853	0.102318
854	0.102093
855	0.101818
856	0.101354
857	0.101014
858	0.101034
859	0.102271
860	0.105897
861	0.11138
862	0.117265
863	0.122905
864	0.127652
865	0.130955
866	0.13273
867	0.133733
868	0.135147
869	0.1381
870	0.142746
871	0.147582
872	0.151818
873	0.155075
874	0.157338
875	0.158028
876	0.157428
877	0.156379
878	0.154882
879	0.152715
880	0.15086
881	0.14895
882	0.147198
883	0.145655
884	0.144392
885	0.142954
886	0.141535
887	0.140313
888	0.139218
889	0.139466
890	0.143642
891	0.153042
892	0.165671
893	0.170971
894	0.169775
895	0.168386
896	0.167219
897	0.166188
898	0.165163
899	0.164032
900	0.162906
901	0.162006
902	0.160994
903	0.160107
904	0.159412
905	0.158997
906	0.158644
907	0.15794
908	0.157067
909	0.156302
910	0.155743
911	0.15507
912	0.154057
913	0.153081
914	0.152243
915	0.151566
916	0.152079
917	0.154645
918	0.158992
919	0.164158
920	0.169164
921	0.173279
922	0.176062
923	0.177683
924	0.177541
925	0.176418
926	0.174877
927	0.173094
928	0.17104
929	0.168938
930	0.167142
931	0.165802
932	0.165204
933	0.165573
934	0.166315
935	0.16735
936	0.16808
937	0.168384
938	0.168201
939	0.168113
940	0.169159
941	0.173202
942	0.181185
943	0.192115
944	0.199386
945	0.19809
946	0.197168
947	0.196271
948	0.195346
949	0.194658
950	0.194089
951	0.193524
952	0.193104
953	0.192522
954	0.191718
955	0.190785
956	0.189716
957	0.188971
958	0.188196
959	0.18723
960	0.186328
961	0.185328
962	0.184439
963	0.183571
964	0.182893
965	0.182069
966	0.18121
967	0.180185
968	0.179216
969	0.177956
970	0.176995
971	0.175944
972	0.174679
973	0.173468
974	0.172372
975	0.171313
976	0.170414
977	0.169623
978	0.168935
979	0.168221
980	0.167554
981	0.166882
982	0.165964
983	0.165062
984	0.164204
985	0.163756
986	0.163509
987	0.162911
988	0.162249
989	0.16155
990	0.16095
991	0.160478
992	0.160007
993	0.159417
994	0.158706
995	0.158054
996	0.157222
997	0.156704
998	0.156345
999	0.155717
1000	0.154774
1001	0.153604
1002	0.152687
1003	0.151733
1004	0.15094
1005	0.150033
1006	0.14909
1007	0.148046
1008	0.147337
1009	0.147013
1010	0.146626
1011	0.146247
1012	0.145786
1013	0.145096
1014	0.14457
1015	0.144024
1016	0.143601
1017	0.143068
1018	0.142573
1019	0.142081
1020	0.141682
1021	0.141421
1022	0.141195
1023	0.140757
