0	-0.000545844
1	-0.000130998
2	0.000216854
3	0.000322498
4	0.000399798
5	0.000183357
6	-0.000102655
7	-0.000221182
8	-0.000504617
9	-0.000710752
10	-0.000806089
11	-0.000780322
12	-0.000700445
13	-0.000270139
14	0.000178204
15	0.000379185
16	0.000301884
17	2.61795e-05
18	-0.000195415
19	-0.000744248
20	-0.000726212
21	-0.000641181
22	-0.000739095
23	-0.000759709
24	-0.000579341
25	-0.000259832
26	0.000136977
27	0.000371455
28	0.000335381
29	0.000479676
30	0.000484829
31	0.000471945
32	0.000265811
33	0.00015759
34	0.000152437
35	0.000160167
36	0.000260658
37	0.000435872
38	0.000745074
39	0.000909981
40	0.00061624
41	0.00062397
42	0.000513172
43	0.000665197
44	0.000433295
45	3.90629e-05
46	-0.000445353
47	-0.000241795
48	-0.000218605
49	5.70997e-05
50	0.000227161
51	0.000482252
52	0.000763111
53	0.00120888
54	0.0016263
55	0.00203857
56	0.00293525
57	0.00587009
58	0.0144736
59	0.0358781
60	0.0833277
61	0.168987
62	0.288625
63	0.426815
64	0.56852
65	0.704455
66	0.82978
67	0.942175
68	1.03983
69	1.12344
70	1.1927
71	1.2483
72	1.29113
73	1.3223
74	1.34436
75	1.35989
76	1.37198
77	1.38305
78	1.39427
79	1.40546
80	1.41578
81	1.42474
82	1.43143
83	1.4351
84	1.43583
85	1.43584
86	1.43636
87	1.43826
88	1.44127
89	1.44489
90	1.44797
91	1.44854
92	1.44533
93	1.43847
94	1.42873
95	1.41806
96	1.40843
97	1.40131
98	1.397
99	1.39516
100	1.39382
101	1.39096
102	1.38515
103	1.37596
104	1.36374
105	1.35
106	1.33636
107	1.32537
108	1.31739
109	1.31204
110	1.30765
111	1.30264
112	1.29562
113	1.2859
114	1.2742
115	1.26152
116	1.24895
117	1.23779
118	1.22778
119	1.21884
120	1.20953
121	1.19931
122	1.18781
123	1.17533
124	1.16231
125	1.15084
126	1.14204
127	1.13618
128	1.13201
129	1.12749
130	1.12068
131	1.10994
132	1.09521
133	1.07743
134	1.0594
135	1.04397
136	1.03276
137	1.02658
138	1.02446
139	1.02456
140	1.02437
141	1.021
142	1.0125
143	0.998125
144	0.979263
145	0.95881
146	0.939948
147	0.926101
148	0.918665
149	0.917297
150	0.919211
151	0.921321
152	0.920804
153	0.915225
154	0.903254
155	0.886397
156	0.867118
157	0.848162
158	0.832075
159	0.820738
160	0.814987
161	0.813608
162	0.814394
163	0.814268
164	0.81148
165	0.80518
166	0.795347
167	0.782619
168	0.768779
169	0.755262
170	0.742915
171	0.732373
172	0.724205
173	0.71848
174	0.714228
175	0.710794
176	0.707392
177	0.703447
178	0.698645
179	0.69236
180	0.684063
181	0.673844
182	0.661623
183	0.648585
184	0.636281
185	0.626552
186	0.620357
187	0.618046
188	0.618636
189	0.620326
190	0.620666
191	0.61768
192	0.610316
193	0.598613
194	0.583627
195	0.568033
196	0.553959
197	0.544038
198	0.53954
199	0.540506
200	0.545162
201	0.550271
202	0.552936
203	0.550398
204	0.542348
205	0.529382
206	0.514085
207	0.498998
208	0.486808
209	0.479673
210	0.477653
211	0.480005
212	0.484262
213	0.487972
214	0.488756
215	0.48553
216	0.478694
217	0.468895
218	0.45772
219	0.447178
220	0.438696
221	0.433169
222	0.430113
223	0.429211
224	0.429912
225	0.4305
226	0.430232
227	0.428227
228	0.423978
229	0.417629
230	0.409533
231	0.40102
232	0.392429
233	0.384593
234	0.37785
235	0.373052
236	0.370695
237	0.370226
238	0.370934
239	0.371774
240	0.371483
241	0.368765
242	0.362846
243	0.354462
244	0.344719
245	0.334562
246	0.325703
247	0.320068
248	0.318015
249	0.318924
250	0.321539
251	0.324041
252	0.324629
253	0.322073
254	0.315953
255	0.307035
256	0.296455
257	0.286615
258	0.279277
259	0.275754
260	0.27602
261	0.27915
262	0.283549
263	0.286515
264	0.286203
265	0.282196
266	0.274786
267	0.265368
268	0.25563
269	0.247478
270	0.242587
271	0.240601
272	0.241178
273	0.24342
274	0.246151
275	0.24747
276	0.246571
277	0.242873
278	0.236764
279	0.229379
280	0.221603
281	0.214958
282	0.210366
283	0.20815
284	0.208307
285	0.21033
286	0.212883
287	0.215241
288	0.216772
289	0.21646
290	0.214597
291	0.211549
292	0.207709
293	0.203834
294	0.199693
295	0.196519
296	0.194522
297	0.193937
298	0.194566
299	0.195679
300	0.196758
301	0.196965
302	0.19589
303	0.193179
304	0.188946
305	0.184305
306	0.180072
307	0.176645
308	0.174949
309	0.17514
310	0.176988
311	0.17924
312	0.181316
313	0.182113
314	0.180896
315	0.17798
316	0.173754
317	0.169242
318	0.164918
319	0.162115
320	0.160922
321	0.161316
322	0.162499
323	0.164305
324	0.165199
325	0.164869
326	0.163259
327	0.160159
328	0.156201
329	0.152205
330	0.148273
331	0.145124
332	0.142993
333	0.142097
334	0.142025
335	0.142189
336	0.142264
337	0.141654
338	0.140017
339	0.137554
340	0.134204
341	0.130744
342	0.127649
343	0.125013
344	0.122988
345	0.122094
346	0.121777
347	0.12188
348	0.121872
349	0.121628
350	0.120855
351	0.119102
352	0.116464
353	0.113091
354	0.109981
355	0.107283
356	0.105371
357	0.104204
358	0.10414
359	0.104874
360	0.10533
361	0.105361
362	0.104431
363	0.102962
364	0.100504
365	0.0972161
366	0.0943224
367	0.0936551
368	0.0957757
369	0.101117
370	0.108448
371	0.116528
372	0.0812097
373	0.0808309
374	0.0794189
375	0.0774039
376	0.0748221
377	0.0720264
378	0.0693029
379	0.0672415
380	0.0660537
381	0.0656105
382	0.0659351
383	0.0663551
384	0.0664299
385	0.0660614
386	0.0644561
387	0.0619773
388	0.0592358
389	0.0568936
390	0.055028
391	0.0537474
392	0.053415
393	0.053549
394	0.0539845
395	0.0540077
396	0.0535954
397	0.052825
398	0.0516139
399	0.0498025
400	0.0478391
401	0.0462287
402	0.0448321
403	0.0439844
404	0.0435438
405	0.043183
406	0.0428919
407	0.0427811
408	0.0427218
409	0.0420854
410	0.0412866
411	0.0402095
412	0.0388697
413	0.0372154
414	0.0356926
415	0.0341234
416	0.0329124
417	0.0320621
418	0.0319461
419	0.0322837
420	0.0326547
421	0.0330489
422	0.0331391
423	0.0320286
424	0.0301424
425	0.0278028
426	0.0255431
427	0.0235384
428	0.0221006
429	0.0216188
430	0.0217579
431	0.0225876
432	0.0232421
433	0.0233786
434	0.0229226
435	0.021727
436	0.0199955
437	0.0179212
438	0.0160763
439	0.0147339
440	0.0139119
441	0.0137985
442	0.0140047
443	0.0145277
444	0.0147442
445	0.0144814
446	0.0137419
447	0.0126133
448	0.0110827
449	0.00975831
450	0.00873021
451	0.00808346
452	0.00792886
453	0.00794948
454	0.00811696
455	0.00817365
456	0.0077923
457	0.00709144
458	0.00623598
459	0.00536764
460	0.00435501
461	0.00331403
462	0.00262863
463	0.00196384
464	0.00127072
465	0.00105685
466	0.000974398
467	0.000974398
468	0.00109808
469	0.0012836
470	0.00119857
471	0.000479676
472	-0.00043247
473	-0.00164609
474	-0.00300142
475	-0.00408105
476	-0.00458866
477	-0.00490817
478	-0.00483602
479	-0.00440571
480	-0.0037332
481	-0.00355026
482	-0.00402179
483	-0.00482571
484	-0.00621454
485	0.0342239
486	0.0273055
487	0.0206525
488	0.0149915
489	0.01032
490	0.00682347
491	0.00475954
492	0.00419267
493	0.00429059
494	0.00438335
495	0.00444004
496	0.00413083
497	0.00404065
498	0.00445292
499	0.00538825
500	0.00712494
501	0.0091296
502	0.0113327
503	0.0134636
504	0.0149323
505	0.0156203
506	0.0160274
507	0.0161536
508	0.0161356
509	0.0157697
510	0.0154811
511	0.0152363
512	0.0152673
513	0.0153394
514	0.0155223
515	0.0155893
516	0.0154863
517	0.0154244
518	0.0151796
519	0.0144221
520	0.0140485
521	0.0136001
522	0.0132884
523	0.0125952
524	0.0120928
525	0.0119974
526	0.0120541
527	0.0122963
528	0.0123144
529	0.0122319
530	0.0121005
531	0.011513
532	0.0105932
533	0.00955475
534	0.00830506
535	0.0070193
536	0.0062566
537	0.00587525
538	0.00584175
539	0.0062231
540	0.00664568
541	0.0067539
542	0.00631328
543	0.00558151
544	0.0042339
545	0.0025771
546	0.00130422
547	0.00051575
548	0.00048483
549	0.000757958
550	0.00136863
551	0.00187624
552	0.00165464
553	0.00124237
554	0.000363725
555	-0.000605108
556	-0.00204032
557	-0.00309676
558	-0.00381823
559	-0.00415578
560	-0.00424854
561	-0.00405271
562	-0.00363013
563	-0.00328486
564	-0.00326167
565	-0.00372805
566	-0.00464019
567	-0.00521737
568	-0.00586669
569	-0.00649798
570	-0.00707
571	-0.00705197
572	-0.00689737
573	-0.00703908
574	-0.00743847
575	-0.00781724
576	-0.00809037
577	-0.00852067
578	-0.00913393
579	-0.00951012
580	-0.0100461
581	-0.0103244
582	-0.0105099
583	-0.0109531
584	-0.0111669
585	-0.0112958
586	-0.0117621
587	-0.0125377
588	-0.0128392
589	-0.0129655
590	-0.0133803
591	-0.0141121
592	-0.0147202
593	-0.0151247
594	-0.0155859
595	-0.0157972
596	-0.0155962
597	-0.015032
598	-0.0147743
599	-0.0149134
600	-0.0147485
601	-0.0146223
602	-0.0153077
603	-0.0160394
604	-0.0167403
605	-0.0172762
606	-0.0175674
607	-0.01774
608	-0.0172685
609	-0.0166759
610	-0.0160343
611	-0.015957
612	-0.0159158
613	-0.0163615
614	-0.0170727
615	-0.0183765
616	-0.0192757
617	-0.0197937
618	-0.0201699
619	-0.0201492
620	-0.0199405
621	-0.0194613
622	-0.0188094
623	-0.0186522
624	-0.0188764
625	-0.0193943
626	-0.0198607
627	-0.0206491
628	-0.021587
629	-0.0220766
630	-0.0223806
631	-0.0228058
632	-0.0230918
633	-0.0227903
634	-0.0225249
635	-0.0223626
636	-0.0226048
637	-0.023097
638	-0.023803
639	-0.0245786
640	-0.025264
641	-0.0260241
642	-0.0262817
643	-0.0264389
644	-0.026256
645	-0.026006
646	-0.0258875
647	-0.0255732
648	-0.0253902
649	-0.0253748
650	-0.0255757
651	-0.0258695
652	-0.0262096
653	-0.0265755
654	-0.0269362
655	-0.0267894
656	-0.0266837
657	-0.0265652
658	-0.0263127
659	-0.0259571
660	-0.0259184
661	-0.0260911
662	-0.0267636
663	-0.0275263
664	-0.0282864
665	-0.0285028
666	-0.0282761
667	-0.0275031
668	-0.0261323
669	-0.024813
670	-0.0233933
671	-0.0224245
672	-0.0216102
673	-0.0210408
674	-0.0209454
675	-0.0210768
676	-0.0212959
677	-0.021234
678	-0.0208656
679	-0.0206723
680	-0.0204018
681	-0.019737
682	-0.0192706
683	-0.0193324
684	-0.0198761
685	-0.0204224
686	-0.021131
687	-0.0216618
688	-0.0220379
689	-0.0218241
690	-0.0209042
691	-0.0207187
692	-0.0206723
693	-0.0206414
694	-0.0208604
695	-0.0210459
696	-0.0214324
697	-0.021806
698	-0.0220379
699	-0.0222853
700	-0.0226795
701	-0.0232155
702	-0.0234087
703	-0.0234294
704	-0.0231433
705	-0.0228779
706	-0.0224528
707	-0.0223033
708	-0.0224734
709	-0.0230016
710	-0.02345
711	-0.0239679
712	-0.0244523
713	-0.0248981
714	-0.0250862
715	-0.025014
716	-0.0249754
717	-0.024728
718	-0.0242436
719	-0.023754
720	-0.0236613
721	-0.0240735
722	-0.0249316
723	-0.0258154
724	-0.0267352
725	-0.0275598
726	-0.0278458
727	-0.0276165
728	-0.0269182
729	-0.0261709
730	-0.0257741
731	-0.025081
732	-0.025081
733	-0.0256814
734	-0.0259751
735	-0.0225662
736	-0.0146429
737	-0.0033132
738	-0.0365034
739	-0.036086
740	-0.0355707
741	-0.0350734
742	-0.0351507
743	-0.0352589
744	-0.0355964
745	-0.0358103
746	-0.0363901
747	-0.0371425
748	-0.037949
749	-0.0382607
750	-0.0383174
751	-0.038168
752	-0.0376372
753	-0.0369131
754	-0.0360242
755	-0.0354109
756	-0.0348956
757	-0.0344395
758	-0.034053
759	-0.0341819
760	-0.0343313
761	-0.0341123
762	-0.033749
763	-0.0329605
764	-0.0320819
765	-0.0312135
766	-0.0304328
767	-0.0299973
768	-0.0298762
769	-0.030005
770	-0.0301622
771	-0.0305977
772	-0.0311877
773	-0.0319788
774	-0.0321772
775	-0.0319169
776	-0.0314969
777	-0.0311517
778	-0.0306698
779	-0.030322
780	-0.0302653
781	-0.0306544
782	-0.03118
783	-0.0316644
784	-0.0318139
785	-0.0315021
786	-0.0310435
787	-0.029634
788	-0.0281447
789	-0.0269208
790	-0.0261941
791	-0.0253516
792	-0.0247048
793	-0.0244729
794	-0.0244497
795	-0.0244059
796	-0.0243853
797	-0.0246816
798	-0.0244652
799	-0.0242771
800	-0.0241379
801	-0.0237824
802	-0.0237437
803	-0.0240323
804	-0.0244935
805	-0.0249187
806	-0.0251377
807	-0.0256247
808	-0.026006
809	-0.0262946
810	-0.0263822
811	-0.0263694
812	-0.0264441
813	-0.0263178
814	-0.0264106
815	-0.026323
816	-0.0265033
817	-0.0270573
818	-0.0275624
819	-0.027954
820	-0.0259597
821	-0.0194561
822	-0.00834546
823	0.00459464
824	-0.0361711
825	-0.0358876
826	-0.0356918
827	-0.0358979
828	-0.0362045
829	-0.0367482
830	-0.037462
831	-0.038101
832	-0.0386653
833	-0.0392064
834	-0.0396753
835	-0.0399227
836	-0.0400155
837	-0.0397552
838	-0.0393301
839	-0.0390544
840	-0.0391291
841	-0.0391471
842	-0.0395001
843	-0.0401005
844	-0.0408039
845	-0.0413682
846	-0.0416001
847	-0.0414687
848	-0.0410436
849	-0.0405488
850	-0.0401494
851	-0.0401726
852	-0.0404277
853	-0.0411183
854	-0.0418423
855	-0.0427983
856	-0.0432518
857	-0.0435507
858	-0.0429374
859	-0.0424169
860	-0.0417573
861	-0.0413863
862	-0.0410358
863	-0.0409328
864	-0.0411621
865	-0.0414404
866	-0.0415254
867	-0.0415537
868	-0.0414636
869	-0.0413321
870	-0.0409482
871	-0.0402937
872	-0.0399485
873	-0.039982
874	-0.0403607
875	-0.0404921
876	-0.0409173
877	-0.0411209
878	-0.041546
879	-0.0418088
880	-0.0417779
881	-0.0416439
882	-0.042015
883	-0.0424144
884	-0.0423628
885	-0.0424917
886	-0.0425715
887	-0.0425844
888	-0.0422159
889	-0.0419016
890	-0.0418088
891	-0.0416491
892	-0.0415202
893	-0.0412342
894	-0.0411827
895	-0.0413863
896	-0.0415872
897	-0.0412729
898	-0.0412497
899	-0.0413167
900	-0.0413347
901	-0.0413553
902	-0.0414842
903	-0.0417032
904	-0.0421824
905	-0.0422597
906	-0.0418836
907	-0.0420742
908	-0.0422649
909	-0.0424247
910	-0.0424375
911	-0.0426797
912	-0.0430585
913	-0.0433265
914	-0.0435481
915	-0.043798
916	-0.0440505
917	-0.0441948
918	-0.0438058
919	-0.0432234
920	-0.0428421
921	-0.0426566
922	-0.0428395
923	-0.0431229
924	-0.0436357
925	-0.0443572
926	-0.0450812
927	-0.0456429
928	-0.046099
929	-0.0464082
930	-0.0462562
931	-0.0457512
932	-0.0451482
933	-0.0447746
934	-0.0443804
935	-0.043731
936	-0.0428215
937	-0.0421593
938	-0.0411312
939	-0.039982
940	-0.0390106
941	-0.0381963
942	-0.037127
943	-0.0359701
944	-0.0351455
945	-0.0345709
946	-0.0343081
947	-0.0341664
948	-0.0341432
949	-0.0341561
950	-0.0343004
951	0.00661991
952	-0.00267934
953	-0.013656
954	-0.0254392
955	-0.0345709
956	-0.0344911
957	-0.0341432
958	-0.0338443
959	-0.0337541
960	-0.0337206
961	-0.0339396
962	-0.0343468
963	-0.0349059
964	-0.0352125
965	-0.0354264
966	-0.0353594
967	-0.0351816
968	-0.0348312
969	-0.0347977
970	-0.0350528
971	-0.0356506
972	-0.0360937
973	-0.0367276
974	-0.0372172
975	-0.037431
976	-0.0372533
977	-0.0369801
978	-0.0368049
979	-0.0368951
980	-0.0370136
981	-0.0373769
982	-0.0381036
983	-0.0386704
984	-0.0388199
985	-0.0391909
986	-0.0394434
987	-0.0395826
988	-0.0398686
989	-0.0401185
990	-0.040286
991	-0.0406622
992	-0.0409714
993	-0.0412059
994	-0.0409791
995	-0.0352924
996	-0.0304302
997	-0.0262457
998	-0.0227053
999	-0.0202755
1000	-0.0188248
1001	-0.0178689
1002	-0.0174025
1003	-0.0177529
1004	-0.0184538
1005	-0.0194432
1006	-0.0204842
1007	-0.0222956
1008	-0.024022
1009	-0.0256685
1010	-0.0267069
1011	-0.0275598
1012	-0.0283328
1013	-0.0289409
1014	-0.0291058
1015	-0.0295078
1016	-0.0298633
1017	-0.0300592
1018	-0.0301906
1019	-0.0302447
1020	-0.0307884
1021	-0.0312058
1022	-0.0316361
1023	-0.0317469
