0	-0.000412484
1	-0.000482054
2	-0.000425367
3	-0.000309416
4	9.76994e-05
5	0.000347638
6	0.000308987
7	0.000401748
8	0.000272914
9	0.000435245
10	0.000597576
11	0.000708373
12	0.000989231
13	0.00110776
14	0.000989231
15	0.00071095
16	0.000463588
17	0.000561502
18	0.000615612
19	0.000546042
20	0.000257454
21	-6.72082e-05
22	-0.000234693
23	-4.40181e-05
24	1.26689e-05
25	-7.7515e-05
26	-5.36788e-06
27	0.000345061
28	0.000368251
29	0.000530582
30	0.000466165
31	0.000311564
32	1.26689e-05
33	-0.000263036
34	-0.000224386
35	3.84357e-05
36	-0.00028365
37	-0.000672729
38	-0.000788679
39	-0.00092782
40	-0.000971624
41	-0.000976777
42	-0.000693342
43	-0.000497514
44	-0.000397024
45	-0.000458864
46	-0.000510398
47	-0.000649538
48	-0.000644385
49	-0.000479477
50	-0.000685612
51	-0.000716532
52	-0.000847943
53	-0.00110561
54	-0.00110303
55	-0.00107727
56	-0.000847943
57	-0.000214079
58	0.00188849
59	0.00723253
60	0.0201005
61	0.0503688
62	0.119697
63	0.253169
64	0.49254
65	0.849006
66	1.29542
67	1.77406
68	2.22022
69	2.59225
70	2.87749
71	3.07888
72	3.20545
73	3.26956
74	3.28498
75	3.26673
76	3.22797
77	3.17736
78	3.12201
79	3.06717
80	3.01512
81	2.96762
82	2.92683
83	2.8925
84	2.86265
85	2.836
86	2.81173
87	2.78963
88	2.76872
89	2.74897
90	2.73083
91	2.71777
92	2.71083
93	2.70384
94	2.69163
95	2.67493
96	2.65708
97	2.63916
98	2.6203
99	2.59993
100	2.57775
101	2.55437
102	2.52996
103	2.50605
104	2.48317
105	2.46058
106	2.43835
107	2.41638
108	2.39544
109	2.37548
110	2.3562
111	2.33726
112	2.31817
113	2.29931
114	2.2795
115	2.25934
116	2.23956
117	2.2198
118	2.19952
119	2.17867
120	2.15748
121	2.13614
122	2.11488
123	2.09368
124	2.07289
125	2.05252
126	2.03231
127	2.01226
128	1.99275
129	1.97353
130	1.95485
131	1.93676
132	1.91887
133	1.90079
134	1.88289
135	1.86517
136	1.84748
137	1.82994
138	1.81158
139	1.79371
140	1.77692
141	1.76344
142	1.75419
143	1.74856
144	1.74284
145	1.7304
146	1.71785
147	1.70494
148	1.69211
149	1.67934
150	1.66614
151	1.65252
152	1.63886
153	1.62532
154	1.61148
155	1.59743
156	1.58353
157	1.56941
158	1.55524
159	1.54126
160	1.52676
161	1.51228
162	1.49835
163	1.48615
164	1.47574
165	1.46645
166	1.45713
167	1.44745
168	1.43705
169	1.4255
170	1.41331
171	1.40058
172	1.38741
173	1.37497
174	1.36284
175	1.35037
176	1.33779
177	1.32503
178	1.3128
179	1.30114
180	1.2903
181	1.28095
182	1.27271
183	1.26448
184	1.25587
185	1.24668
186	1.23686
187	1.2265
188	1.21566
189	1.20415
190	1.19284
191	1.18167
192	1.17038
193	1.15949
194	1.14934
195	1.13951
196	1.13029
197	1.12069
198	1.11104
199	1.10381
200	1.10278
201	1.10882
202	1.09969
203	1.08956
204	1.07957
205	1.0698
206	1.06031
207	1.05077
208	1.04062
209	1.03011
210	1.02018
211	1.01086
212	1.00165
213	0.992406
214	0.982867
215	0.973367
216	0.964246
217	0.955333
218	0.946413
219	0.937775
220	0.929025
221	0.92069
222	0.912305
223	0.904797
224	0.897641
225	0.89029
226	0.882158
227	0.873304
228	0.865049
229	0.857306
230	0.849269
231	0.841065
232	0.833234
233	0.825146
234	0.817032
235	0.80933
236	0.802093
237	0.79529
238	0.788866
239	0.782651
240	0.776313
241	0.769693
242	0.762654
243	0.756096
244	0.749593
245	0.743053
246	0.73632
247	0.729793
248	0.723506
249	0.717392
250	0.711767
251	0.705995
252	0.700182
253	0.694483
254	0.689468
255	0.685232
256	0.680909
257	0.676549
258	0.671756
259	0.666343
260	0.660612
261	0.654964
262	0.649916
263	0.644711
264	0.63963
265	0.634353
266	0.628754
267	0.623093
268	0.617746
269	0.612572
270	0.60721
271	0.601959
272	0.596484
273	0.591127
274	0.586241
275	0.581714
276	0.577329
277	0.572992
278	0.568426
279	0.564118
280	0.559972
281	0.555808
282	0.551796
283	0.54763
284	0.543463
285	0.539853
286	0.538954
287	0.542018
288	0.549116
289	0.550825
290	0.545955
291	0.54116
292	0.536589
293	0.532474
294	0.528436
295	0.524473
296	0.52059
297	0.516771
298	0.513195
299	0.509776
300	0.506122
301	0.502412
302	0.498608
303	0.494633
304	0.490798
305	0.487083
306	0.483275
307	0.479765
308	0.476756
309	0.473792
310	0.470904
311	0.467835
312	0.465001
313	0.46162
314	0.4581
315	0.454903
316	0.451584
317	0.448275
318	0.446083
319	0.4455
320	0.447152
321	0.449997
322	0.452877
323	0.455153
324	0.45583
325	0.453447
326	0.4507
327	0.447662
328	0.444753
329	0.441829
330	0.43919
331	0.436291
332	0.433478
333	0.430684
334	0.427618
335	0.424567
336	0.421251
337	0.417894
338	0.414799
339	0.411774
340	0.408829
341	0.405881
342	0.402913
343	0.400073
344	0.397041
345	0.394255
346	0.391563
347	0.388718
348	0.385466
349	0.382653
350	0.379991
351	0.37736
352	0.374399
353	0.371704
354	0.368906
355	0.366066
356	0.363065
357	0.360253
358	0.357669
359	0.35477
360	0.35216
361	0.349813
362	0.347617
363	0.345267
364	0.342985
365	0.340995
366	0.338256
367	0.335638
368	0.333294
369	0.333087
370	0.338702
371	0.352158
372	0.353771
373	0.351248
374	0.348548
375	0.34569
376	0.343088
377	0.340413
378	0.337916
379	0.335741
380	0.333536
381	0.33166
382	0.329609
383	0.327599
384	0.325594
385	0.32344
386	0.321291
387	0.319354
388	0.31764
389	0.316038
390	0.314278
391	0.312477
392	0.310575
393	0.308753
394	0.306445
395	0.304223
396	0.302033
397	0.299951
398	0.297792
399	0.296524
400	0.295182
401	0.294329
402	0.293876
403	0.293592
404	0.292971
405	0.292634
406	0.29225
407	0.291263
408	0.289946
409	0.288645
410	0.286859
411	0.284922
412	0.283105
413	0.281515
414	0.279629
415	0.277794
416	0.275849
417	0.274239
418	0.272579
419	0.270691
420	0.268629
421	0.266645
422	0.264592
423	0.26262
424	0.260358
425	0.258062
426	0.256096
427	0.254277
428	0.252182
429	0.250038
430	0.247799
431	0.245583
432	0.24361
433	0.241646
434	0.239577
435	0.23741
436	0.235199
437	0.233223
438	0.231844
439	0.230389
440	0.228789
441	0.227091
442	0.22564
443	0.223978
444	0.222522
445	0.220832
446	0.219368
447	0.217503
448	0.215766
449	0.21422
450	0.212589
451	0.210321
452	0.208296
453	0.206325
454	0.204681
455	0.203215
456	0.201896
457	0.200754
458	0.199664
459	0.199499
460	0.200788
461	0.2044
462	0.210092
463	0.216673
464	0.22303
465	0.224351
466	0.223048
467	0.221935
468	0.220858
469	0.219288
470	0.217848
471	0.216905
472	0.216191
473	0.215619
474	0.215349
475	0.215008
476	0.214581
477	0.214001
478	0.212896
479	0.211643
480	0.210182
481	0.208221
482	0.205964
483	0.203813
484	0.20197
485	0.200631
486	0.199
487	0.197688
488	0.196536
489	0.195712
490	0.195096
491	0.19455
492	0.194398
493	0.19413
494	0.193408
495	0.19205
496	0.19054
497	0.189275
498	0.188162
499	0.187193
500	0.185871
501	0.184562
502	0.183256
503	0.18181
504	0.180216
505	0.178778
506	0.177775
507	0.177103
508	0.17632
509	0.175049
510	0.174016
511	0.172913
512	0.171877
513	0.171161
514	0.170236
515	0.169716
516	0.16945
517	0.169092
518	0.168412
519	0.16761
520	0.166654
521	0.165637
522	0.164678
523	0.164163
524	0.163225
525	0.162256
526	0.161037
527	0.159978
528	0.158927
529	0.15785
530	0.156775
531	0.155644
532	0.154446
533	0.153459
534	0.152382
535	0.151218
536	0.150272
537	0.149172
538	0.14844
539	0.147476
540	0.146386
541	0.145536
542	0.144722
543	0.143889
544	0.143096
545	0.142681
546	0.142168
547	0.141375
548	0.140666
549	0.13989
550	0.13919
551	0.138234
552	0.137239
553	0.136278
554	0.135276
555	0.134503
556	0.133554
557	0.132519
558	0.131666
559	0.130553
560	0.12981
561	0.129208
562	0.128566
563	0.127917
564	0.127283
565	0.1266
566	0.125979
567	0.125476
568	0.124995
569	0.124258
570	0.123315
571	0.122575
572	0.121449
573	0.120573
574	0.119617
575	0.118746
576	0.118063
577	0.117244
578	0.116234
579	0.115819
580	0.115317
581	0.114497
582	0.113485
583	0.112611
584	0.111802
585	0.110952
586	0.110194
587	0.109519
588	0.108908
589	0.108589
590	0.108068
591	0.107751
592	0.107203
593	0.106772
594	0.106226
595	0.105502
596	0.105224
597	0.106061
598	0.108707
599	0.11385
600	0.120746
601	0.128282
602	0.131279
603	0.130759
604	0.130189
605	0.129228
606	0.128638
607	0.12804
608	0.127419
609	0.126554
610	0.125866
611	0.125636
612	0.12559
613	0.125144
614	0.124459
615	0.123763
616	0.12317
617	0.123003
618	0.122707
619	0.122024
620	0.121467
621	0.120962
622	0.120545
623	0.120192
624	0.119893
625	0.119426
626	0.119066
627	0.118762
628	0.118352
629	0.117968
630	0.11746
631	0.116762
632	0.116239
633	0.115703
634	0.115317
635	0.114727
636	0.114026
637	0.113534
638	0.112938
639	0.112593
640	0.112093
641	0.11148
642	0.111245
643	0.110962
644	0.110722
645	0.110408
646	0.109957
647	0.109506
648	0.109094
649	0.108537
650	0.108187
651	0.107494
652	0.106901
653	0.106296
654	0.105878
655	0.105489
656	0.105152
657	0.104817
658	0.104667
659	0.104265
660	0.103647
661	0.103003
662	0.102639
663	0.102992
664	0.103884
665	0.105474
666	0.107471
667	0.109138
668	0.110743
669	0.11256
670	0.114755
671	0.116932
672	0.119094
673	0.120761
674	0.122253
675	0.123423
676	0.124335
677	0.124755
678	0.124809
679	0.12434
680	0.123969
681	0.123719
682	0.123456
683	0.122851
684	0.121954
685	0.121106
686	0.119774
687	0.11845
688	0.117507
689	0.116894
690	0.116829
691	0.118014
692	0.11913
693	0.119849
694	0.120359
695	0.121109
696	0.121913
697	0.122565
698	0.122727
699	0.122202
700	0.121632
701	0.120805
702	0.119903
703	0.119323
704	0.1187
705	0.117816
706	0.11693
707	0.115992
708	0.11552
709	0.115007
710	0.114489
711	0.113889
712	0.113333
713	0.112884
714	0.112531
715	0.112042
716	0.111426
717	0.110916
718	0.10998
719	0.109486
720	0.108715
721	0.108068
722	0.107326
723	0.106731
724	0.107357
725	0.109305
726	0.11155
727	0.11393
728	0.115819
729	0.117107
730	0.117906
731	0.117981
732	0.117576
733	0.117151
734	0.116876
735	0.116561
736	0.116345
737	0.115961
738	0.115664
739	0.115471
740	0.115623
741	0.116012
742	0.116319
743	0.116631
744	0.116569
745	0.116492
746	0.116141
747	0.11586
748	0.115324
749	0.114721
750	0.113729
751	0.112794
752	0.111727
753	0.110635
754	0.109645
755	0.108677
756	0.107721
757	0.106677
758	0.105342
759	0.104121
760	0.103046
761	0.102206
762	0.101892
763	0.102186
764	0.103616
765	0.105948
766	0.108164
767	0.109761
768	0.110988
769	0.11214
770	0.112487
771	0.112578
772	0.11224
773	0.111611
774	0.110787
775	0.109486
776	0.108543
777	0.107751
778	0.106865
779	0.10601
780	0.105347
781	0.105268
782	0.105584
783	0.106515
784	0.107496
785	0.10836
786	0.108774
787	0.109406
788	0.111181
789	0.115116
790	0.120949
791	0.127499
792	0.13341
793	0.138643
794	0.142807
795	0.145582
796	0.147273
797	0.147979
798	0.148048
799	0.147489
800	0.146348
801	0.14484
802	0.14323
803	0.141527
804	0.139821
805	0.138244
806	0.13692
807	0.135879
808	0.134456
809	0.133356
810	0.132243
811	0.131457
812	0.130344
813	0.129226
814	0.128027
815	0.126682
816	0.12558
817	0.124314
818	0.122977
819	0.121694
820	0.120733
821	0.119787
822	0.118622
823	0.117618
824	0.116868
825	0.115749
826	0.114742
827	0.114178
828	0.11375
829	0.113345
830	0.11325
831	0.113281
832	0.113204
833	0.113021
834	0.112454
835	0.111841
836	0.111323
837	0.110555
838	0.109091
839	0.107852
840	0.10702
841	0.106159
842	0.10585
843	0.10483
844	0.104149
845	0.103559
846	0.10343
847	0.10351
848	0.103807
849	0.103961
850	0.104446
851	0.105079
852	0.105716
853	0.106285
854	0.106674
855	0.108442
856	0.113273
857	0.122763
858	0.136404
859	0.135819
860	0.135221
861	0.134649
862	0.134384
863	0.136451
864	0.144874
865	0.160677
866	0.162838
867	0.162101
868	0.161238
869	0.160525
870	0.15986
871	0.159239
872	0.158293
873	0.157154
874	0.156124
875	0.155335
876	0.154552
877	0.153343
878	0.152019
879	0.151055
880	0.150076
881	0.149141
882	0.147989
883	0.146868
884	0.145693
885	0.144977
886	0.144175
887	0.143681
888	0.146103
889	0.154523
890	0.170321
891	0.171061
892	0.170816
893	0.170592
894	0.170298
895	0.169499
896	0.168504
897	0.167616
898	0.167049
899	0.166716
900	0.166093
901	0.165227
902	0.164518
903	0.163642
904	0.163104
905	0.162568
906	0.161821
907	0.160798
908	0.159821
909	0.159102
910	0.158105
911	0.157363
912	0.156871
913	0.156474
914	0.156028
915	0.155564
916	0.155595
917	0.156678
918	0.158589
919	0.160919
920	0.162874
921	0.164544
922	0.165781
923	0.166603
924	0.166958
925	0.166837
926	0.166291
927	0.165531
928	0.164575
929	0.16349
930	0.162542
931	0.163416
932	0.166698
933	0.172065
934	0.178399
935	0.18456
936	0.188966
937	0.188543
938	0.189744
939	0.195289
940	0.207392
941	0.217869
942	0.217768
943	0.217366
944	0.217196
945	0.216799
946	0.216771
947	0.216305
948	0.214699
949	0.212468
950	0.211113
951	0.2097
952	0.208595
953	0.207693
954	0.207217
955	0.206693
956	0.206067
957	0.205359
958	0.204493
959	0.204034
960	0.203511
961	0.202901
962	0.202146
963	0.201821
964	0.201221
965	0.200906
966	0.200314
967	0.199945
968	0.199582
969	0.199546
970	0.199747
971	0.199894
972	0.200146
973	0.200172
974	0.200486
975	0.200535
976	0.200394
977	0.200048
978	0.199798
979	0.199195
980	0.198456
981	0.197915
982	0.197621
983	0.196974
984	0.196621
985	0.196127
986	0.195281
987	0.194266
988	0.193369
989	0.192542
990	0.191738
991	0.19121
992	0.19071
993	0.189963
994	0.189303
995	0.188999
996	0.188476
997	0.187858
998	0.187402
999	0.187018
1000	0.186361
1001	0.185712
1002	0.185083
1003	0.183934
1004	0.182738
1005	0.181952
1006	0.181231
1007	0.181208
1008	0.181542
1009	0.18187
1010	0.181986
1011	0.181769
1012	0.181097
1013	0.180435
1014	0.179759
1015	0.179056
1016	0.178139
1017	0.176884
1018	0.175554
1019	0.174593
1020	0.174176
1021	0.173521
1022	0.173073
1023	0.172591
