0	-0.000207628
1	-6.33335e-05
2	0.000196911
3	3.71571e-05
4	-1.4931e-06
5	0.000111881
6	0.000354089
7	0.000537033
8	0.000299979
9	0.000333476
10	0.000580837
11	0.000544763
12	0.000619487
13	0.000606604
14	0.000908076
15	0.000846235
16	0.000560224
17	1.13903e-05
18	-0.000197321
19	-0.000127751
20	3.71571e-05
21	4.74639e-05
22	3.45804e-05
23	-6.64647e-06
24	9.38441e-05
25	0.000544763
26	0.000722555
27	0.000289672
28	-0.000125174
29	2.1697e-05
30	0.000155685
31	0.000212372
32	-2.46832e-05
33	0.000109304
34	-3.499e-05
35	-2.98366e-05
36	-0.00010456
37	-7.36402e-05
38	-9.9407e-05
39	-0.000194744
40	-0.000854375
41	-0.00130272
42	-0.00114296
43	-0.00061732
44	-0.000426646
45	-0.000674007
46	-0.00117131
47	-0.000898178
48	-0.000313272
49	-0.000125174
50	-1.69532e-05
51	-0.000637934
52	-0.00106824
53	-0.000704927
54	-9.42537e-05
55	0.000359242
56	0.00117863
57	0.00175065
58	0.00267568
59	0.00445359
60	0.00939051
61	0.0264456
62	0.0809218
63	0.226123
64	0.529344
65	1.02993
66	1.6954
67	2.42129
68	3.08627
69	3.60711
70	3.95585
71	4.14808
72	4.22053
73	4.21461
74	4.16423
75	4.09427
76	4.02031
77	3.9518
78	3.89439
79	3.84931
80	3.81526
81	3.7895
82	3.76948
83	3.75327
84	3.73924
85	3.72565
86	3.71138
87	3.69623
88	3.68068
89	3.66816
90	3.66262
91	3.65475
92	3.62836
93	3.59512
94	3.56951
95	3.5531
96	3.54008
97	3.52554
98	3.50896
99	3.49113
100	3.4728
101	3.45411
102	3.43461
103	3.41412
104	3.39373
105	3.3739
106	3.35498
107	3.3372
108	3.31924
109	3.3013
110	3.28207
111	3.26063
112	3.23979
113	3.21934
114	3.1992
115	3.17799
116	3.1535
117	3.12852
118	3.10536
119	3.08223
120	3.05798
121	3.03268
122	3.00708
123	2.98233
124	2.95796
125	2.93318
126	2.90795
127	2.88269
128	2.85892
129	2.83613
130	2.81411
131	2.79276
132	2.77075
133	2.7473
134	2.72281
135	2.6986
136	2.67528
137	2.65244
138	2.62996
139	2.60779
140	2.58643
141	2.56577
142	2.54711
143	2.52958
144	2.5113
145	2.49105
146	2.47117
147	2.45226
148	2.43329
149	2.41333
150	2.39231
151	2.3706
152	2.35021
153	2.33145
154	2.31214
155	2.29269
156	2.27381
157	2.2551
158	2.23629
159	2.21711
160	2.19701
161	2.17578
162	2.15459
163	2.13402
164	2.11384
165	2.09487
166	2.07712
167	2.05907
168	2.04074
169	2.02317
170	2.00527
171	1.98728
172	1.96938
173	1.95283
174	1.93625
175	1.91872
176	1.90074
177	1.88303
178	1.86568
179	1.84826
180	1.83115
181	1.81501
182	1.79943
183	1.78416
184	1.76882
185	1.75319
186	1.73699
187	1.72012
188	1.70305
189	1.68534
190	1.66777
191	1.65175
192	1.63626
193	1.62087
194	1.6074
195	1.59573
196	1.58603
197	1.5756
198	1.56338
199	1.54941
200	1.53449
201	1.51855
202	1.50275
203	1.48815
204	1.47575
205	1.46479
206	1.45529
207	1.44798
208	1.44131
209	1.43345
210	1.42422
211	1.41321
212	1.40047
213	1.38725
214	1.37432
215	1.36085
216	1.34685
217	1.33375
218	1.32218
219	1.31122
220	1.29963
221	1.28711
222	1.27392
223	1.26073
224	1.24897
225	1.23718
226	1.22503
227	1.21281
228	1.20104
229	1.19016
230	1.17979
231	1.16802
232	1.15551
233	1.14365
234	1.13326
235	1.12334
236	1.11339
237	1.10192
238	1.09
239	1.07832
240	1.06715
241	1.05677
242	1.0462
243	1.03583
244	1.02641
245	1.01657
246	1.00611
247	0.995301
248	0.985775
249	0.975888
250	0.966262
251	0.957138
252	0.94822
253	0.939251
254	0.931129
255	0.92393
256	0.916604
257	0.908941
258	0.900456
259	0.890526
260	0.880644
261	0.871448
262	0.863251
263	0.855398
264	0.847098
265	0.8385
266	0.829912
267	0.822645
268	0.816773
269	0.811465
270	0.805191
271	0.798373
272	0.791313
273	0.783606
274	0.775778
275	0.767682
276	0.759759
277	0.751426
278	0.743923
279	0.737494
280	0.731609
281	0.725126
282	0.718509
283	0.711969
284	0.705716
285	0.699632
286	0.692778
287	0.686398
288	0.682059
289	0.679413
290	0.67689
291	0.674546
292	0.672232
293	0.66982
294	0.667055
295	0.663239
296	0.658609
297	0.653198
298	0.647253
299	0.641247
300	0.634893
301	0.629276
302	0.623491
303	0.61748
304	0.611435
305	0.606068
306	0.600909
307	0.596552
308	0.592568
309	0.590236
310	0.588925
311	0.586817
312	0.583916
313	0.58036
314	0.57624
315	0.57129
316	0.565217
317	0.558943
318	0.553354
319	0.548881
320	0.545644
321	0.542045
322	0.538059
323	0.533604
324	0.528118
325	0.52256
326	0.517914
327	0.514389
328	0.511248
329	0.507061
330	0.502936
331	0.498914
332	0.495139
333	0.491274
334	0.487715
335	0.484404
336	0.480668
337	0.476682
338	0.473216
339	0.470101
340	0.466314
341	0.462036
342	0.457522
343	0.452655
344	0.447318
345	0.442322
346	0.437931
347	0.433337
348	0.429328
349	0.425888
350	0.422502
351	0.418617
352	0.414556
353	0.411046
354	0.407867
355	0.404661
356	0.401077
357	0.398016
358	0.395158
359	0.391793
360	0.388276
361	0.384135
362	0.379773
363	0.376222
364	0.373254
365	0.369472
366	0.365704
367	0.362643
368	0.359708
369	0.356877
370	0.354975
371	0.354839
372	0.359577
373	0.371667
374	0.381461
375	0.377982
376	0.374669
377	0.371314
378	0.368402
379	0.365323
380	0.361726
381	0.358106
382	0.355243
383	0.353241
384	0.350917
385	0.348353
386	0.345988
387	0.343617
388	0.341399
389	0.339095
390	0.336992
391	0.33473
392	0.332305
393	0.32967
394	0.327142
395	0.324977
396	0.322939
397	0.320775
398	0.31834
399	0.315575
400	0.313127
401	0.311584
402	0.310615
403	0.310177
404	0.309329
405	0.308275
406	0.307675
407	0.306474
408	0.30473
409	0.302323
410	0.299345
411	0.296067
412	0.293302
413	0.290677
414	0.287981
415	0.28542
416	0.2824
417	0.279483
418	0.276842
419	0.275201
420	0.273598
421	0.27105
422	0.268177
423	0.265626
424	0.263611
425	0.261864
426	0.260406
427	0.258324
428	0.256883
429	0.255706
430	0.253949
431	0.252186
432	0.250547
433	0.24929
434	0.248182
435	0.246566
436	0.244727
437	0.242879
438	0.240931
439	0.239207
440	0.237466
441	0.235631
442	0.23334
443	0.23132
444	0.229612
445	0.227798
446	0.225631
447	0.223732
448	0.222268
449	0.220959
450	0.219496
451	0.218419
452	0.217099
453	0.215927
454	0.215131
455	0.213956
456	0.212724
457	0.21165
458	0.210722
459	0.209413
460	0.208006
461	0.206447
462	0.205383
463	0.204286
464	0.203358
465	0.202966
466	0.203196
467	0.203567
468	0.204368
469	0.205904
470	0.207713
471	0.2089
472	0.209359
473	0.209583
474	0.209684
475	0.20904
476	0.207697
477	0.206172
478	0.204644
479	0.203291
480	0.201871
481	0.200482
482	0.198972
483	0.197767
484	0.196367
485	0.19503
486	0.19351
487	0.19243
488	0.192013
489	0.191544
490	0.191394
491	0.191078
492	0.190147
493	0.188916
494	0.187457
495	0.186329
496	0.184749
497	0.183438
498	0.182252
499	0.18107
500	0.179905
501	0.178671
502	0.177797
503	0.176738
504	0.175489
505	0.174553
506	0.173481
507	0.172397
508	0.171845
509	0.171291
510	0.170057
511	0.168717
512	0.167223
513	0.166648
514	0.165594
515	0.16446
516	0.163182
517	0.161897
518	0.160611
519	0.159036
520	0.157913
521	0.15697
522	0.155896
523	0.154772
524	0.15369
525	0.152981
526	0.152046
527	0.151345
528	0.150652
529	0.149709
530	0.148823
531	0.148037
532	0.147323
533	0.146465
534	0.145285
535	0.144522
536	0.143852
537	0.143419
538	0.142708
539	0.141549
540	0.140263
541	0.139222
542	0.138189
543	0.13706
544	0.136228
545	0.135429
546	0.134411
547	0.133061
548	0.131837
549	0.130611
550	0.129381
551	0.128938
552	0.128572
553	0.127619
554	0.126877
555	0.126434
556	0.125449
557	0.123852
558	0.122556
559	0.121463
560	0.120427
561	0.119253
562	0.11767
563	0.1163
564	0.115032
565	0.114261
566	0.113452
567	0.1127
568	0.11186
569	0.111556
570	0.111169
571	0.110342
572	0.109358
573	0.108768
574	0.108304
575	0.107802
576	0.106866
577	0.105393
578	0.104091
579	0.10336
580	0.102849
581	0.102195
582	0.100901
583	0.0999197
584	0.0991595
585	0.0985643
586	0.0977398
587	0.0967632
588	0.0960778
589	0.0954337
590	0.0948513
591	0.0947611
592	0.0943411
593	0.0935192
594	0.0921561
595	0.090927
596	0.0897495
597	0.0890435
598	0.0885951
599	0.0881906
600	0.0880463
601	0.0886724
602	0.0893424
603	0.090574
604	0.0927384
605	0.0950034
606	0.0964102
607	0.0970054
608	0.0969668
609	0.0967117
610	0.0960495
611	0.0949364
612	0.0937227
613	0.0930502
614	0.0921355
615	0.0910688
616	0.0903834
617	0.08943
618	0.0888374
619	0.0880798
620	0.0875078
621	0.0864178
622	0.0853872
623	0.0845291
624	0.083751
625	0.0832898
626	0.0827564
627	0.0821045
628	0.0813006
629	0.0809347
630	0.0806332
631	0.080105
632	0.0792031
633	0.0787007
634	0.078273
635	0.077889
636	0.0771315
637	0.0765028
638	0.0758844
639	0.0756499
640	0.0752093
641	0.0749568
642	0.074243
643	0.0726712
644	0.0718441
645	0.0716921
646	0.0713855
647	0.070311
648	0.069136
649	0.0688578
650	0.0687238
651	0.0681492
652	0.0674509
653	0.0668505
654	0.0667062
655	0.0665439
656	0.0663352
657	0.0658224
658	0.0657065
659	0.0655132
660	0.0650958
661	0.0649567
662	0.0648046
663	0.0646784
664	0.0642326
665	0.0639621
666	0.0637817
667	0.0639595
668	0.0639414
669	0.0637044
670	0.0638358
671	0.0637508
672	0.0638178
673	0.0652659
674	0.0684197
675	0.0720322
676	0.0754335
677	0.0781029
678	0.0797597
679	0.080561
680	0.0810815
681	0.0805198
682	0.0792985
683	0.0779612
684	0.0768171
685	0.0759746
686	0.0755262
687	0.0752943
688	0.0748511
689	0.0740008
690	0.0728774
691	0.0722693
692	0.0725166
693	0.0737457
694	0.0760519
695	0.0790949
696	0.0819525
697	0.0841761
698	0.0852403
699	0.0850393
700	0.0845781
701	0.0839339
702	0.0832511
703	0.0825554
704	0.0818185
705	0.0809089
706	0.079569
707	0.0787368
708	0.0783451
709	0.0777757
710	0.0771598
711	0.076696
712	0.076142
713	0.0756422
714	0.0750366
715	0.0747996
716	0.0748872
717	0.0744955
718	0.0739184
719	0.0731789
720	0.0724007
721	0.0720116
722	0.0719807
723	0.0723131
724	0.0722126
725	0.0724007
726	0.0729289
727	0.073452
728	0.0738746
729	0.0738282
730	0.0737483
731	0.0735422
732	0.0734159
733	0.0732201
734	0.0728593
735	0.0730011
736	0.0733154
737	0.073622
738	0.0743461
739	0.0759359
740	0.0794557
741	0.0842534
742	0.0891517
743	0.0930038
744	0.0959593
745	0.0975749
746	0.0979124
747	0.0971755
748	0.0958975
749	0.094573
750	0.0936506
751	0.0924524
752	0.0915815
753	0.0907054
754	0.0898191
755	0.0888528
756	0.087817
757	0.0871883
758	0.0866858
759	0.0861963
760	0.0862452
761	0.0885024
762	0.0942278
763	0.10153
764	0.108317
765	0.11361
766	0.117031
767	0.118152
768	0.117846
769	0.117271
770	0.115988
771	0.113932
772	0.111852
773	0.110159
774	0.108577
775	0.106802
776	0.10497
777	0.103408
778	0.102638
779	0.10238
780	0.102576
781	0.103071
782	0.103486
783	0.103674
784	0.103527
785	0.103501
786	0.103537
787	0.10378
788	0.104264
789	0.105782
790	0.109095
791	0.114138
792	0.119639
793	0.124367
794	0.127712
795	0.129696
796	0.13067
797	0.130154
798	0.129046
799	0.127709
800	0.126369
801	0.124424
802	0.122914
803	0.121695
804	0.120582
805	0.119564
806	0.118773
807	0.117998
808	0.117557
809	0.116516
810	0.115449
811	0.114223
812	0.113316
813	0.11296
814	0.112329
815	0.111324
816	0.110366
817	0.109031
818	0.107951
819	0.107062
820	0.106214
821	0.105527
822	0.105006
823	0.104269
824	0.103944
825	0.103926
826	0.104545
827	0.107253
828	0.111747
829	0.11564
830	0.118603
831	0.120531
832	0.121193
833	0.120925
834	0.119629
835	0.118413
836	0.117753
837	0.117289
838	0.116993
839	0.11624
840	0.115954
841	0.115413
842	0.11521
843	0.115135
844	0.115081
845	0.114839
846	0.114367
847	0.113347
848	0.112553
849	0.11143
850	0.110144
851	0.109448
852	0.109531
853	0.109471
854	0.109448
855	0.108495
856	0.107098
857	0.106034
858	0.10538
859	0.106006
860	0.107964
861	0.111605
862	0.11607
863	0.120822
864	0.124828
865	0.128266
866	0.132321
867	0.137606
868	0.143587
869	0.149549
870	0.154455
871	0.157189
872	0.157841
873	0.15656
874	0.154726
875	0.152368
876	0.149454
877	0.146681
878	0.144349
879	0.142237
880	0.140451
881	0.139013
882	0.137274
883	0.135728
884	0.13403
885	0.132615
886	0.131855
887	0.131193
888	0.131211
889	0.134702
890	0.144659
891	0.16066
892	0.164396
893	0.163177
894	0.162013
895	0.160974
896	0.160114
897	0.158985
898	0.157954
899	0.157047
900	0.156313
901	0.155406
902	0.154561
903	0.15403
904	0.153904
905	0.153716
906	0.153685
907	0.153097
908	0.152064
909	0.150827
910	0.150085
911	0.149531
912	0.14867
913	0.147217
914	0.146138
915	0.145676
916	0.147325
917	0.151469
918	0.158001
919	0.16562
920	0.172677
921	0.176357
922	0.1752
923	0.174028
924	0.173131
925	0.172417
926	0.171523
927	0.170482
928	0.169423
929	0.167362
930	0.165689
931	0.16402
932	0.161925
933	0.160278
934	0.158823
935	0.157637
936	0.157434
937	0.159034
938	0.162912
939	0.170085
940	0.183719
941	0.205066
942	0.208888
943	0.208393
944	0.207001
945	0.205633
946	0.203804
947	0.2019
948	0.200547
949	0.199472
950	0.198787
951	0.197792
952	0.196772
953	0.195906
954	0.195257
955	0.194221
956	0.193154
957	0.192126
958	0.191345
959	0.190356
960	0.189282
961	0.188563
962	0.187761
963	0.186911
964	0.186249
965	0.185579
966	0.185051
967	0.184213
968	0.18335
969	0.182219
970	0.181371
971	0.181083
972	0.180603
973	0.179951
974	0.179171
975	0.178454
976	0.177779
977	0.177223
978	0.176622
979	0.176519
980	0.176308
981	0.17561
982	0.174522
983	0.173229
984	0.172134
985	0.171193
986	0.170088
987	0.169098
988	0.168101
989	0.167516
990	0.167339
991	0.167099
992	0.166828
993	0.16647
994	0.16547
995	0.163906
996	0.162296
997	0.161124
998	0.160248
999	0.159243
1000	0.158601
1001	0.15824
1002	0.157606
1003	0.156967
1004	0.156844
1005	0.157042
1006	0.15671
1007	0.15622
1008	0.155555
1009	0.154893
1010	0.153855
1011	0.152391
1012	0.151737
1013	0.151348
1014	0.150428
1015	0.149307
1016	0.14841
1017	0.147699
1018	0.147003
1019	0.14613
1020	0.14503
1021	0.144244
1022	0.143311
1023	0.142407
