0	5.79344e-05
1	0.000579133
2	0.000658685
3	0.000568161
4	0.000288359
5	7.43933e-05
6	3.05028e-05
7	0.000258185
8	0.000217037
9	0.000370654
10	0.00028013
11	0.000101825
12	0.000101825
13	4.69618e-05
14	4.42186e-05
15	0.000126513
16	-5.45349e-05
17	-0.000339823
18	-0.000471494
19	-0.00023284
20	-0.000400172
21	-0.000611395
22	-0.00068546
23	-0.000594936
24	-0.000562018
25	-0.000309648
26	-0.00022461
27	-4.90486e-05
28	7.71364e-05
29	-0.000103912
30	-0.000252042
31	-0.000150545
32	-0.000263015
33	-0.000142316
34	-0.000293189
35	-0.000260271
36	-0.000205408
37	-0.000153288
38	5.24481e-05
39	0.000356938
40	0.000370654
41	0.000417287
42	0.000351452
43	4.69618e-05
44	-4.08191e-05
45	0.000214294
46	3.2816e-07
47	0.000110054
48	0.000189606
49	0.000409058
50	0.000494096
51	0.000477637
52	0.000529757
53	0.000568161
54	0.000458435
55	0.00022801
56	0.000291102
57	0.00170657
58	0.00631507
59	0.0201406
60	0.0550335
61	0.125557
62	0.233909
63	0.36876
64	0.513146
65	0.654171
66	0.785066
67	0.903008
68	1.0065
69	1.09526
70	1.16909
71	1.22879
72	1.27482
73	1.30829
74	1.33113
75	1.34551
76	1.35469
77	1.36185
78	1.36906
79	1.37601
80	1.38295
81	1.38943
82	1.39432
83	1.39589
84	1.39453
85	1.39198
86	1.38973
87	1.3888
88	1.3894
89	1.3915
90	1.39323
91	1.39292
92	1.38903
93	1.38078
94	1.36886
95	1.35551
96	1.34374
97	1.3344
98	1.3282
99	1.32438
100	1.32119
101	1.3173
102	1.31107
103	1.30143
104	1.28841
105	1.27317
106	1.25827
107	1.24544
108	1.23569
109	1.22906
110	1.22485
111	1.2205
112	1.21403
113	1.20449
114	1.1926
115	1.17934
116	1.16661
117	1.15554
118	1.14634
119	1.13869
120	1.13092
121	1.12213
122	1.11128
123	1.09859
124	1.08488
125	1.07188
126	1.06124
127	1.05409
128	1.05021
129	1.04745
130	1.04264
131	1.03399
132	1.02096
133	1.00367
134	0.984636
135	0.966608
136	0.952223
137	0.9435
138	0.940051
139	0.940595
140	0.942062
141	0.94099
142	0.935531
143	0.923922
144	0.906846
145	0.886461
146	0.866019
147	0.849217
148	0.838623
149	0.834876
150	0.836267
151	0.839968
152	0.842705
153	0.840557
154	0.832276
155	0.818261
156	0.800617
157	0.781703
158	0.764276
159	0.750974
160	0.743134
161	0.74015
162	0.740128
163	0.740814
164	0.739382
165	0.734965
166	0.727424
167	0.716866
168	0.70439
169	0.691645
170	0.679669
171	0.668951
172	0.659679
173	0.652114
174	0.64657
175	0.642496
176	0.639459
177	0.63662
178	0.633433
179	0.629356
180	0.623478
181	0.6151
182	0.604117
183	0.590804
184	0.576702
185	0.564511
186	0.555648
187	0.551237
188	0.551289
189	0.553818
190	0.556142
191	0.555755
192	0.550839
193	0.541035
194	0.52721
195	0.511091
196	0.495833
197	0.483605
198	0.476892
199	0.476363
200	0.480694
201	0.486721
202	0.491118
203	0.491247
204	0.485615
205	0.474396
206	0.459407
207	0.443971
208	0.430588
209	0.421247
210	0.417119
211	0.417577
212	0.420778
213	0.42458
214	0.426182
215	0.424295
216	0.418463
217	0.40912
218	0.398273
219	0.386971
220	0.377203
221	0.370238
222	0.366162
223	0.364716
224	0.365076
225	0.365937
226	0.366195
227	0.364963
228	0.361839
229	0.35664
230	0.350049
231	0.342124
232	0.333886
233	0.326194
234	0.319742
235	0.315073
236	0.312662
237	0.31233
238	0.313872
239	0.31574
240	0.316832
241	0.315713
242	0.311845
243	0.305173
244	0.295981
245	0.285925
246	0.277149
247	0.271254
248	0.2692
249	0.270744
250	0.275089
251	0.280172
252	0.283327
253	0.283061
254	0.278773
255	0.270585
256	0.260668
257	0.250469
258	0.24289
259	0.239667
260	0.240822
261	0.245502
262	0.251937
263	0.257264
264	0.259659
265	0.257569
266	0.251199
267	0.242108
268	0.232521
269	0.224415
270	0.219192
271	0.218117
272	0.220462
273	0.224643
274	0.229248
275	0.232636
276	0.23347
277	0.231254
278	0.225968
279	0.219041
280	0.211857
281	0.205767
282	0.201169
283	0.198904
284	0.198964
285	0.200349
286	0.202187
287	0.203666
288	0.20391
289	0.202706
290	0.199757
291	0.195178
292	0.189788
293	0.184225
294	0.179419
295	0.17588
296	0.174051
297	0.17407
298	0.175617
299	0.177795
300	0.179765
301	0.180621
302	0.179592
303	0.176388
304	0.171376
305	0.165684
306	0.159773
307	0.155293
308	0.153077
309	0.153219
310	0.154876
311	0.15737
312	0.159493
313	0.160192
314	0.158645
315	0.154489
316	0.148836
317	0.142801
318	0.137413
319	0.133729
320	0.132234
321	0.132731
322	0.134516
323	0.136368
324	0.136928
325	0.136044
326	0.133359
327	0.129609
328	0.12525
329	0.121058
330	0.117498
331	0.115125
332	0.114198
333	0.11445
334	0.115128
335	0.115846
336	0.116008
337	0.115163
338	0.113358
339	0.110555
340	0.106879
341	0.103305
342	0.100178
343	0.097577
344	0.0962576
345	0.0961314
346	0.0965675
347	0.0976045
348	0.0985838
349	0.0985454
350	0.0974262
351	0.095292
352	0.0921593
353	0.0881488
354	0.0844236
355	0.0814747
356	0.0803665
357	0.0804982
358	0.0823086
359	0.0845224
360	0.0867279
361	0.0880446
362	0.0876084
363	0.0855456
364	0.0818834
365	0.077637
366	0.0734126
367	0.0701153
368	0.0687712
369	0.0693856
370	0.0714677
371	0.073536
372	0.0752231
373	0.0757031
374	0.074647
375	0.0719423
376	0.0677672
377	0.0636058
378	0.0598175
379	0.0573185
380	0.0564407
381	0.0574337
382	0.059716
383	0.0622617
384	0.0640173
385	0.0643739
386	0.0630572
387	0.0602866
388	0.0567123
389	0.0531873
390	0.0500354
391	0.0481811
392	0.0480604
393	0.0491357
394	0.0507212
395	0.0521449
396	0.0533245
397	0.0532394
398	0.0519803
399	0.0497584
400	0.0470152
401	0.0440115
402	0.0411449
403	0.0393317
404	0.0381356
405	0.0380588
406	0.0383222
407	0.0392356
408	0.0404125
409	0.0411312
410	0.0408761
411	0.0396334
412	0.0376035
413	0.035195
414	0.0322982
415	0.0296127
416	0.0275388
417	0.0267378
418	0.0272481
419	0.0283316
420	0.0300571
421	0.0317825
422	0.0326027
423	0.0323394
424	0.0306167
425	0.0278159
426	0.0243897
427	0.0211473
428	0.0187223
429	0.0179268
430	0.018651
431	0.0202393
432	0.0223899
433	0.0240194
434	0.0245104
435	0.0237121
436	0.0217947
437	0.0195645
438	0.0182258
439	0.0186839
440	0.0208236
441	0.0242909
442	0.0289598
443	0.0337411
444	0.0386514
445	0.0426618
446	0.0453858
447	0.0470015
448	0.0472347
449	0.0468616
450	0.000612051
451	-0.000929601
452	-0.00196377
453	-0.00238622
454	-0.00228198
455	-0.00185953
456	-0.00125329
457	-0.000902169
458	-0.000910399
459	0.0433284
460	0.0421516
461	0.0406072
462	0.0390162
463	0.037373
464	0.0358808
465	0.0348795
466	0.03449
467	0.0345229
468	0.0348384
469	0.0353376
470	0.0359521
471	0.036092
472	0.0357381
473	0.0348548
474	0.0335573
475	0.031969
476	0.0306331
477	0.0298733
478	0.0297882
479	0.0308142
480	0.0329072
481	0.035472
482	0.0376885
483	0.0394002
484	0.0401354
485	0.0399626
486	0.0393317
487	0.0387117
488	0.0382207
489	0.0384895
490	0.0394578
491	0.0407362
492	0.0419486
493	0.042511
494	0.0427085
495	0.0422586
496	0.0410571
497	0.0396553
498	0.0382591
499	0.0371042
500	0.0364952
501	0.0365528
502	0.0369506
503	0.0372688
504	0.0371783
505	0.0367503
506	0.0361139
507	0.0355214
508	0.0347451
509	0.0338975
510	0.0333598
511	0.0329017
512	0.0326082
513	0.0323037
514	0.0320596
515	0.0318456
516	0.031478
517	0.0310117
518	0.0310364
519	0.0311049
520	0.0311351
521	0.0307648
522	0.0302793
523	0.0289214
524	0.0277556
525	0.0264004
526	0.0254678
527	0.0249438
528	0.0251249
529	0.0253498
530	0.025487
531	0.0255144
532	0.0254403
533	0.0249767
534	0.0242087
535	0.0229687
536	0.0220909
537	0.0212241
538	0.0206151
539	0.020777
540	0.020958
541	0.0210184
542	0.0206398
543	0.0198224
544	0.018651
545	0.0171505
546	0.0159957
547	0.0152084
548	0.0148874
549	0.0150959
550	0.0156582
551	0.0160752
552	0.0160917
553	0.0156637
554	0.0146789
555	0.0131428
556	0.0117054
557	0.0105258
558	0.00980436
559	0.00959313
560	0.0099854
561	0.0103941
562	0.0107891
563	0.0108769
564	0.0104655
565	0.00949712
566	0.00805697
567	0.00673751
568	0.00564848
569	0.00449087
570	0.00403825
571	0.00386543
572	0.00423301
573	0.00513825
574	0.00741507
575	0.0113103
576	0.0166869
577	0.0228755
578	0.0285209
579	0.0335765
580	-0.00931816
581	-0.00993263
582	-0.0106623
583	-0.0110326
584	-0.0110025
585	-0.0105252
586	-0.0103907
587	-0.0107062
588	-0.0111917
589	-0.0116334
590	-0.0122067
591	-0.0130214
592	-0.0136935
593	-0.0145411
594	-0.0153394
595	-0.0159511
596	-0.016198
597	-0.0162199
598	-0.0156302
599	-0.0149252
600	-0.0143464
601	-0.0142833
602	-0.0146371
603	-0.0154217
604	-0.0163516
605	-0.0173885
606	-0.0182334
607	-0.0188396
608	-0.0188232
609	-0.0182279
610	-0.0171416
611	-0.0162885
612	-0.0157947
613	-0.0160307
614	-0.0165491
615	-0.0174022
616	-0.0188314
617	-0.020214
618	-0.021314
619	-0.0220272
620	-0.0221863
621	-0.0217474
622	-0.0211768
623	-0.0205843
624	-0.0197998
625	-0.0196406
626	-0.0201481
627	-0.0211192
628	-0.0219257
629	-0.0230202
630	-0.02409
631	-0.0244521
632	-0.0242162
633	-0.0241806
634	-0.0238733
635	-0.0233878
636	-0.0229461
637	-0.0230504
638	-0.0232561
639	-0.0237828
640	-0.0244878
641	-0.0252065
642	-0.0258265
643	-0.0264135
644	-0.026707
645	-0.0265232
646	-0.0261145
647	-0.0258265
648	-0.0254314
649	-0.0250529
650	-0.025308
651	-0.0256235
652	-0.0257606
653	-0.0262736
654	-0.0266823
655	-0.0269758
656	-0.027294
657	-0.0272118
658	-0.0269539
659	-0.0265973
660	-0.0263367
661	-0.0264107
662	-0.0268085
663	-0.0271953
664	-0.0278756
665	-0.028608
666	-0.0289372
667	-0.0292554
668	-0.0293816
669	-0.0294364
670	-0.0291951
671	-0.0288055
672	-0.0286931
673	-0.0288604
674	-0.0293048
675	-0.0301661
676	-0.030904
677	0.0129398
678	0.0121333
679	0.0122951
680	0.0125695
681	0.013066
682	0.0132223
683	0.0134774
684	0.0131757
685	0.0124954
686	0.0114228
687	0.0105752
688	0.0097879
689	0.00892929
690	0.00830934
691	0.00789238
692	0.00775248
693	0.00773328
694	0.00776071
695	0.00772505
696	0.00717093
697	0.00659761
698	0.00581033
699	0.00497366
700	0.00415072
701	0.00349785
702	0.00328114
703	0.00335795
704	0.00350882
705	0.00386817
706	0.0041178
707	0.00379685
708	0.00343201
709	0.00301505
710	0.00232652
711	0.00139385
712	0.000633995
713	7.98783e-05
714	-0.000246557
715	-0.00107773
716	-0.00152487
717	-0.00164557
718	-0.00148372
719	-0.00136302
720	-0.00139319
721	-0.00186227
722	-0.00233135
723	-0.00308298
724	-0.00400193
725	-0.00484134
726	-0.00534059
727	-0.00554633
728	-0.00564508
729	-0.00538723
730	-0.00511565
731	-0.00518149
732	-0.00562862
733	-0.00606753
734	-0.006778
735	-0.00776005
736	-0.00846779
737	-0.00912614
738	-0.00988874
739	-0.0101301
740	-0.0100369
741	-0.00984211
742	-0.00946629
743	-0.00900544
744	-0.0088436
745	-0.00909871
746	-0.00943063
747	-0.00971592
748	-0.0100149
749	-0.0103852
750	-0.0106212
751	-0.0104374
752	-0.0102399
753	-0.0100396
754	-0.00956505
755	-0.00911517
756	-0.00890669
757	-0.00893412
758	-0.00936754
759	-0.00950195
760	-0.00955133
761	-0.00950195
762	-0.00915083
763	-0.00886829
764	-0.00832514
765	-0.00809746
766	-0.00799048
767	-0.00817701
768	-0.00889297
769	-0.0094416
770	-0.0100808
771	-0.0108187
772	-0.011178
773	-0.0113262
774	-0.0113591
775	-0.0114276
776	-0.0112055
777	-0.0110107
778	-0.0114139
779	-0.0116389
780	-0.0118364
781	-0.0123823
782	-0.0124207
783	-0.0114853
784	-0.00951018
785	-0.00642414
786	-0.00286901
787	0.000998835
788	0.004938
789	0.00871532
790	0.012169
791	0.0152879
792	0.0181079
793	0.0202969
794	-0.0231793
795	-0.0236758
796	-0.0245125
797	-0.0250885
798	-0.0250748
799	-0.0249596
800	-0.0247319
801	-0.0242738
802	-0.0237691
803	-0.023525
804	-0.023791
805	-0.0242491
806	-0.0250282
807	-0.025618
808	-0.0263312
809	-0.0268277
810	-0.0268305
811	-0.0265122
812	-0.0262105
813	-0.0259691
814	-0.0254452
815	-0.0249898
816	-0.0246058
817	-0.0248033
818	-0.0250913
819	-0.0250008
820	-0.0254945
821	-0.0260349
822	-0.0263065
823	-0.0265836
824	-0.0266247
825	-0.0266741
826	-0.0266741
827	-0.0266851
828	-0.0265287
829	-0.0266329
830	-0.0270965
831	0.0169969
832	0.015853
833	0.0151809
834	0.0144485
835	0.0140124
836	0.0139794
837	0.0142812
838	0.0144375
839	0.0142071
840	0.0138478
841	0.0135213
842	0.0128493
843	0.0120345
844	0.0116231
845	0.011464
846	0.0116916
847	0.012051
848	0.0125695
849	0.0133019
850	0.0141413
851	0.0146707
852	0.0147996
853	0.0148106
854	0.0146817
855	0.0149286
856	0.0150849
857	0.0158695
858	0.0171725
859	0.0191969
860	0.0215917
861	0.024579
862	0.0275992
863	0.0307044
864	0.0332501
865	0.0359411
866	0.0379189
867	0.0397678
868	0.0412189
869	0.0420501
870	0.042991
871	0.0439264
872	0.0443132
873	0.0444668
874	0.0442392
875	0.0439868
876	0.0436384
877	0.0433586
878	0.0432571
879	0.0430843
880	0.043098
881	0.0428045
882	0.0426372
883	0.0425494
884	0.0425165
885	0.042286
886	0.0420337
887	0.0418471
888	0.0415618
889	0.0408925
890	0.0401738
891	0.0392795
892	0.0388818
893	0.0386623
894	0.0382481
895	0.0377955
896	0.0374307
897	0.0374307
898	0.0370658
899	0.0365748
900	0.0364294
901	0.0364212
902	0.0360947
903	0.0356257
904	0.034992
905	0.0341992
906	0.0333653
907	0.0324381
908	0.0319306
909	0.0316399
910	0.0314698
911	0.0308635
912	0.0302957
913	0.0297965
914	0.0292999
915	0.0284194
916	0.0274236
917	0.0267296
918	0.0261179
919	0.0254897
920	0.025081
921	0.0244171
922	0.0239206
923	0.0230785
924	0.0223049
925	0.0215396
926	0.0209141
927	0.0205054
928	0.0201488
929	0.0200391
930	0.0201927
931	0.0209745
932	0.0214682
933	0.0216191
934	0.0218633
935	0.022154
936	0.0219264
937	0.0213832
938	0.0210924
939	0.0207056
940	0.0204066
941	0.0201543
942	0.0201982
943	0.0200418
944	0.0195864
945	0.019068
946	0.0182999
947	0.0176388
948	0.0173069
949	0.0168049
950	0.0160834
951	0.0156198
952	0.0152056
953	0.0150273
954	0.0145308
955	0.0139767
956	0.0132827
957	0.0126243
958	0.0123335
959	0.0115984
960	0.0113789
961	0.0109098
962	0.0108687
963	0.0108687
964	0.0108138
965	0.010844
966	0.0107782
967	0.0105423
968	0.00999638
969	0.00940111
970	0.00871807
971	0.00761258
972	0.00644674
973	0.00571432
974	0.00534399
975	0.00502853
976	0.00490234
977	0.00521781
978	0.00529187
979	0.00525895
980	0.00490783
981	0.00424673
982	0.0034759
983	0.00314398
984	0.00304797
985	0.00325096
986	0.00380508
987	0.00505322
988	0.00658115
989	0.00855074
990	0.0103996
991	0.0121498
992	0.0135488
993	0.0145774
994	0.0152084
995	0.0153867
996	0.0157515
997	0.0156555
998	0.0154854
999	0.0153208
1000	0.0151782
1001	0.0154086
1002	0.0156884
1003	0.0161767
1004	0.0165717
1005	0.0168707
1006	0.0168652
1007	0.0167528
1008	0.016451
1009	0.0160286
1010	0.0157213
1011	0.0156061
1012	0.0154361
1013	0.0152687
1014	0.0150904
1015	0.0150218
1016	0.0146927
1017	0.0142949
1018	0.0140261
1019	0.0134555
1020	0.0125091
1021	0.0117712
1022	0.0112308
1023	0.0108111
