0	0.000111543
1	0.000163663
2	0.000287105
3	0.000210297
4	0.000185608
5	0.000226755
6	0.000117029
7	-9.26216e-07
8	5.94232e-05
9	3.19916e-05
10	-9.96797e-05
11	-0.000181974
12	-0.000176488
13	-0.000225865
14	-0.000365766
15	-0.000236837
16	-0.000245067
17	-0.000453546
18	-0.000305416
19	-0.000346564
20	-0.000390454
21	-0.000412399
22	-0.000346564
23	-0.000363022
24	-0.000231351
25	-0.000225865
26	-0.000146313
27	-5.85324e-05
28	-0.000181974
29	-0.000250553
30	-0.000124368
31	-3.65872e-05
32	-0.000198433
33	-3.93304e-05
34	-0.000124368
35	-3.65872e-05
36	2.1019e-05
37	0.000163663
38	0.000163663
39	0.000273389
40	0.000350197
41	0.000369399
42	0.0005093
43	0.000451694
44	0.000399574
45	0.000158177
46	0.000330995
47	0.000410547
48	0.000333738
49	0.000476382
50	0.000484612
51	0.000369399
52	0.000149947
53	0.000149947
54	0.00020481
55	0.000388602
56	0.000885112
57	0.00310981
58	0.0100911
59	0.0312902
60	0.0839176
61	0.180479
62	0.314032
63	0.46467
64	0.614838
65	0.754468
66	0.880173
67	0.990991
68	1.08647
69	1.16648
70	1.23218
71	1.28478
72	1.32598
73	1.3576
74	1.38145
75	1.3988
76	1.41108
77	1.41925
78	1.4247
79	1.42832
80	1.43161
81	1.43655
82	1.44431
83	1.45417
84	1.46466
85	1.47476
86	1.4834
87	1.48997
88	1.49461
89	1.49728
90	1.49782
91	1.49658
92	1.4937
93	1.48953
94	1.48394
95	1.47717
96	1.4699
97	1.462
98	1.45393
99	1.4454
100	1.43689
101	1.42853
102	1.42048
103	1.41247
104	1.40462
105	1.39695
106	1.38901
107	1.38087
108	1.37264
109	1.36393
110	1.35482
111	1.34541
112	1.33567
113	1.32596
114	1.31625
115	1.3062
116	1.29616
117	1.28586
118	1.27575
119	1.26542
120	1.25506
121	1.24458
122	1.23401
123	1.22346
124	1.21315
125	1.20296
126	1.19291
127	1.18265
128	1.17197
129	1.16154
130	1.15098
131	1.14018
132	1.12935
133	1.1184
134	1.10765
135	1.09703
136	1.08636
137	1.0759
138	1.06551
139	1.05501
140	1.04455
141	1.03415
142	1.02415
143	1.01405
144	1.00418
145	0.994238
146	0.984434
147	0.974523
148	0.964832
149	0.955031
150	0.945353
151	0.935743
152	0.926299
153	0.917175
154	0.908002
155	0.898884
156	0.889988
157	0.881029
158	0.87233
159	0.863626
160	0.854914
161	0.846267
162	0.837725
163	0.828963
164	0.820416
165	0.811986
166	0.80348
167	0.795236
168	0.787193
169	0.778843
170	0.770463
171	0.762242
172	0.754352
173	0.746392
174	0.738549
175	0.730723
176	0.723086
177	0.715249
178	0.707749
179	0.700208
180	0.692969
181	0.685354
182	0.677766
183	0.670206
184	0.662509
185	0.654831
186	0.647435
187	0.640015
188	0.632471
189	0.624947
190	0.617439
191	0.610148
192	0.602859
193	0.595938
194	0.58919
195	0.582609
196	0.575768
197	0.569261
198	0.562954
199	0.556475
200	0.550292
201	0.544285
202	0.538115
203	0.532119
204	0.526226
205	0.52032
206	0.51439
207	0.508352
208	0.502449
209	0.496817
210	0.491317
211	0.48571
212	0.480226
213	0.474759
214	0.469416
215	0.464302
216	0.459307
217	0.454188
218	0.449136
219	0.444472
220	0.439606
221	0.434424
222	0.429645
223	0.424716
224	0.419704
225	0.414849
226	0.410076
227	0.4053
228	0.400395
229	0.395589
230	0.39097
231	0.386337
232	0.381893
233	0.377372
234	0.372914
235	0.368586
236	0.364345
237	0.360205
238	0.355805
239	0.351647
240	0.347318
241	0.343063
242	0.338924
243	0.334672
244	0.330478
245	0.326368
246	0.322844
247	0.320973
248	0.321815
249	0.323924
250	0.325847
251	0.327038
252	0.326056
253	0.32365
254	0.320635
255	0.317642
256	0.315028
257	0.312499
258	0.309712
259	0.306876
260	0.304015
261	0.30128
262	0.298259
263	0.295201
264	0.291945
265	0.288779
266	0.285526
267	0.282569
268	0.279474
269	0.276775
270	0.274128
271	0.271437
272	0.268897
273	0.266483
274	0.264104
275	0.261594
276	0.258796
277	0.256223
278	0.253612
279	0.251184
280	0.248765
281	0.246427
282	0.243931
283	0.24158
284	0.239133
285	0.23667
286	0.234207
287	0.231672
288	0.229376
289	0.226811
290	0.224578
291	0.222526
292	0.220859
293	0.219215
294	0.217762
295	0.21628
296	0.214922
297	0.213345
298	0.211746
299	0.210138
300	0.208226
301	0.206616
302	0.205003
303	0.203168
304	0.201261
305	0.19936
306	0.197588
307	0.196008
308	0.194121
309	0.19247
310	0.190917
311	0.189126
312	0.187365
313	0.185455
314	0.183801
315	0.18204
316	0.18037
317	0.178543
318	0.177056
319	0.175399
320	0.173761
321	0.171965
322	0.170401
323	0.168708
324	0.167019
325	0.165277
326	0.163609
327	0.161771
328	0.160084
329	0.158328
330	0.156751
331	0.155281
332	0.153671
333	0.152178
334	0.150927
335	0.149572
336	0.148283
337	0.146791
338	0.145455
339	0.144086
340	0.142766
341	0.141395
342	0.140284
343	0.139228
344	0.13798
345	0.136707
346	0.135418
347	0.134079
348	0.132768
349	0.131522
350	0.130406
351	0.129095
352	0.127753
353	0.126579
354	0.125463
355	0.12453
356	0.123501
357	0.122678
358	0.122171
359	0.121869
360	0.121537
361	0.121085
362	0.120498
363	0.12005
364	0.119362
365	0.118624
366	0.117845
367	0.117003
368	0.11615
369	0.115442
370	0.114613
371	0.113703
372	0.112915
373	0.112032
374	0.111154
375	0.110065
376	0.108982
377	0.107854
378	0.106955
379	0.105852
380	0.104867
381	0.103578
382	0.102502
383	0.101367
384	0.099987
385	0.0988349
386	0.0979571
387	0.096794
388	0.0956309
389	0.0945967
390	0.09359
391	0.092479
392	0.09156
393	0.0906932
394	0.0898538
395	0.0888635
396	0.087983
397	0.0870997
398	0.0860902
399	0.084982
400	0.0840465
401	0.0832428
402	0.0822059
403	0.0810757
404	0.0800937
405	0.0791555
406	0.0782393
407	0.0770076
408	0.0759762
409	0.074964
410	0.0738667
411	0.0731288
412	0.0723305
413	0.0716585
414	0.0706435
415	0.0698946
416	0.0689811
417	0.0681116
418	0.0670033
419	0.0661283
420	0.0652724
421	0.064219
422	0.0634894
423	0.0627103
424	0.0616652
425	0.0606886
426	0.0599425
427	0.0589275
428	0.0578302
429	0.0569305
430	0.0559896
431	0.0548182
432	0.053817
433	0.0531202
434	0.0522891
435	0.0512905
436	0.0504484
437	0.0493978
438	0.0483883
439	0.0473953
440	0.0461883
441	0.0452145
442	0.0443751
443	0.0431845
444	0.0420434
445	0.0409982
446	0.0400903
447	0.0391603
448	0.0383593
449	0.0374184
450	0.0366805
451	0.035682
452	0.0348069
453	0.0340279
454	0.0331062
455	0.032264
456	0.0315645
457	0.0308897
458	0.0302945
459	0.0296443
460	0.0289777
461	0.0284812
462	0.0280341
463	0.0275595
464	0.0271261
465	0.026476
466	0.0258999
467	0.0252964
468	0.0245668
469	0.0238453
470	0.023379
471	0.0228715
472	0.022183
473	0.0217907
474	0.021157
475	0.0208525
476	0.0202792
477	0.020046
478	0.0194892
479	0.0192752
480	0.0190585
481	0.0191024
482	0.0191957
483	0.0193493
484	0.019374
485	0.0193164
486	0.0191874
487	0.0190009
488	0.0188692
489	0.0186169
490	0.0181725
491	0.0179119
492	0.017473
493	0.0170944
494	0.0166006
495	0.0162166
496	0.0156734
497	0.0150727
498	0.014568
499	0.0139837
500	0.0135722
501	0.0130153
502	0.0125325
503	0.0122226
504	0.0115834
505	0.0109717
506	0.0103984
507	0.010061
508	0.00957542
509	0.00923253
510	0.00857691
511	0.00825871
512	0.00778688
513	0.00726843
514	0.00678838
515	0.00618763
516	0.00567466
517	0.00538663
518	0.00492578
519	0.00463226
520	0.00405071
521	0.00368861
522	0.00318936
523	0.00272851
524	0.00233624
525	0.00185893
526	0.0013926
527	0.000871396
528	0.000476382
529	0.000114286
530	-0.000113395
531	-0.000426115
532	-0.000980232
533	-0.00154806
534	-0.00189645
535	-0.00237375
536	-0.00299371
537	-0.00352588
538	-0.00389072
539	-0.00429396
540	-0.00474384
541	-0.00516354
542	-0.00570943
543	-0.00620594
544	-0.00661741
545	-0.00717701
546	-0.00753637
547	-0.00795333
548	-0.00829622
549	-0.00866655
550	-0.00909448
551	-0.00936879
552	-0.00969523
553	-0.0101451
554	-0.0103783
555	-0.0107102
556	-0.0111381
557	-0.0115578
558	-0.0120105
559	-0.0125701
560	-0.0130227
561	-0.0133848
562	-0.0137962
563	-0.0141254
564	-0.0146795
565	-0.0150307
566	-0.015615
567	-0.0160593
568	-0.01649
569	-0.0168302
570	-0.0172142
571	-0.017793
572	-0.0182374
573	-0.018284
574	-0.0181057
575	-0.0177409
576	-0.017099
577	-0.0163364
578	-0.0155519
579	-0.0150444
580	-0.0145369
581	-0.0139745
582	-0.0136728
583	-0.0133848
584	-0.0130638
585	-0.0130391
586	-0.0128663
587	-0.0127182
588	-0.0128553
589	-0.0130967
590	-0.0132037
591	-0.0133464
592	-0.013607
593	-0.0139581
594	-0.0142242
595	-0.0144793
596	-0.0145479
597	-0.0145149
598	-0.0145616
599	-0.0148908
600	-0.0149237
601	-0.0150115
602	-0.015198
603	-0.0153626
604	-0.0155903
605	-0.0154037
606	-0.0154613
607	-0.015678
608	-0.015796
609	-0.0159633
610	-0.0161608
611	-0.0163968
612	-0.0166107
613	-0.0167616
614	-0.0169372
615	-0.017313
616	-0.0173678
617	-0.0174364
618	-0.0177409
619	-0.0181935
620	-0.0186132
621	-0.0189863
622	-0.0193347
623	-0.0197187
624	-0.0200013
625	-0.0201741
626	-0.0204429
627	-0.0206678
628	-0.0210052
629	-0.0212466
630	-0.0214003
631	-0.0218227
632	-0.0220723
633	-0.0222287
634	-0.0224893
635	-0.0227664
636	-0.0230132
637	-0.0232766
638	-0.0235125
639	-0.0236661
640	-0.0237978
641	-0.0240282
642	-0.0243025
643	-0.0244644
644	-0.0248868
645	-0.025205
646	-0.0254656
647	-0.0256384
648	-0.0260993
649	-0.0265876
650	-0.0266891
651	-0.0268399
652	-0.0270978
653	-0.0273255
654	-0.0276547
655	-0.0279098
656	-0.0280524
657	-0.0282911
658	-0.0285434
659	-0.0288863
660	-0.0291222
661	-0.0293609
662	-0.0295035
663	-0.0298464
664	-0.0301427
665	-0.0304691
666	-0.0305542
667	-0.0308038
668	-0.0311631
669	-0.0314567
670	-0.0316295
671	-0.0318023
672	-0.031923
673	-0.0322275
674	-0.0323811
675	-0.032521
676	-0.0329133
677	-0.0332617
678	-0.0335113
679	-0.0337335
680	-0.0340709
681	-0.0342218
682	-0.0346113
683	-0.0347814
684	-0.0348253
685	-0.0350886
686	-0.0355028
687	-0.0356043
688	-0.0358649
689	-0.0360816
690	-0.0362188
691	-0.0365836
692	-0.0367756
693	-0.0371514
694	-0.0373599
695	-0.0377412
696	-0.0379058
697	-0.0381445
698	-0.0385422
699	-0.0387727
700	-0.0388165
701	-0.039014
702	-0.0390086
703	-0.0391896
704	-0.0392746
705	-0.0394365
706	-0.0396367
707	-0.0397931
708	-0.0400592
709	-0.0402183
710	-0.0404185
711	-0.040638
712	-0.0409973
713	-0.0411784
714	-0.0413018
715	-0.0417188
716	-0.0419465
717	-0.0422482
718	-0.042347
719	-0.0426734
720	-0.0427777
721	-0.0429916
722	-0.0432742
723	-0.0436253
724	-0.0437213
725	-0.0438831
726	-0.0439764
727	-0.0441218
728	-0.0443221
729	-0.0444839
730	-0.0446649
731	-0.0448871
732	-0.0450819
733	-0.0453288
734	-0.0454824
735	-0.0458061
736	-0.0459762
737	-0.0460777
738	-0.0461956
739	-0.0463081
740	-0.0465632
741	-0.0467854
742	-0.046843
743	-0.0468101
744	-0.0469034
745	-0.0469857
746	-0.0469857
747	-0.0470597
748	-0.0470625
749	-0.0469966
750	-0.046961
751	-0.0470762
752	-0.0472517
753	-0.0472408
754	-0.0474218
755	-0.0476138
756	-0.0477455
757	-0.0479512
758	-0.0477592
759	-0.0478799
760	-0.0480802
761	-0.0481433
762	-0.0484532
763	-0.048541
764	-0.0485904
765	-0.0486754
766	-0.0487029
767	-0.0485794
768	-0.0487166
769	-0.0488565
770	-0.0488729
771	-0.0489141
772	-0.0491911
773	-0.0491966
774	-0.0494463
775	-0.0496026
776	-0.0496822
777	-0.049748
778	-0.049833
779	-0.0499428
780	-0.0500031
781	-0.0500717
782	-0.0501019
783	-0.0502061
784	-0.0502006
785	-0.0501266
786	-0.0500744
787	-0.0500827
788	-0.0500196
789	-0.0501485
790	-0.0500525
791	-0.0498221
792	-0.0496767
793	-0.0493941
794	-0.0489717
795	-0.0485492
796	-0.0482173
797	-0.0479375
798	-0.0476193
799	-0.0474081
800	-0.0472956
801	-0.046961
802	-0.0469445
803	-0.0468787
804	-0.0466976
805	-0.0467278
806	-0.0467662
807	-0.0468869
808	-0.0469829
809	-0.0467854
810	-0.0467607
811	-0.046544
812	-0.046352
813	-0.04616
814	-0.0459679
815	-0.0456635
816	-0.0455373
817	-0.0454001
818	-0.0453919
819	-0.0453178
820	-0.0452959
821	-0.0454029
822	-0.0454934
823	-0.045433
824	-0.0455181
825	-0.0457128
826	-0.0455043
827	-0.0455949
828	-0.0457896
829	-0.0458088
830	-0.0458171
831	-0.0458719
832	-0.0459954
833	-0.0460804
834	-0.0461325
835	-0.0460996
836	-0.0461792
837	-0.0464699
838	-0.0464837
839	-0.0464891
840	-0.0466428
841	-0.0467141
842	-0.0467854
843	-0.0469171
844	-0.0471448
845	-0.0472847
846	-0.0471749
847	-0.0470131
848	-0.0466894
849	-0.0462258
850	-0.0455181
851	-0.0445991
852	-0.0434086
853	-0.0419575
854	-0.0405091
855	-0.039132
856	-0.037925
857	-0.0364711
858	-0.0351243
859	-0.0340215
860	-0.0331218
861	-0.0324716
862	-0.0316981
863	-0.0311631
864	-0.0309821
865	-0.0306227
866	-0.0303978
867	-0.0301893
868	-0.0302936
869	-0.0302853
870	-0.0302634
871	-0.0300193
872	-0.0298711
873	-0.0297669
874	-0.0296188
875	-0.0292786
876	-0.028922
877	-0.0286614
878	-0.0284118
879	-0.0283459
880	-0.0281594
881	-0.0279537
882	-0.0280222
883	-0.027833
884	-0.027501
885	-0.0272487
886	-0.0267549
887	-0.0261404
888	-0.0253641
889	-0.0246125
890	-0.0241297
891	-0.0237347
892	-0.0233918
893	-0.0230983
894	-0.0230324
895	-0.0228459
896	-0.0226649
897	-0.0225277
898	-0.0225935
899	-0.0226539
900	-0.022588
901	-0.0226731
902	-0.0227746
903	-0.0228706
904	-0.023112
905	-0.0232546
906	-0.023496
907	-0.0237045
908	-0.0240447
909	-0.0243327
910	-0.0244452
911	-0.0244945
912	-0.024308
913	-0.0243025
914	-0.0242202
915	-0.0241955
916	-0.0244342
917	-0.0244973
918	-0.0243876
919	-0.0244205
920	-0.0246344
921	-0.0250157
922	-0.0252571
923	-0.0254135
924	-0.0256494
925	-0.0259484
926	-0.0261788
927	-0.0264888
928	-0.0266863
929	-0.0263133
930	-0.0248512
931	-0.022418
932	-0.0193484
933	-0.0162569
934	-0.0133546
935	-0.0106745
936	-0.00832914
937	-0.00632938
938	-0.00468897
939	-0.00328448
940	-0.00220642
941	-0.00138347
942	-0.000810156
943	-0.00064008
944	-0.000598933
945	-0.000782724
946	-0.000793697
947	-0.000875991
948	-0.00126826
949	-0.00163859
950	-0.00189919
951	-0.00231889
952	-0.00248348
953	-0.00262064
954	-0.00288398
955	-0.00301016
956	-0.00319121
957	-0.00360269
958	-0.00373984
959	-0.00394284
960	-0.00417052
961	-0.00448049
962	-0.00476578
963	-0.00496878
964	-0.00523212
965	-0.00556678
966	-0.00577801
967	-0.00592614
968	-0.00618399
969	-0.00656529
970	-0.0068204
971	-0.00709472
972	-0.00756928
973	-0.00765158
974	-0.00791218
975	-0.00819198
976	-0.00846904
977	-0.00874884
978	-0.00889971
979	-0.00923164
980	-0.00941543
981	-0.00977204
982	-0.0101917
983	-0.0102768
984	-0.0105045
985	-0.0106252
986	-0.0109214
987	-0.0109543
988	-0.0107596
989	-0.0104606
990	-0.0101835
991	-0.00993114
992	-0.00998875
993	-0.0099476
994	-0.0101945
995	-0.0103399
996	-0.0104743
997	-0.0105895
998	-0.0108089
999	-0.0110641
1000	-0.011097
1001	-0.0114454
1002	-0.0115112
1003	-0.0116621
1004	-0.0117553
1005	-0.0116621
1006	-0.0116182
1007	-0.0117855
1008	-0.0119858
1009	-0.0120763
1010	-0.012197
1011	-0.012411
1012	-0.0127566
1013	-0.0130995
1014	-0.0135247
1015	-0.0136865
1016	-0.0140239
1017	-0.0143668
1018	-0.0146576
1019	-0.0151047
1020	-0.0155765
1021	-0.0160127
1022	-0.0162322
1023	-0.0166299
