0	-0.000815925
1	-0.000234377
2	0.000157894
3	0.000242932
4	0.000149665
5	0.000114004
6	2.34795e-05
7	-0.000396223
8	-0.000462059
9	-0.000220661
10	-0.000264552
11	-0.000459315
12	-0.000621161
13	-0.000228891
14	8.10858e-05
15	4.54248e-05
16	2.89658e-05
17	0.00027585
18	0.000470613
19	0.000273106
20	-0.000152082
21	-9.4476e-05
22	-3.68698e-05
23	3.44522e-05
24	-0.000108192
25	-0.000121908
26	0.000316997
27	0.000443182
28	0.000369117
29	0.000218243
30	3.1709e-05
31	-8.62466e-05
32	-0.000138366
33	-0.000275524
34	-6.69514e-06
35	0.000103031
36	0.000207271
37	0.000124976
38	5.36542e-05
39	0.000349915
40	0.000522733
41	0.000616001
42	0.000506274
43	-3.68698e-05
44	-0.00054161
45	-0.000714429
46	-0.000412682
47	-5.33287e-05
48	0.000473357
49	0.000248418
50	3.99385e-05
51	6.737e-05
52	0.000605028
53	0.00113994
54	0.00120029
55	0.00115092
56	0.00128807
57	0.00221526
58	0.00694994
59	0.0218233
60	0.0602192
61	0.137266
62	0.256445
63	0.405352
64	0.56731
65	0.729974
66	0.884531
67	1.02556
68	1.15017
69	1.25706
70	1.34604
71	1.41761
72	1.4725
73	1.51244
74	1.54015
75	1.55859
76	1.57083
77	1.57952
78	1.5863
79	1.59159
80	1.59477
81	1.59597
82	1.5957
83	1.5945
84	1.59326
85	1.59156
86	1.58986
87	1.58865
88	1.58824
89	1.58843
90	1.58789
91	1.58521
92	1.57906
93	1.57024
94	1.55946
95	1.54896
96	1.53979
97	1.53219
98	1.52625
99	1.52048
100	1.51366
101	1.50537
102	1.49547
103	1.48426
104	1.47207
105	1.45876
106	1.44526
107	1.4326
108	1.4217
109	1.41152
110	1.40142
111	1.39066
112	1.37942
113	1.36732
114	1.3554
115	1.34404
116	1.33339
117	1.3231
118	1.31273
119	1.30149
120	1.28927
121	1.27592
122	1.26273
123	1.25053
124	1.23928
125	1.22941
126	1.22102
127	1.21382
128	1.20698
129	1.19893
130	1.18844
131	1.17505
132	1.15913
133	1.14242
134	1.12649
135	1.11275
136	1.10138
137	1.09253
138	1.08517
139	1.07854
140	1.07207
141	1.06535
142	1.05647
143	1.04413
144	1.02903
145	1.01233
146	0.995654
147	0.98081
148	0.969415
149	0.961282
150	0.955617
151	0.950778
152	0.945687
153	0.939655
154	0.931659
155	0.921128
156	0.907856
157	0.892325
158	0.875879
159	0.860847
160	0.848928
161	0.84139
162	0.837522
163	0.83513
164	0.831347
165	0.825545
166	0.817489
167	0.807268
168	0.795318
169	0.782555
170	0.769675
171	0.757235
172	0.745917
173	0.736895
174	0.730297
175	0.725489
176	0.721303
177	0.71651
178	0.710648
179	0.703195
180	0.694384
181	0.684747
182	0.674216
183	0.663085
184	0.651547
185	0.640569
186	0.631654
187	0.625797
188	0.623046
189	0.621545
190	0.619696
191	0.616001
192	0.609761
193	0.600267
194	0.588427
195	0.575287
196	0.562798
197	0.552577
198	0.545705
199	0.542627
200	0.542559
201	0.543549
202	0.54331
203	0.540735
204	0.534771
205	0.52576
206	0.514274
207	0.502432
208	0.491797
209	0.483663
210	0.478065
211	0.474795
212	0.473305
213	0.4722
214	0.46998
215	0.466469
216	0.46115
217	0.453895
218	0.445465
219	0.436355
220	0.427659
221	0.420329
222	0.414692
223	0.410992
224	0.408501
225	0.406915
226	0.405387
227	0.403464
228	0.400299
229	0.395885
230	0.390286
231	0.383047
232	0.375021
233	0.36743
234	0.361448
235	0.356968
236	0.35423
237	0.353353
238	0.353108
239	0.352782
240	0.351246
241	0.347954
242	0.342575
243	0.335604
244	0.328266
245	0.32092
246	0.314611
247	0.310192
248	0.307668
249	0.30715
250	0.308003
251	0.308897
252	0.308683
253	0.306582
254	0.302036
255	0.295922
256	0.289105
257	0.282491
258	0.277115
259	0.274021
260	0.273187
261	0.27438
262	0.276281
263	0.278163
264	0.278805
265	0.277373
266	0.27359
267	0.268142
268	0.261992
269	0.256091
270	0.251568
271	0.249305
272	0.248981
273	0.250262
274	0.252108
275	0.253529
276	0.253603
277	0.251576
278	0.247171
279	0.241446
280	0.235405
281	0.229974
282	0.225656
283	0.222979
284	0.222126
285	0.222222
286	0.222351
287	0.222595
288	0.222076
289	0.220381
290	0.217435
291	0.213441
292	0.208909
293	0.204501
294	0.200995
295	0.198488
296	0.197188
297	0.196801
298	0.196581
299	0.196178
300	0.195726
301	0.194815
302	0.19281
303	0.189438
304	0.185398
305	0.180731
306	0.176411
307	0.172949
308	0.170892
309	0.170135
310	0.170552
311	0.171117
312	0.171224
313	0.170565
314	0.168546
315	0.165581
316	0.161922
317	0.15776
318	0.153895
319	0.150976
320	0.148999
321	0.148115
322	0.148321
323	0.148623
324	0.148148
325	0.1469
326	0.144782
327	0.141954
328	0.138602
329	0.135127
330	0.131906
331	0.129429
332	0.128049
333	0.127627
334	0.127561
335	0.127725
336	0.12741
337	0.126505
338	0.124845
339	0.122695
340	0.119836
341	0.116871
342	0.114163
343	0.112249
344	0.111039
345	0.11035
346	0.110032
347	0.110013
348	0.109725
349	0.108724
350	0.10716
351	0.104752
352	0.10191
353	0.098766
354	0.0959159
355	0.0937872
356	0.0931563
357	0.0936857
358	0.0946732
359	0.0965852
360	0.0977126
361	0.0979019
362	0.0969747
363	0.095285
364	0.0927997
365	0.0900812
366	0.0873792
367	0.0853794
368	0.0842163
369	0.0842493
370	0.0851298
371	0.0862133
372	0.0868662
373	0.0865754
374	0.0856592
375	0.0834675
376	0.0808203
377	0.077929
378	0.0751886
379	0.0728542
380	0.0717926
381	0.0718337
382	0.0726622
383	0.0737732
384	0.0748101
385	0.0747717
386	0.0734741
387	0.0711644
388	0.0684459
389	0.0654916
390	0.0629212
391	0.0613604
392	0.0608776
393	0.0612589
394	0.0620105
395	0.0627731
396	0.0633958
397	0.0633382
398	0.0623479
399	0.0604058
400	0.0579973
401	0.0551087
402	0.0529087
403	0.0514082
404	0.0507965
405	0.0505304
406	0.0509227
407	0.0511037
408	0.0513616
409	0.0515317
410	0.0515618
411	0.0506292
412	0.0487391
413	0.0462209
414	0.0434558
415	0.0411269
416	0.0394947
417	0.0385648
418	0.0388144
419	0.039566
420	0.0408361
421	0.0418072
422	0.0423586
423	0.0419059
424	0.0404548
425	0.0379201
426	0.0349603
427	0.0322583
428	0.0306645
429	0.0303106
430	0.0309416
431	0.0318249
432	0.0329249
433	0.0334378
434	0.0336106
435	0.0340057
436	0.0349027
437	0.0365102
438	0.0391847
439	0.0424189
440	0.0457573
441	0.0499516
442	0.0543571
443	0.0584005
444	0.0616758
445	0.0166388
446	0.0164138
447	0.0158844
448	0.0147981
449	0.0134786
450	0.0118876
451	0.0101786
452	0.0086507
453	0.00781678
454	0.00738885
455	0.00743548
456	0.00791827
457	0.00839284
458	0.00848336
459	0.00806092
460	0.00716665
461	0.00609133
462	0.0046841
463	0.00296963
464	0.00155965
465	0.000668121
466	0.000124976
467	0.000210014
468	0.000544679
469	0.00141426
470	0.00158433
471	0.00182847
472	0.0012771
473	0.000303281
474	-0.000807696
475	0.0429511
476	0.0418977
477	0.0409349
478	0.0410364
479	0.0420458
480	0.0435189
481	0.0451566
482	0.0471124
483	0.0487172
484	0.0490299
485	0.0490765
486	0.049307
487	0.0493234
488	0.0493893
489	0.0490052
490	0.0487913
491	0.0487282
492	0.0489613
493	0.0492302
494	0.0495703
495	0.0496087
496	0.0490491
497	0.0481219
498	0.0473209
499	0.0464815
500	0.045996
501	0.0455763
502	0.0451127
503	0.0448603
504	0.0446189
505	0.0438536
506	0.0430718
507	0.0423723
508	0.0417633
509	0.0409623
510	0.0397361
511	0.0385291
512	0.0374291
513	0.036565
514	0.0358902
515	0.0356543
516	0.0356131
517	0.0352895
518	0.0349328
519	0.0348835
520	0.0350289
521	0.034653
522	0.033981
523	0.0327932
524	0.031759
525	0.0309141
526	0.0303628
527	0.0300226
528	0.0299595
529	0.0300007
530	0.0299979
531	0.0296303
532	0.028865
533	0.0281189
534	0.0273179
535	0.0266376
536	0.0257351
537	0.0251343
538	0.0246213
539	0.0241879
540	0.0237435
541	0.0232168
542	0.0223473
543	0.0214914
544	0.0207288
545	0.0202817
546	0.0200238
547	0.0196288
548	0.0191817
549	0.0190637
550	0.019039
551	0.0190802
552	0.0184959
553	0.0178814
554	0.0170639
555	0.0159804
556	0.0148365
557	0.0138243
558	0.0133278
559	0.0129766
560	0.0127106
561	0.01245
562	0.0119727
563	0.0114323
564	0.0104255
565	0.00955319
566	0.00878511
567	0.00808561
568	0.0073285
569	0.00697189
570	0.00853
571	0.0129821
572	0.0201418
573	0.0287882
574	0.0371822
575	-0.00290072
576	-0.00347404
577	-0.00432167
578	-0.00518577
579	-0.00611295
580	-0.00704288
581	-0.00810997
582	-0.00862294
583	-0.00881496
584	-0.00879576
585	-0.00907282
586	-0.0092182
587	-0.00939925
588	-0.0100357
589	-0.0108504
590	-0.012008
591	-0.012894
592	-0.0136045
593	-0.0142272
594	-0.0147018
595	-0.0147457
596	-0.0141998
597	-0.0135304
598	-0.0131903
599	-0.0126554
600	-0.0119394
601	-0.0114978
602	-0.0116486
603	-0.0127459
604	-0.0140516
605	-0.0151654
606	-0.016301
607	-0.0170664
608	-0.0170472
609	-0.0167619
610	-0.0162544
611	-0.0158292
612	-0.0158073
613	-0.0158457
614	-0.0164464
615	-0.0174888
616	-0.0186931
617	-0.019398
618	-0.0197985
619	-0.0200262
620	-0.0199768
621	-0.0198699
622	-0.0193926
623	-0.0185504
624	-0.0181746
625	-0.0183556
626	-0.0189866
627	-0.0200454
628	-0.0213018
629	-0.0226679
630	-0.0236417
631	-0.0242342
632	-0.0242918
633	-0.0241437
634	-0.0240916
635	-0.0238886
636	-0.0236828
637	-0.0235896
638	-0.0238255
639	-0.0243632
640	-0.0256277
641	-0.0264452
642	-0.0267415
643	-0.0271721
644	-0.0271667
645	-0.0271913
646	-0.0271749
647	-0.027345
648	-0.0273971
649	-0.0274081
650	-0.0275288
651	-0.0280774
652	-0.0286178
653	-0.0292652
654	-0.0297781
655	-0.030036
656	-0.0301649
657	-0.0301704
658	-0.029523
659	-0.029246
660	-0.0292405
661	-0.0293968
662	-0.0296053
663	-0.030047
664	-0.0307218
665	-0.0315338
666	-0.0321318
667	-0.0325131
668	-0.0327791
669	-0.0325515
670	-0.0320988
671	-0.0319672
672	-0.0319699
673	-0.0324253
674	-0.0328697
675	-0.0333881
676	-0.0338682
677	-0.0342824
678	-0.0343866
679	-0.0344881
680	-0.034447
681	-0.0342989
682	-0.0339944
683	-0.0338325
684	-0.0338956
685	0.0104063
686	0.00963274
687	0.00873299
688	0.00796491
689	0.00723523
690	0.00651378
691	0.00625318
692	0.0061654
693	0.00600081
694	0.00595692
695	0.00584994
696	0.00548784
697	0.00475267
698	0.00352923
699	0.00240454
700	0.0014554
701	0.000766873
702	0.00011126
703	-0.000429141
704	-0.000876275
705	-0.00081044
706	-0.00090645
707	-0.000689741
708	-0.00055807
709	-0.000563556
710	-0.000676025
711	-0.00138924
712	-0.00236855
713	-0.00337803
714	-0.00465085
715	-0.00562742
716	-0.00610198
717	-0.00670822
718	-0.00733366
719	-0.00778902
720	-0.00806059
721	-0.00834862
722	-0.00863666
723	-0.00911671
724	-0.0096818
725	-0.0103566
726	-0.0109052
727	-0.0109272
728	-0.0109903
729	-0.0109135
730	-0.0108614
731	-0.0109574
732	-0.0112399
733	-0.0116267
734	-0.0124606
735	-0.0132698
736	-0.0139364
737	-0.0147758
738	-0.0153574
739	-0.0160157
740	-0.016504
741	-0.016504
742	-0.0163861
743	-0.0163559
744	-0.0163367
745	-0.0162763
746	-0.0160514
747	-0.016109
748	-0.0165013
749	-0.0167893
750	-0.0168277
751	-0.0163394
752	-0.0159581
753	-0.0155659
754	-0.0149624
755	-0.0146579
756	-0.0147649
757	-0.0146496
758	-0.0143726
759	-0.0139885
760	-0.013898
761	-0.0137499
762	-0.0135112
763	-0.0130915
764	-0.0129352
765	-0.0128831
766	-0.0125895
767	-0.0123783
768	-0.0127486
769	-0.0136182
770	-0.0143369
771	-0.0150035
772	-0.0153684
773	-0.0159142
774	-0.0160925
775	-0.0163669
776	-0.0165699
777	-0.016792
778	-0.017006
779	-0.0171569
780	-0.0170417
781	-0.0158621
782	-0.0135112
783	-0.00978055
784	-0.00543814
785	-0.00113687
786	0.00306564
787	0.00704047
788	0.0106505
789	0.0135692
790	0.0159365
791	-0.0284175
792	-0.0281268
793	-0.0281844
794	-0.0287165
795	-0.0294325
796	-0.0298988
797	-0.0297013
798	-0.0294819
799	-0.0290731
800	-0.0285629
801	-0.028124
802	-0.0279375
803	-0.0279347
804	-0.0280445
805	-0.0282831
806	-0.0287495
807	-0.0291692
808	-0.0293694
809	-0.0296327
810	-0.029416
811	-0.0291609
812	-0.0286754
813	-0.0282667
814	-0.0282667
815	-0.0282776
816	-0.0284477
817	-0.0285465
818	-0.0284779
819	-0.0287303
820	-0.0292844
821	-0.0297699
822	-0.0302993
823	-0.0308233
824	-0.0311086
825	-0.0311113
826	-0.0311854
827	-0.0309659
828	-0.0306861
829	-0.030848
830	-0.0310702
831	-0.0313472
832	-0.0320275
833	-0.0327846
834	0.0115502
835	0.0111278
836	0.0111168
837	0.0112073
838	0.0110482
839	0.01104
840	0.0104584
841	0.00973424
842	0.00936117
843	0.00867264
844	0.00822825
845	0.00793473
846	0.00777837
847	0.00771528
848	0.00813498
849	0.00883997
850	0.0095093
851	0.0100826
852	0.0109577
853	0.0122003
854	0.0137694
855	0.0152974
856	0.0169213
857	0.0187647
858	0.0202844
859	0.0219111
860	0.0239136
861	0.0264099
862	0.0293972
863	0.0324283
864	0.0350645
865	0.0377089
866	0.0401613
867	0.0420184
868	0.0433324
869	0.044276
870	0.0451621
871	0.0456942
872	0.0463334
873	0.0467202
874	0.0468491
875	0.0468025
876	0.0466324
877	0.0462127
878	0.0460947
879	0.0458067
880	0.0458835
881	0.0457134
882	0.0455296
883	0.045195
884	0.0445119
885	0.0433434
886	0.0421583
887	0.0413052
888	0.0404109
889	0.0396346
890	0.039278
891	0.0388885
892	0.0388089
893	0.038765
894	0.0387952
895	0.0386059
896	0.0384002
897	0.0377391
898	0.0372782
899	0.0370204
900	0.0368339
901	0.0360383
902	0.0349164
903	0.0341428
904	0.0335448
905	0.032977
906	0.032283
907	0.0314545
908	0.0304807
909	0.029548
910	0.0286263
911	0.0279927
912	0.0273041
913	0.0268268
914	0.0261877
915	0.0258722
916	0.0252523
917	0.0246625
918	0.0241248
919	0.0232936
920	0.0227011
921	0.0223774
922	0.0219385
923	0.021261
924	0.0203832
925	0.0196809
926	0.0189704
927	0.0184492
928	0.0183203
929	0.0187181
930	0.0191158
931	0.0194505
932	0.0195026
933	0.0194834
934	0.0191734
935	0.0189622
936	0.0184684
937	0.0180295
938	0.0178979
939	0.0178293
940	0.0178512
941	0.0175413
942	0.0173712
943	0.0174452
944	0.0175001
945	0.0169899
946	0.0162437
947	0.0155525
948	0.0150038
949	0.0142961
950	0.0139066
951	0.0135308
952	0.0131577
953	0.0130809
954	0.012631
955	0.0121482
956	0.0116462
957	0.0110318
958	0.0102225
959	0.00955045
960	0.00902376
961	0.00876317
962	0.00882626
963	0.00873573
964	0.00897713
965	0.00911155
966	0.00930082
967	0.0092103
968	0.00902651
969	0.00860955
970	0.00766042
971	0.00640954
972	0.00532874
973	0.00427537
974	0.00351826
975	0.00305192
976	0.00264593
977	0.00236613
978	0.00206439
979	0.00146638
980	0.000717497
981	0.000550165
982	0.000308767
983	0.000204528
984	0.000890316
985	0.00250878
986	0.00472524
987	0.00723797
988	0.00986317
989	0.0124664
990	0.0143976
991	0.0158954
992	0.0168884
993	0.0179527
994	0.0187592
995	0.0191844
996	0.0192475
997	0.0187263
998	0.0181667
999	0.0174343
1000	0.0168418
1001	0.0167759
1002	0.0170255
1003	0.0174782
1004	0.0178814
1005	0.0178759
1006	0.0178293
1007	0.0176373
1008	0.0175879
1009	0.0172971
1010	0.0169213
1011	0.0165729
1012	0.0162712
1013	0.016422
1014	0.0166168
1015	0.0166168
1016	0.0162657
1017	0.0156567
1018	0.0148585
1019	0.0142193
1020	0.0135884
1021	0.0129437
1022	0.0123018
1023	0.0113692
