0	1.39645e-05
1	0.000781264
2	-0.000962598
3	-0.000195299
4	1.39645e-05
5	0.000432491
6	-0.000474317
7	-0.000125544
8	0.000641755
9	0.000781264
10	-5.57899e-05
11	-0.000404562
12	0.000851018
13	0.000781264
14	0.000153473
15	1.39645e-05
16	-0.000474317
17	0.000502246
18	0.000572
19	-0.000474317
20	-0.000544071
21	0.000572
22	-5.57899e-05
23	-0.000962598
24	-0.00145088
25	-0.000823089
26	0.000153473
27	0.000153473
28	-0.000544071
29	-0.000195299
30	-0.000195299
31	-0.00068358
32	-0.000753335
33	0.000362737
34	0.000292982
35	-0.000753335
36	-0.00124162
37	8.3719e-05
38	1.39645e-05
39	0.000223228
40	-0.000334808
41	-0.000544071
42	0.000223228
43	0.000502246
44	0.000502246
45	-0.000195299
46	0.00106028
47	0.000990527
48	0.00140905
49	0.000362737
50	0.000572
51	0.0013393
52	0.000920773
53	0.000641755
54	0.000432491
55	0.00119979
56	0.00175783
57	0.0013393
58	0.000851018
59	0.00175783
60	0.00266463
61	0.00217635
62	0.000990527
63	0.00168807
64	0.00182758
65	0.00140905
66	0.00336218
67	0.0268694
68	0.116504
69	0.299749
70	0.542006
71	0.778055
72	0.971275
73	1.12027
74	1.23292
75	1.31523
76	1.36706
77	1.38924
78	1.38464
79	1.35988
80	1.32005
81	1.26941
82	1.21095
83	1.14789
84	1.08379
85	1.02143
86	0.961928
87	0.905706
88	0.856738
89	0.820257
90	0.796052
91	0.779032
92	0.764035
93	0.747852
94	0.729227
95	0.708371
96	0.686677
97	0.662612
98	0.637221
99	0.61197
100	0.585951
101	0.559654
102	0.534682
103	0.511802
104	0.490388
105	0.469182
106	0.450558
107	0.433817
108	0.417704
109	0.403544
110	0.392034
111	0.382687
112	0.373131
113	0.364969
114	0.357296
115	0.348507
116	0.339927
117	0.331487
118	0.322698
119	0.313909
120	0.30519
121	0.296052
122	0.287681
123	0.279729
124	0.271568
125	0.263616
126	0.255664
127	0.247782
128	0.241574
129	0.23397
130	0.227135
131	0.221624
132	0.216811
133	0.211021
134	0.205022
135	0.199791
136	0.195745
137	0.190653
138	0.184933
139	0.179771
140	0.174958
141	0.170703
142	0.165541
143	0.161496
144	0.15752
145	0.153055
146	0.148591
147	0.143359
148	0.139453
149	0.135198
150	0.130943
151	0.126549
152	0.122642
153	0.119852
154	0.116085
155	0.111761
156	0.108482
157	0.106808
158	0.104925
159	0.101437
160	0.0981585
161	0.0957868
162	0.094322
163	0.0921596
164	0.0894392
165	0.0875558
166	0.0848354
167	0.0827428
168	0.0813477
169	0.078976
170	0.0763951
171	0.0742327
172	0.0724191
173	0.0703962
174	0.0692104
175	0.0677455
176	0.0660714
177	0.0645368
178	0.0621652
179	0.0609794
180	0.0597935
181	0.058538
182	0.0576312
183	0.0565151
184	0.0558873
185	0.0541434
186	0.0527483
187	0.0510045
188	0.0500977
189	0.0494699
190	0.0492606
191	0.0479353
192	0.0472377
193	0.0461217
194	0.0446568
195	0.0438198
196	0.0435408
197	0.0427037
198	0.0408203
199	0.0395647
200	0.0387974
201	0.0377511
202	0.0367746
203	0.0351005
204	0.0344727
205	0.0343332
206	0.0332171
207	0.0318918
208	0.0310547
209	0.0303572
210	0.0302874
211	0.0281948
212	0.0263114
213	0.0262416
214	0.0257534
215	0.0249163
216	0.024428
217	0.0233817
218	0.0231724
219	0.0224749
220	0.0215681
221	0.0208008
222	0.0205915
223	0.0209403
224	0.020173
225	0.0184291
226	0.0172433
227	0.0161272
228	0.0157087
229	0.0144531
230	0.0144531
231	0.0139649
232	0.012221
233	0.012221
234	0.0118025
235	0.0108259
236	0.0109654
237	0.0112444
238	0.0113142
239	0.0108957
240	0.0101284
241	0.0103376
242	0.0101284
243	0.00936106
244	0.0099191
245	0.0091518
246	0.00845425
247	0.00768696
248	0.00726843
249	0.00636162
250	0.00629187
251	0.00636162
252	0.00545481
253	0.00426899
254	0.00475727
255	0.00433874
256	0.00329242
257	0.00259488
258	0.00273439
259	0.00322267
260	0.0021066
261	0.00168807
262	0.00217635
263	0.00182758
264	0.00140905
265	0.00119979
266	0.00113004
267	0.000292982
268	0.000432491
269	-0.000404562
270	-0.00124162
271	-0.00159039
272	-0.00145088
273	-0.00214842
274	-0.00242744
275	-0.00319474
276	-0.00291572
277	-0.00312499
278	-0.00389229
279	-0.00389229
280	-0.003404
281	-0.00396204
282	-0.00445032
283	-0.0049386
284	-0.00584541
285	-0.00577566
286	-0.0049386
287	-0.0057059
288	-0.00612443
289	-0.00619418
290	-0.00563615
291	-0.00689173
292	-0.00710099
293	-0.00675222
294	-0.00640345
295	-0.00577566
296	-0.00521762
297	-0.0057059
298	-0.00598492
299	-0.00563615
300	-0.00640345
301	-0.00675222
302	-0.00668246
303	-0.00717075
304	-0.00738001
305	-0.00779854
306	-0.00738001
307	-0.00738001
308	-0.00786829
309	-0.00807755
310	-0.0080078
311	-0.00821706
312	-0.0080078
313	-0.00584541
314	-0.00361327
315	-0.00103235
316	0.000920773
317	0.00301341
318	0.004548
319	0.00636162
320	0.00664064
321	0.00775671
322	0.00747769
323	0.00768696
324	0.0083845
325	0.00733818
326	0.00622211
327	0.00636162
328	0.00566408
329	0.00496653
330	0.00343193
331	0.00322267
332	0.00371095
333	0.00371095
334	0.00357144
335	0.00343193
336	0.00433874
337	0.00412948
338	0.00350169
339	0.00385046
340	0.00447825
341	0.00468751
342	0.00489678
343	0.0044085
344	0.00517579
345	0.00468751
346	0.00385046
347	0.00426899
348	0.00412948
349	0.00433874
350	0.00378071
351	0.00203684
352	0.0013393
353	0.00126954
354	0.000641755
355	0.000292982
356	0.000432491
357	0.000362737
358	-0.000265053
359	-0.00103235
360	-0.000265053
361	-0.000334808
362	-0.000613826
363	-0.000962598
364	0.000292982
365	0.00266463
366	0.00503629
367	0.00538506
368	0.00573383
369	0.00691966
370	0.00650113
371	0.0060826
372	0.0053153
373	0.00545481
374	0.00545481
375	0.00475727
376	0.0036412
377	0.00280414
378	0.00315292
379	0.00224611
380	0.00140905
381	0.000641755
382	0.00147881
383	0.00106028
384	-0.000125544
385	-0.000334808
386	0.00126954
387	0.00238562
388	0.00224611
389	0.00217635
390	0.00154856
391	0.0021066
392	0.00161832
393	0.000781264
394	8.3719e-05
395	0.000432491
396	0.000502246
397	8.3719e-05
398	-0.00179965
399	-0.00145088
400	-0.00166014
401	-0.00179965
402	-0.00277621
403	-0.00214842
404	-0.0017299
405	-0.00166014
406	-0.000892844
407	0.000641755
408	0.00224611
409	0.00343193
410	0.00280414
411	0.00273439
412	0.00350169
413	0.00378071
414	0.00231586
415	0.00147881
416	0.000572
417	-5.57899e-05
418	-0.000125544
419	-0.000334808
420	-0.000404562
421	-0.00110211
422	-0.00159039
423	-0.00228793
424	-0.00221818
425	-0.00179965
426	-0.00110211
427	-0.00179965
428	-0.00200891
429	-0.00179965
430	-0.00221818
431	-0.0017299
432	-0.000962598
433	-0.00103235
434	-0.00131137
435	-0.0024972
436	-0.0032645
437	-0.00319474
438	-0.003404
439	-0.0032645
440	-0.00375278
441	-0.00389229
442	-0.00403179
443	-0.00410155
444	-0.0041713
445	-0.0049386
446	-0.00500836
447	-0.00472934
448	-0.00431081
449	-0.00486885
450	-0.00549664
451	-0.00479909
452	-0.00528737
453	-0.00535713
454	-0.00612443
455	-0.0057059
456	-0.00591516
457	-0.00598492
458	-0.00619418
459	-0.00633369
460	-0.00654296
461	-0.00751952
462	-0.00786829
463	-0.00744976
464	-0.00675222
465	-0.0072405
466	-0.00744976
467	-0.00598492
468	-0.00535713
469	-0.00598492
470	-0.00598492
471	-0.00591516
472	-0.00535713
473	-0.00458983
474	-0.00472934
475	-0.00445032
476	-0.00382253
477	-0.00375278
478	-0.00479909
479	-0.00472934
480	-0.00521762
481	-0.00563615
482	-0.0057059
483	-0.00689173
484	-0.00626394
485	-0.00612443
486	-0.00717075
487	-0.00758927
488	-0.00751952
489	-0.00731025
490	-0.0080078
491	-0.00891461
492	-0.00870534
493	-0.00884485
494	-0.00891461
495	-0.00870534
496	-0.00912387
497	-0.00891461
498	-0.00891461
499	-0.00842633
500	-0.00898436
501	-0.00835657
502	-0.00856583
503	-0.00849608
504	-0.00849608
505	-0.00849608
506	-0.00849608
507	-0.0095424
508	-0.0101702
509	-0.00968191
510	-0.00989117
511	-0.00996092
512	-0.0103097
513	-0.00996092
514	-0.00996092
515	-0.00961215
516	-0.0100307
517	-0.00975166
518	-0.010519
519	-0.00982141
520	-0.00968191
521	-0.00982141
522	-0.0101004
523	-0.0095424
524	-0.00835657
525	-0.00765903
526	-0.00828682
527	-0.00703124
528	-0.00584541
529	-0.00633369
530	-0.00696148
531	-0.00577566
532	-0.00598492
533	-0.0064732
534	-0.00696148
535	-0.00682197
536	-0.00758927
537	-0.00793804
538	-0.00758927
539	-0.00786829
540	-0.00779854
541	-0.00751952
542	-0.0080078
543	-0.00821706
544	-0.00835657
545	-0.00738001
546	-0.00828682
547	-0.00905412
548	-0.00849608
549	-0.00856583
550	-0.00891461
551	-0.00912387
552	-0.00961215
553	-0.00947264
554	-0.00940289
555	-0.00989117
556	-0.00968191
557	-0.00982141
558	-0.00982141
559	-0.0104492
560	-0.0109375
561	-0.0111467
562	-0.0107282
563	-0.0109375
564	-0.0111467
565	-0.0100307
566	-0.00961215
567	-0.00968191
568	-0.00933313
569	-0.00751952
570	-0.00717075
571	-0.0072405
572	-0.00668246
573	-0.00661271
574	-0.00633369
575	-0.00542688
576	-0.00563615
577	-0.00654296
578	-0.00689173
579	-0.0064732
580	-0.00591516
581	-0.00710099
582	-0.00751952
583	-0.00751952
584	-0.00807755
585	-0.00828682
586	-0.00884485
587	-0.00919362
588	-0.00933313
589	-0.0102399
590	-0.0111467
591	-0.0111467
592	-0.0112165
593	-0.0112165
594	-0.011635
595	-0.0119838
596	-0.0104492
597	-0.0108677
598	-0.0108677
599	-0.0110072
600	-0.0111467
601	-0.0107282
602	-0.011356
603	-0.0112165
604	-0.0117048
605	-0.0123326
606	-0.0124721
607	-0.0126116
608	-0.0119838
609	-0.011914
610	-0.0118443
611	-0.0121931
612	-0.0128906
613	-0.0133091
614	-0.0133789
615	-0.0126813
616	-0.0131696
617	-0.0127511
618	-0.0133091
619	-0.0128906
620	-0.0133789
621	-0.0133091
622	-0.0133091
623	-0.0134486
624	-0.0130999
625	-0.0128906
626	-0.0129604
627	-0.011635
628	-0.0103097
629	-0.0105887
630	-0.0121233
631	-0.0117745
632	-0.011077
633	-0.0105887
634	-0.0109375
635	-0.0102399
636	-0.00996092
637	-0.0112863
638	-0.011635
639	-0.011077
640	-0.0109375
641	-0.0114955
642	-0.0118443
643	-0.0119838
644	-0.0118443
645	-0.0118443
646	-0.0128906
647	-0.0130999
648	-0.0119838
649	-0.0133091
650	-0.0135882
651	-0.0138672
652	-0.0126116
653	-0.0128906
654	-0.0137974
655	-0.0133091
656	-0.0120536
657	-0.0121233
658	-0.0128209
659	-0.0126813
660	-0.0112165
661	-0.0107282
662	-0.0109375
663	-0.0110072
664	-0.010798
665	-0.0101702
666	-0.00989117
667	-0.0101702
668	-0.00947264
669	-0.00891461
670	-0.00996092
671	-0.0117048
672	-0.0118443
673	-0.0111467
674	-0.010519
675	-0.0112165
676	-0.0105887
677	-0.010519
678	-0.010519
679	-0.011635
680	-0.0114955
681	-0.00996092
682	-0.0101702
683	-0.0114955
684	-0.0123326
685	-0.0121931
686	-0.0120536
687	-0.011635
688	-0.0119838
689	-0.0118443
690	-0.0125418
691	-0.0124023
692	-0.0124721
693	-0.0125418
694	-0.0117048
695	-0.0119838
696	-0.0122628
697	-0.0129604
698	-0.0123326
699	-0.0130301
700	-0.0128209
701	-0.0125418
702	-0.0126813
703	-0.0124721
704	-0.0128209
705	-0.0135882
706	-0.0139369
707	-0.0134486
708	-0.0133091
709	-0.0129604
710	-0.0129604
711	-0.0134486
712	-0.0130301
713	-0.0136579
714	-0.0127511
715	-0.0127511
716	-0.0130999
717	-0.0121233
718	-0.0117048
719	-0.0111467
720	-0.0114955
721	-0.0114955
722	-0.0104492
723	-0.0102399
724	-0.010519
725	-0.0117745
726	-0.0115653
727	-0.0108677
728	-0.0117048
729	-0.011635
730	-0.0114955
731	-0.011356
732	-0.011077
733	-0.0118443
734	-0.0108677
735	-0.0106585
736	-0.0107282
737	-0.0112863
738	-0.0115653
739	-0.0107282
740	-0.0103795
741	-0.0103795
742	-0.0101004
743	-0.0105887
744	-0.00982141
745	-0.0107282
746	-0.010798
747	-0.0117048
748	-0.0111467
749	-0.0109375
750	-0.0118443
751	-0.0124023
752	-0.0115653
753	-0.0114955
754	-0.0124023
755	-0.0130301
756	-0.0127511
757	-0.0123326
758	-0.0121931
759	-0.0123326
760	-0.011914
761	-0.0117048
762	-0.0117745
763	-0.0122628
764	-0.0128209
765	-0.0121931
766	-0.0115653
767	-0.0117745
768	-0.0121931
769	-0.011635
770	-0.0121233
771	-0.0114955
772	-0.0114258
773	-0.0109375
774	-0.0102399
775	-0.0106585
776	-0.0111467
777	-0.0109375
778	-0.00996092
779	-0.00961215
780	-0.0105887
781	-0.0101702
782	-0.00975166
783	-0.0101702
784	-0.011077
785	-0.010519
786	-0.0104492
787	-0.010798
788	-0.0108677
789	-0.0117048
790	-0.0115653
791	-0.0109375
792	-0.0103795
793	-0.0123326
794	-0.0125418
795	-0.0121233
796	-0.0115653
797	-0.0120536
798	-0.0129604
799	-0.011914
800	-0.0108677
801	-0.0122628
802	-0.0134486
803	-0.0121233
804	-0.0112863
805	-0.011635
806	-0.0126116
807	-0.0121233
808	-0.0117745
809	-0.0117745
810	-0.0129604
811	-0.0138672
812	-0.0128906
813	-0.0126116
814	-0.0134486
815	-0.0135882
816	-0.0128906
817	-0.0127511
818	-0.0134486
819	-0.0137974
820	-0.0133091
821	-0.0136579
822	-0.0135184
823	-0.0139369
824	-0.0132394
825	-0.0120536
826	-0.0117745
827	-0.011635
828	-0.0118443
829	-0.0112165
830	-0.0110072
831	-0.0115653
832	-0.0115653
833	-0.0115653
834	-0.0103795
835	-0.0109375
836	-0.0115653
837	-0.0112165
838	-0.0108677
839	-0.0112863
840	-0.011635
841	-0.0110072
842	-0.0103795
843	-0.0101702
844	-0.0102399
845	-0.0109375
846	-0.0107282
847	-0.0101004
848	-0.00863559
849	-0.00968191
850	-0.0106585
851	-0.00926338
852	-0.00912387
853	-0.00940289
854	-0.00968191
855	-0.00898436
856	-0.00919362
857	-0.00933313
858	-0.00940289
859	-0.00989117
860	-0.0095424
861	-0.00996092
862	-0.0111467
863	-0.011635
864	-0.011356
865	-0.0101004
866	-0.0114258
867	-0.0119838
868	-0.0112165
869	-0.0105887
870	-0.0100307
871	-0.0110072
872	-0.0109375
873	-0.00982141
874	-0.0100307
875	-0.0114955
876	-0.011635
877	-0.011635
878	-0.011077
879	-0.0120536
880	-0.0125418
881	-0.0121233
882	-0.011635
883	-0.0128209
884	-0.0126813
885	-0.0117745
886	-0.0120536
887	-0.0126813
888	-0.0119838
889	-0.0111467
890	-0.00940289
891	-0.00947264
892	-0.0105887
893	-0.010519
894	-0.00961215
895	-0.00863559
896	-0.00961215
897	-0.0114258
898	-0.0112165
899	-0.010519
900	-0.0103795
901	-0.0108677
902	-0.0103795
903	-0.0103097
904	-0.00982141
905	-0.0103795
906	-0.0101702
907	-0.00982141
908	-0.0103097
909	-0.00968191
910	-0.00912387
911	-0.0087751
912	-0.00968191
913	-0.0101004
914	-0.0106585
915	-0.0103795
916	-0.0107282
917	-0.0110072
918	-0.0112863
919	-0.011356
920	-0.010798
921	-0.011077
922	-0.011914
923	-0.011077
924	-0.0102399
925	-0.010519
926	-0.0112165
927	-0.0118443
928	-0.0108677
929	-0.0107282
930	-0.0110072
931	-0.010519
932	-0.00989117
933	-0.0104492
934	-0.0108677
935	-0.010519
936	-0.0103795
937	-0.0106585
938	-0.0107282
939	-0.0114258
940	-0.0107282
941	-0.010798
942	-0.0114955
943	-0.0109375
944	-0.0112863
945	-0.0115653
946	-0.0112863
947	-0.0120536
948	-0.0127511
949	-0.0121233
950	-0.011077
951	-0.011356
952	-0.0110072
953	-0.0117745
954	-0.0117745
955	-0.0121931
956	-0.0134486
957	-0.0136579
958	-0.0122628
959	-0.0112863
960	-0.0132394
961	-0.0136579
962	-0.0130999
963	-0.0130301
964	-0.0132394
965	-0.0128209
966	-0.0128209
967	-0.0122628
968	-0.0126116
969	-0.0117048
970	-0.011635
971	-0.0124721
972	-0.0126116
973	-0.0124721
974	-0.0127511
975	-0.011914
976	-0.011077
977	-0.0115653
978	-0.011077
979	-0.0108677
980	-0.011077
981	-0.0114955
982	-0.0101702
983	-0.00975166
984	-0.010519
985	-0.0101702
986	-0.0101004
987	-0.00982141
988	-0.00940289
989	-0.00891461
990	-0.00912387
991	-0.00919362
992	-0.00898436
993	-0.00905412
994	-0.00996092
995	-0.00891461
996	-0.0095424
997	-0.00975166
998	-0.0102399
999	-0.00947264
1000	-0.00919362
1001	-0.00912387
1002	-0.00905412
1003	-0.0095424
1004	-0.0095424
1005	-0.00933313
1006	-0.00989117
1007	-0.00982141
1008	-0.00975166
1009	-0.00933313
1010	-0.0101004
1011	-0.0105887
1012	-0.010798
1013	-0.00989117
1014	-0.0103795
1015	-0.0106585
1016	-0.010519
1017	-0.00975166
1018	-0.0102399
1019	-0.0109375
1020	-0.0115653
1021	-0.0112165
1022	-0.0110072
1023	-0.0114258
