0	0.00134617
1	0.00142572
2	0.00127759
3	0.00129405
4	0.000926471
5	0.000797543
6	0.000962132
7	0.00073445
8	0.000413501
9	0.000243426
10	0.000205022
11	0.000224224
12	0.000202278
13	0.000106268
14	-0.000115927
15	-0.000403958
16	-0.000637126
17	-0.000439619
18	-0.000343609
19	-0.000184506
20	-0.000159818
21	-0.000132386
22	-4.46054e-05
23	-7.75232e-05
24	-8.30095e-05
25	-7.75232e-05
26	-0.000228397
27	-0.000491739
28	-0.000661815
29	-0.000414931
30	-0.000236626
31	-0.0003875
32	-0.000165304
33	-9.39821e-05
34	-5.83211e-05
35	-0.000189992
36	-0.0003875
37	-0.000637126
38	-0.000716678
39	-0.000510941
40	-0.000321664
41	-0.000225653
42	-0.00043139
43	-0.000598722
44	-0.000546602
45	-0.000324407
46	-0.000148845
47	0.000117241
48	5.1405e-05
49	0.000150158
50	0.000196792
51	5.1405e-05
52	-9.1239e-05
53	-0.000373784
54	-0.00048351
55	-0.000307948
56	-0.00027503
57	-0.000318921
58	-0.000102212
59	0.000731707
60	0.00281376
61	0.00971279
62	0.038771
63	0.145386
64	0.426225
65	0.959968
66	1.72815
67	2.60943
68	3.46093
69	4.17852
70	4.71034
71	5.05054
72	5.22454
73	5.27193
74	5.23522
75	5.15091
76	5.04565
77	4.93665
78	4.83441
79	4.74436
80	4.66811
81	4.60555
82	4.55536
83	4.51573
84	4.48392
85	4.45655
86	4.43163
87	4.40793
88	4.38473
89	4.36182
90	4.3396
91	4.31722
92	4.29278
93	4.2662
94	4.2396
95	4.2149
96	4.19129
97	4.16739
98	4.14225
99	4.11562
100	4.08812
101	4.06054
102	4.03273
103	4.00456
104	3.97587
105	3.94679
106	3.91689
107	3.88664
108	3.85683
109	3.82741
110	3.79801
111	3.76812
112	3.73813
113	3.70833
114	3.67879
115	3.64919
116	3.61953
117	3.59065
118	3.56297
119	3.53525
120	3.50783
121	3.48101
122	3.45503
123	3.42834
124	3.40106
125	3.37325
126	3.34518
127	3.3169
128	3.2883
129	3.25907
130	3.22903
131	3.19937
132	3.17013
133	3.14147
134	3.11384
135	3.08687
136	3.06045
137	3.03367
138	3.00636
139	2.97842
140	2.95014
141	2.92243
142	2.89577
143	2.8688
144	2.84071
145	2.81253
146	2.78567
147	2.75958
148	2.73381
149	2.70798
150	2.68227
151	2.6561
152	2.63033
153	2.60454
154	2.5786
155	2.55237
156	2.52684
157	2.50142
158	2.47731
159	2.45411
160	2.43074
161	2.40708
162	2.38358
163	2.36084
164	2.33879
165	2.3169
166	2.29469
167	2.27251
168	2.25092
169	2.23005
170	2.20962
171	2.18913
172	2.16815
173	2.14628
174	2.12482
175	2.10401
176	2.08407
177	2.06456
178	2.04468
179	2.02461
180	2.00519
181	1.9861
182	1.96704
183	1.94786
184	1.92901
185	1.9107
186	1.8924
187	1.87443
188	1.85643
189	1.83834
190	1.82101
191	1.80467
192	1.78799
193	1.77021
194	1.75188
195	1.7335
196	1.71431
197	1.69442
198	1.67513
199	1.65669
200	1.63916
201	1.6218
202	1.60519
203	1.58954
204	1.57516
205	1.56076
206	1.54604
207	1.53075
208	1.51483
209	1.49859
210	1.48242
211	1.46671
212	1.45146
213	1.43644
214	1.42216
215	1.40698
216	1.39171
217	1.37623
218	1.36071
219	1.34502
220	1.32964
221	1.31463
222	1.29983
223	1.28534
224	1.27137
225	1.25811
226	1.24548
227	1.23287
228	1.22087
229	1.20888
230	1.19686
231	1.18528
232	1.17463
233	1.16462
234	1.15434
235	1.14384
236	1.13309
237	1.12239
238	1.11224
239	1.10212
240	1.09242
241	1.08234
242	1.07182
243	1.06106
244	1.0504
245	1.03962
246	1.02862
247	1.01791
248	1.00753
249	0.997467
250	0.987581
251	0.978386
252	0.970848
253	0.964761
254	0.960092
255	0.955489
256	0.950271
257	0.943773
258	0.936141
259	0.927789
260	0.919334
261	0.913538
262	0.915494
263	0.927627
264	0.919924
265	0.910773
266	0.901564
267	0.892572
268	0.88403
269	0.875419
270	0.867469
271	0.860738
272	0.85572
273	0.85205
274	0.849535
275	0.846863
276	0.843382
277	0.838913
278	0.833698
279	0.827364
280	0.820361
281	0.812636
282	0.805469
283	0.798218
284	0.790941
285	0.783995
286	0.777148
287	0.769967
288	0.762659
289	0.755244
290	0.747843
291	0.740574
292	0.733491
293	0.727248
294	0.723618
295	0.724378
296	0.729598
297	0.738028
298	0.734857
299	0.728926
300	0.722727
301	0.716692
302	0.7114
303	0.706641
304	0.701662
305	0.696417
306	0.691153
307	0.686007
308	0.681012
309	0.676433
310	0.672629
311	0.669208
312	0.665658
313	0.661999
314	0.657945
315	0.65375
316	0.649191
317	0.644199
318	0.639118
319	0.633942
320	0.62834
321	0.622594
322	0.617126
323	0.612021
324	0.60735
325	0.602379
326	0.597535
327	0.592699
328	0.588104
329	0.583879
330	0.579946
331	0.575581
332	0.57103
333	0.566071
334	0.561007
335	0.55627
336	0.552029
337	0.548314
338	0.545253
339	0.543264
340	0.541495
341	0.539136
342	0.536681
343	0.53433
344	0.532053
345	0.529721
346	0.527088
347	0.523711
348	0.520019
349	0.516209
350	0.512445
351	0.508701
352	0.505261
353	0.502452
354	0.500131
355	0.498161
356	0.496474
357	0.494458
358	0.492576
359	0.491726
360	0.492609
361	0.494916
362	0.497788
363	0.499969
364	0.500833
365	0.5002
366	0.498016
367	0.494966
368	0.491035
369	0.485995
370	0.480981
371	0.476123
372	0.472195
373	0.468812
374	0.465784
375	0.463142
376	0.460347
377	0.457195
378	0.453947
379	0.45059
380	0.447465
381	0.444319
382	0.441139
383	0.43793
384	0.434822
385	0.431774
386	0.429141
387	0.426516
388	0.423896
389	0.421331
390	0.419104
391	0.416265
392	0.413543
393	0.41088
394	0.408471
395	0.405882
396	0.403246
397	0.400749
398	0.398127
399	0.395433
400	0.393041
401	0.390512
402	0.387859
403	0.385261
404	0.382518
405	0.37963
406	0.376516
407	0.373364
408	0.370009
409	0.366682
410	0.363788
411	0.360963
412	0.357863
413	0.35498
414	0.352593
415	0.350281
416	0.348083
417	0.345796
418	0.343187
419	0.340329
420	0.337775
421	0.335539
422	0.333783
423	0.332373
424	0.330892
425	0.32968
426	0.327828
427	0.325658
428	0.323423
429	0.320959
430	0.3182
431	0.315094
432	0.312387
433	0.309882
434	0.307038
435	0.304399
436	0.302018
437	0.29939
438	0.297264
439	0.295371
440	0.29347
441	0.292285
442	0.291468
443	0.291931
444	0.292976
445	0.293709
446	0.29386
447	0.293374
448	0.292216
449	0.290721
450	0.288593
451	0.286302
452	0.284184
453	0.281984
454	0.279853
455	0.277532
456	0.275508
457	0.273234
458	0.271133
459	0.269366
460	0.267438
461	0.265155
462	0.262969
463	0.260555
464	0.257924
465	0.255266
466	0.252888
467	0.251086
468	0.249363
469	0.247264
470	0.245174
471	0.243328
472	0.241871
473	0.241076
474	0.241177
475	0.241729
476	0.242327
477	0.24267
478	0.242623
479	0.241945
480	0.240582
481	0.23906
482	0.240171
483	0.248721
484	0.267306
485	0.26814
486	0.265962
487	0.264223
488	0.262826
489	0.261243
490	0.25974
491	0.258089
492	0.256503
493	0.254962
494	0.253283
495	0.251417
496	0.249495
497	0.247775
498	0.246414
499	0.245136
500	0.243742
501	0.242645
502	0.241633
503	0.24059
504	0.238851
505	0.236994
506	0.235118
507	0.233058
508	0.231469
509	0.229733
510	0.228397
511	0.227064
512	0.225593
513	0.224038
514	0.222883
515	0.221684
516	0.220801
517	0.220261
518	0.219627
519	0.218804
520	0.21785
521	0.217402
522	0.217153
523	0.216371
524	0.21503
525	0.213375
526	0.212122
527	0.21063
528	0.209195
529	0.207922
530	0.206751
531	0.205892
532	0.205327
533	0.205239
534	0.205365
535	0.20539
536	0.205363
537	0.205237
538	0.204696
539	0.203613
540	0.202417
541	0.20152
542	0.200592
543	0.199358
544	0.197863
545	0.196009
546	0.194423
547	0.193205
548	0.192303
549	0.191285
550	0.190311
551	0.189441
552	0.188797
553	0.187941
554	0.18694
555	0.185697
556	0.184688
557	0.183489
558	0.18223
559	0.180532
560	0.179056
561	0.177882
562	0.177086
563	0.176197
564	0.175377
565	0.174346
566	0.173463
567	0.172423
568	0.171241
569	0.169872
570	0.168854
571	0.167864
572	0.167299
573	0.166841
574	0.166273
575	0.165455
576	0.164627
577	0.164026
578	0.163689
579	0.165686
580	0.174483
581	0.192772
582	0.198732
583	0.197523
584	0.195885
585	0.194437
586	0.193581
587	0.192936
588	0.192415
589	0.191976
590	0.191279
591	0.190492
592	0.189606
593	0.188394
594	0.187225
595	0.185713
596	0.184229
597	0.183086
598	0.182589
599	0.182254
600	0.181955
601	0.181563
602	0.181108
603	0.180224
604	0.179347
605	0.17851
606	0.178148
607	0.177791
608	0.177544
609	0.176919
610	0.176422
611	0.176096
612	0.176049
613	0.175701
614	0.175355
615	0.175114
616	0.174988
617	0.175246
618	0.175023
619	0.17434
620	0.173468
621	0.172667
622	0.172096
623	0.171191
624	0.170272
625	0.169685
626	0.169032
627	0.168412
628	0.168223
629	0.167836
630	0.167323
631	0.166618
632	0.165979
633	0.16551
634	0.164791
635	0.163996
636	0.16325
637	0.162306
638	0.161637
639	0.160904
640	0.160095
641	0.159338
642	0.159168
643	0.159105
644	0.158918
645	0.158927
646	0.159209
647	0.159409
648	0.159385
649	0.159407
650	0.159577
651	0.159824
652	0.160054
653	0.160123
654	0.160092
655	0.15998
656	0.159857
657	0.159708
658	0.159629
659	0.159577
660	0.159659
661	0.159815
662	0.159846
663	0.159878
664	0.159612
665	0.159431
666	0.158869
667	0.158329
668	0.158016
669	0.157802
670	0.157615
671	0.157305
672	0.156551
673	0.155341
674	0.15445
675	0.153528
676	0.153155
677	0.152628
678	0.151995
679	0.15169
680	0.151163
681	0.150491
682	0.149526
683	0.148769
684	0.14799
685	0.147337
686	0.14647
687	0.145792
688	0.145203
689	0.144846
690	0.144566
691	0.144374
692	0.144067
693	0.143422
694	0.14241
695	0.141398
696	0.140106
697	0.139074
698	0.138326
699	0.137928
700	0.137456
701	0.13663
702	0.135667
703	0.134875
704	0.13389
705	0.132719
706	0.131594
707	0.130549
708	0.129767
709	0.128911
710	0.127937
711	0.126648
712	0.125463
713	0.124399
714	0.123422
715	0.122473
716	0.121494
717	0.120756
718	0.120325
719	0.119845
720	0.119381
721	0.118811
722	0.11835
723	0.118045
724	0.117535
725	0.117008
726	0.116172
727	0.115648
728	0.115401
729	0.114844
730	0.11401
731	0.113341
732	0.112899
733	0.112246
734	0.111547
735	0.110743
736	0.110074
737	0.109462
738	0.108686
739	0.108104
740	0.107427
741	0.106615
742	0.105718
743	0.105139
744	0.104689
745	0.104184
746	0.103833
747	0.104033
748	0.104692
749	0.105367
750	0.106044
751	0.106478
752	0.106724
753	0.106977
754	0.106626
755	0.106209
756	0.105553
757	0.104769
758	0.104286
759	0.103987
760	0.103795
761	0.103391
762	0.102933
763	0.102763
764	0.103029
765	0.103295
766	0.103134
767	0.102857
768	0.10259
769	0.102544
770	0.102366
771	0.10202
772	0.101833
773	0.101436
774	0.10086
775	0.100338
776	0.0996004
777	0.0991588
778	0.0987199
779	0.0979463
780	0.0968957
781	0.0960727
782	0.0955351
783	0.0951483
784	0.0944845
785	0.0949096
786	0.0995757
787	0.112954
788	0.130359
789	0.130003
790	0.129553
791	0.129144
792	0.12915
793	0.129547
794	0.13037
795	0.131624
796	0.133629
797	0.136463
798	0.140279
799	0.144599
800	0.14873
801	0.15206
802	0.154357
803	0.155196
804	0.15519
805	0.154557
806	0.15346
807	0.152645
808	0.15174
809	0.150618
810	0.149844
811	0.149262
812	0.148785
813	0.149098
814	0.150571
815	0.152549
816	0.154617
817	0.156268
818	0.157363
819	0.157582
820	0.157259
821	0.156477
822	0.15581
823	0.154787
824	0.154307
825	0.153731
826	0.153155
827	0.152236
828	0.151062
829	0.150088
830	0.149446
831	0.148431
832	0.147205
833	0.145855
834	0.144997
835	0.144138
836	0.14311
837	0.142122
838	0.141074
839	0.140024
840	0.139066
841	0.138177
842	0.137412
843	0.136831
844	0.136057
845	0.135209
846	0.135637
847	0.14207
848	0.159042
849	0.172664
850	0.171792
851	0.171018
852	0.170418
853	0.169916
854	0.169416
855	0.16926
856	0.169455
857	0.170689
858	0.173035
859	0.17628
860	0.179783
861	0.183804
862	0.189392
863	0.196834
864	0.205319
865	0.213203
866	0.219501
867	0.223432
868	0.225053
869	0.225242
870	0.223846
871	0.221731
872	0.219569
873	0.218033
874	0.217166
875	0.217183
876	0.217946
877	0.219276
878	0.220343
879	0.221767
880	0.223657
881	0.226117
882	0.22815
883	0.229612
884	0.230397
885	0.230262
886	0.229777
887	0.229278
888	0.230759
889	0.236731
890	0.246771
891	0.259011
892	0.26276
893	0.261532
894	0.260366
895	0.259444
896	0.258616
897	0.257861
898	0.257137
899	0.256191
900	0.255384
901	0.254893
902	0.254649
903	0.254536
904	0.254218
905	0.253338
906	0.252339
907	0.25156
908	0.25083
909	0.250062
910	0.248946
911	0.248109
912	0.247426
913	0.246611
914	0.245649
915	0.245232
916	0.245457
917	0.245786
918	0.245983
919	0.246112
920	0.245706
921	0.244823
922	0.243512
923	0.242247
924	0.241375
925	0.240464
926	0.239556
927	0.238623
928	0.237628
929	0.236818
930	0.237858
931	0.242722
932	0.253159
933	0.267026
934	0.271097
935	0.270373
936	0.269539
937	0.268738
938	0.268036
939	0.267001
940	0.265501
941	0.263959
942	0.262557
943	0.261649
944	0.260939
945	0.260303
946	0.259529
947	0.258986
948	0.258569
949	0.257507
950	0.256133
951	0.255173
952	0.254482
953	0.253521
954	0.252035
955	0.250383
956	0.249042
957	0.247454
958	0.245934
959	0.244296
960	0.243545
961	0.24417
962	0.24651
963	0.248932
964	0.251524
965	0.253757
966	0.255107
967	0.25534
968	0.255099
969	0.254405
970	0.252729
971	0.250954
972	0.248751
973	0.246184
974	0.243888
975	0.242173
976	0.241037
977	0.24005
978	0.239252
979	0.238843
980	0.23833
981	0.237776
982	0.236895
983	0.23579
984	0.234961
985	0.234289
986	0.233554
987	0.234876
988	0.245289
989	0.269939
990	0.285372
991	0.298748
992	0.305249
993	0.30388
994	0.302292
995	0.300248
996	0.298899
997	0.29781
998	0.297022
999	0.29601
1000	0.294833
1001	0.293983
1002	0.292941
1003	0.292109
1004	0.291849
1005	0.292348
1006	0.293015
1007	0.293988
1008	0.295185
1009	0.296586
1010	0.297878
1011	0.2988
1012	0.29936
1013	0.299532
1014	0.299225
1015	0.298065
1016	0.296441
1017	0.294949
1018	0.293179
1019	0.290817
1020	0.288702
1021	0.287021
1022	0.285688
1023	0.284182
