0	-0.000343057
1	-0.000170239
2	-0.000112632
3	-6.87419e-05
4	0.000123279
5	0.000142481
6	0.000142481
7	0.00015894
8	0.000145224
9	8.06638e-06
10	-1.63076e-07
11	0.000145224
12	6.29294e-05
13	0.000101334
14	-8.7944e-05
15	-7.97145e-05
16	-7.14851e-05
17	5.47e-05
18	0.000117793
19	0.000123279
20	0.000227519
21	2.45253e-05
22	-3.85672e-05
23	-0.000115376
24	-0.000277222
25	-0.000104403
26	-5.2283e-05
27	6.84158e-05
28	-7.14851e-05
29	-7.42282e-05
30	2.72685e-05
31	0.000161683
32	9.58473e-05
33	7.93884e-05
34	2.17821e-05
35	-7.42282e-05
36	-5.77693e-05
37	-8.52008e-05
38	-0.000137321
39	-4.67967e-05
40	1.35527e-05
41	-7.14851e-05
42	-0.000131834
43	-0.000159266
44	-0.000208643
45	-6.05124e-05
46	0.000175399
47	8.48747e-05
48	0.000180885
49	0.000213803
50	0.000257693
51	0.000252207
52	0.00020283
53	0.000290611
54	0.000123279
55	0.000169912
56	9.0361e-05
57	4.09842e-05
58	2.45253e-05
59	0.000512807
60	0.00232329
61	0.00847892
62	0.0273765
63	0.0778286
64	0.190163
65	0.390784
66	0.678543
67	1.0187
68	1.35827
69	1.6515
70	1.87131
71	2.01127
72	2.08165
73	2.10105
74	2.0886
75	2.0595
76	2.02386
77	1.98747
78	1.95421
79	1.92513
80	1.9003
81	1.87924
82	1.86126
83	1.846
84	1.83235
85	1.81898
86	1.80541
87	1.79173
88	1.7776
89	1.76371
90	1.74924
91	1.73479
92	1.72044
93	1.70592
94	1.69307
95	1.68174
96	1.67148
97	1.66097
98	1.64965
99	1.63776
100	1.62555
101	1.61311
102	1.60089
103	1.58873
104	1.57617
105	1.56323
106	1.54977
107	1.53558
108	1.52114
109	1.50672
110	1.49281
111	1.47874
112	1.4647
113	1.4508
114	1.43742
115	1.42488
116	1.41279
117	1.40086
118	1.38883
119	1.37643
120	1.36457
121	1.353
122	1.3418
123	1.33023
124	1.31854
125	1.3065
126	1.29427
127	1.28223
128	1.27037
129	1.25832
130	1.24605
131	1.23385
132	1.22136
133	1.20865
134	1.19635
135	1.1844
136	1.17245
137	1.16049
138	1.14887
139	1.13717
140	1.12544
141	1.11377
142	1.10231
143	1.0909
144	1.07946
145	1.06804
146	1.05693
147	1.04588
148	1.03497
149	1.02406
150	1.01334
151	1.00272
152	0.99267
153	0.983129
154	0.974351
155	0.966399
156	0.958392
157	0.949973
158	0.941571
159	0.933306
160	0.924796
161	0.915834
162	0.906379
163	0.896597
164	0.886982
165	0.877611
166	0.868627
167	0.859471
168	0.850473
169	0.841415
170	0.832511
171	0.82378
172	0.814823
173	0.806078
174	0.797533
175	0.78932
176	0.781225
177	0.773215
178	0.765625
179	0.757804
180	0.749767
181	0.741238
182	0.732463
183	0.724044
184	0.715359
185	0.706738
186	0.698264
187	0.689969
188	0.681986
189	0.674431
190	0.667143
191	0.660049
192	0.653339
193	0.64635
194	0.639681
195	0.633056
196	0.626599
197	0.620677
198	0.615039
199	0.609358
200	0.603809
201	0.598158
202	0.592587
203	0.586886
204	0.580703
205	0.574493
206	0.567833
207	0.561361
208	0.554986
209	0.548625
210	0.542823
211	0.537252
212	0.531428
213	0.526008
214	0.520738
215	0.515449
216	0.510525
217	0.505437
218	0.500491
219	0.495496
220	0.490624
221	0.485634
222	0.480463
223	0.47521
224	0.470319
225	0.465543
226	0.46102
227	0.456326
228	0.451441
229	0.446862
230	0.442229
231	0.437815
232	0.433212
233	0.428785
234	0.424602
235	0.420649
236	0.416893
237	0.412918
238	0.408867
239	0.405282
240	0.401633
241	0.398232
242	0.394644
243	0.391009
244	0.387125
245	0.38329
246	0.379131
247	0.37509
248	0.371373
249	0.367456
250	0.363934
251	0.360579
252	0.358151
253	0.357112
254	0.357043
255	0.357435
256	0.357367
257	0.356409
258	0.354391
259	0.351639
260	0.348485
261	0.345368
262	0.343281
263	0.341942
264	0.341169
265	0.340801
266	0.340304
267	0.339492
268	0.33882
269	0.338318
270	0.33808
271	0.337841
272	0.337306
273	0.336066
274	0.33419
275	0.331954
276	0.329354
277	0.326591
278	0.32375
279	0.320644
280	0.317654
281	0.314587
282	0.311655
283	0.308706
284	0.306155
285	0.303406
286	0.300493
287	0.297462
288	0.294653
289	0.291679
290	0.289271
291	0.288009
292	0.289872
293	0.294922
294	0.301727
295	0.308769
296	0.310432
297	0.307601
298	0.304811
299	0.302035
300	0.299377
301	0.296548
302	0.293926
303	0.291408
304	0.288972
305	0.286629
306	0.284374
307	0.281966
308	0.279692
309	0.277807
310	0.275185
311	0.272708
312	0.270425
313	0.268469
314	0.2663
315	0.264102
316	0.262078
317	0.260196
318	0.258084
319	0.256205
320	0.254381
321	0.252565
322	0.250444
323	0.248006
324	0.245655
325	0.243359
326	0.241087
327	0.238797
328	0.236723
329	0.234534
330	0.232488
331	0.230921
332	0.229127
333	0.227887
334	0.226872
335	0.225973
336	0.224823
337	0.223644
338	0.222684
339	0.22177
340	0.220459
341	0.218832
342	0.217153
343	0.215672
344	0.213757
345	0.212103
346	0.21018
347	0.208433
348	0.206518
349	0.20485
350	0.20316
351	0.201745
352	0.2005
353	0.199128
354	0.197737
355	0.196541
356	0.195194
357	0.194772
358	0.196953
359	0.203086
360	0.211944
361	0.221647
362	0.229072
363	0.227514
364	0.226
365	0.224115
366	0.222157
367	0.220401
368	0.218668
369	0.217077
370	0.215315
371	0.213546
372	0.211774
373	0.210186
374	0.208932
375	0.207478
376	0.20575
377	0.204025
378	0.202543
379	0.200859
380	0.199125
381	0.197233
382	0.195576
383	0.193828
384	0.19218
385	0.190526
386	0.188803
387	0.187253
388	0.186043
389	0.185078
390	0.183961
391	0.182935
392	0.181907
393	0.180826
394	0.179583
395	0.178371
396	0.177175
397	0.175836
398	0.174857
399	0.174185
400	0.174102
401	0.173715
402	0.173293
403	0.172613
404	0.171738
405	0.170624
406	0.168981
407	0.167173
408	0.165343
409	0.163788
410	0.162161
411	0.160568
412	0.158881
413	0.157161
414	0.155693
415	0.154357
416	0.153156
417	0.151984
418	0.151235
419	0.150388
420	0.149908
421	0.149354
422	0.148681
423	0.147845
424	0.146989
425	0.146174
426	0.145058
427	0.14429
428	0.142869
429	0.141544
430	0.140271
431	0.139138
432	0.137805
433	0.136466
434	0.135342
435	0.134412
436	0.133943
437	0.133183
438	0.132187
439	0.131216
440	0.130401
441	0.129847
442	0.129142
443	0.128687
444	0.128239
445	0.127847
446	0.127718
447	0.127603
448	0.127301
449	0.12709
450	0.12655
451	0.125677
452	0.124621
453	0.123241
454	0.121749
455	0.120608
456	0.119577
457	0.118619
458	0.117684
459	0.116633
460	0.115456
461	0.114189
462	0.11358
463	0.113031
464	0.112735
465	0.112137
466	0.111462
467	0.110881
468	0.11045
469	0.109701
470	0.108983
471	0.108568
472	0.108733
473	0.109753
474	0.111336
475	0.112957
476	0.114099
477	0.114976
478	0.115245
479	0.115116
480	0.116159
481	0.12102
482	0.130272
483	0.142663
484	0.149631
485	0.148849
486	0.147924
487	0.147143
488	0.14655
489	0.14553
490	0.144561
491	0.143618
492	0.142762
493	0.142136
494	0.141645
495	0.141141
496	0.140619
497	0.139947
498	0.139418
499	0.138705
500	0.137786
501	0.136864
502	0.136057
503	0.135246
504	0.13451
505	0.133594
506	0.133139
507	0.132607
508	0.132371
509	0.132162
510	0.131592
511	0.130933
512	0.130286
513	0.129704
514	0.129246
515	0.128928
516	0.128511
517	0.128026
518	0.127507
519	0.12689
520	0.126393
521	0.125801
522	0.125236
523	0.124662
524	0.123999
525	0.123255
526	0.122737
527	0.122377
528	0.12215
529	0.12201
530	0.122095
531	0.122054
532	0.122117
533	0.122174
534	0.121848
535	0.121426
536	0.120896
537	0.120331
538	0.119922
539	0.119357
540	0.118896
541	0.118301
542	0.117544
543	0.117006
544	0.116444
545	0.115673
546	0.115105
547	0.114535
548	0.11395
549	0.113374
550	0.11282
551	0.112532
552	0.111899
553	0.111388
554	0.110842
555	0.110527
556	0.110275
557	0.109888
558	0.109317
559	0.109005
560	0.108601
561	0.108431
562	0.108022
563	0.107526
564	0.107082
565	0.106574
566	0.106004
567	0.105477
568	0.104805
569	0.10436
570	0.103856
571	0.103208
572	0.102215
573	0.101444
574	0.100789
575	0.10035
576	0.10046
577	0.102805
578	0.109405
579	0.119563
580	0.131342
581	0.136661
582	0.136066
583	0.135432
584	0.134749
585	0.134096
586	0.1331
587	0.13236
588	0.131592
589	0.130686
590	0.12968
591	0.128563
592	0.12768
593	0.126635
594	0.125878
595	0.125288
596	0.12469
597	0.123722
598	0.123274
599	0.122635
600	0.122166
601	0.121623
602	0.12105
603	0.120671
604	0.120427
605	0.120147
606	0.119758
607	0.119066
608	0.118658
609	0.118169
610	0.117736
611	0.117324
612	0.116685
613	0.11598
614	0.115517
615	0.115459
616	0.11502
617	0.114469
618	0.113967
619	0.113029
620	0.111959
621	0.111386
622	0.110532
623	0.10941
624	0.108777
625	0.108077
626	0.107186
627	0.106346
628	0.105405
629	0.104393
630	0.103718
631	0.103013
632	0.102229
633	0.10117
634	0.100556
635	0.0996037
636	0.0988302
637	0.098095
638	0.0977439
639	0.0972967
640	0.0971705
641	0.096803
642	0.0966
643	0.0962022
644	0.0953162
645	0.0942902
646	0.0934563
647	0.0928419
648	0.0921533
649	0.0913907
650	0.0907653
651	0.0900576
652	0.0894294
653	0.0888698
654	0.0882279
655	0.0877368
656	0.087169
657	0.0863296
658	0.0856301
659	0.0852296
660	0.0847386
661	0.0843573
662	0.0838553
663	0.0832765
664	0.082747
665	0.0822313
666	0.0820283
667	0.0819159
668	0.0816745
669	0.081263
670	0.080846
671	0.0802261
672	0.079277
673	0.0785692
674	0.0777381
675	0.0772059
676	0.0766271
677	0.0759907
678	0.075368
679	0.0747645
680	0.0740156
681	0.0733764
682	0.0725343
683	0.0718046
684	0.0710832
685	0.0703754
686	0.0694839
687	0.0687433
688	0.0683181
689	0.067934
690	0.0675088
691	0.0670562
692	0.066727
693	0.0660248
694	0.0655338
695	0.064922
696	0.0646395
697	0.0643679
698	0.0638961
699	0.0633146
700	0.0628784
701	0.0626288
702	0.0620116
703	0.0616248
704	0.0612654
705	0.061035
706	0.0604726
707	0.0601462
708	0.0597402
709	0.059123
710	0.0588076
711	0.0586375
712	0.0580806
713	0.0574497
714	0.057115
715	0.0568517
716	0.0564814
717	0.0558861
718	0.0553457
719	0.0550275
720	0.0546462
721	0.0540235
722	0.0534502
723	0.0530085
724	0.0525477
725	0.0521746
726	0.0516726
727	0.0510691
728	0.0502818
729	0.0496619
730	0.0492339
731	0.0490611
732	0.0486277
733	0.0481065
734	0.0477197
735	0.0474207
736	0.0469928
737	0.0466965
738	0.0464963
739	0.0461424
740	0.0456185
741	0.0452619
742	0.0447077
743	0.0442688
744	0.0437943
745	0.0434102
746	0.042996
747	0.042483
748	0.0422197
749	0.0422334
750	0.0422032
751	0.0420688
752	0.0421429
753	0.0422746
754	0.0424254
755	0.0421786
756	0.0417561
757	0.0414736
758	0.0410127
759	0.0410402
760	0.0409112
761	0.040615
762	0.0403297
763	0.0401623
764	0.0401294
765	0.0398304
766	0.0392818
767	0.0386591
768	0.0384095
769	0.0379294
770	0.0377648
771	0.0373808
772	0.0369282
773	0.0368431
774	0.0365167
775	0.0361601
776	0.0358172
777	0.0354277
778	0.0352466
779	0.0350134
780	0.0344538
781	0.0340753
782	0.033971
783	0.0338065
784	0.0334745
785	0.0333237
786	0.0333868
787	0.0337488
788	0.0351067
789	0.0374302
790	0.0406561
791	0.0445377
792	0.0482382
793	0.0510362
794	0.0528138
795	0.0537602
796	0.0540125
797	0.0545255
798	0.0549589
799	0.0554719
800	0.0558148
801	0.0556666
802	0.0553347
803	0.0547943
804	0.0546215
805	0.0543636
806	0.0541113
807	0.0534913
808	0.0530689
809	0.0527315
810	0.0528055
811	0.0531951
812	0.0540646
813	0.0551509
814	0.0561412
815	0.0574223
816	0.0583879
817	0.0591258
818	0.0595482
819	0.059315
820	0.0589612
821	0.0587061
822	0.0582205
823	0.057617
824	0.0567996
825	0.0563963
826	0.0559355
827	0.0552524
828	0.0545968
829	0.0538068
830	0.0529015
831	0.0522871
832	0.0518756
833	0.0513571
834	0.0510691
835	0.0510746
836	0.0508771
837	0.0504684
838	0.0499581
839	0.0494534
840	0.0489075
841	0.0485427
842	0.0477965
843	0.0472479
844	0.0471327
845	0.0468886
846	0.0464551
847	0.0459531
848	0.045613
849	0.0460354
850	0.0487978
851	0.0551537
852	0.064527
853	0.0749318
854	0.0846974
855	0.0853942
856	0.086763
857	0.0886558
858	0.0906446
859	0.0927541
860	0.0944548
861	0.0959114
862	0.0970169
863	0.0979908
864	0.0999137
865	0.102945
866	0.107156
867	0.111438
868	0.114307
869	0.116139
870	0.116833
871	0.11668
872	0.115983
873	0.114721
874	0.113736
875	0.113141
876	0.113533
877	0.114806
878	0.117036
879	0.118844
880	0.120361
881	0.121253
882	0.121384
883	0.121113
884	0.12029
885	0.119129
886	0.118104
887	0.117363
888	0.117045
889	0.117338
890	0.118309
891	0.11939
892	0.12032
893	0.120995
894	0.121401
895	0.121453
896	0.121206
897	0.120729
898	0.120147
899	0.119368
900	0.118375
901	0.117637
902	0.11739
903	0.117223
904	0.117083
905	0.116913
906	0.116499
907	0.115843
908	0.114935
909	0.114151
910	0.11347
911	0.112979
912	0.112102
913	0.111287
914	0.110453
915	0.10972
916	0.108952
917	0.108269
918	0.107696
919	0.10709
920	0.106448
921	0.105699
922	0.104541
923	0.103573
924	0.10252
925	0.101653
926	0.100811
927	0.100229
928	0.100111
929	0.101845
930	0.107844
931	0.117903
932	0.130165
933	0.13479
934	0.134008
935	0.133361
936	0.133084
937	0.132779
938	0.132294
939	0.131677
940	0.130782
941	0.130023
942	0.129356
943	0.128407
944	0.127395
945	0.126739
946	0.125806
947	0.124939
948	0.123985
949	0.123225
950	0.12258
951	0.12167
952	0.120871
953	0.120059
954	0.119412
955	0.118619
956	0.118035
957	0.117431
958	0.116781
959	0.115742
960	0.114773
961	0.113915
962	0.113402
963	0.112988
964	0.112864
965	0.112664
966	0.112549
967	0.112165
968	0.111888
969	0.111353
970	0.110818
971	0.110077
972	0.109218
973	0.108579
974	0.107729
975	0.106722
976	0.105888
977	0.105167
978	0.104654
979	0.10399
980	0.103323
981	0.102682
982	0.102171
983	0.101521
984	0.101458
985	0.103502
986	0.109046
987	0.11801
988	0.129222
989	0.139884
990	0.141574
991	0.143936
992	0.14638
993	0.148989
994	0.150753
995	0.151844
996	0.15222
997	0.152028
998	0.151345
999	0.150415
1000	0.149433
1001	0.148396
1002	0.147381
1003	0.146682
1004	0.145968
1005	0.145335
1006	0.144657
1007	0.144013
1008	0.143675
1009	0.143335
1010	0.142655
1011	0.141865
1012	0.141198
1013	0.140416
1014	0.139788
1015	0.138998
1016	0.138071
1017	0.137226
1018	0.136228
1019	0.135503
1020	0.134719
1021	0.134025
1022	0.132977
1023	0.131836
