0	0.00148087
1	0.00116266
2	0.000915778
3	0.000740216
4	0.000476873
5	5.05099e-06
6	0.000301312
7	0.000616774
8	0.000646949
9	0.000948696
10	0.00106665
11	0.000866401
12	0.000507048
13	0.000345202
14	0.000803309
15	0.000932237
16	0.000803309
17	0.00043024
18	9.83182e-05
19	8.46024e-05
20	-0.000137593
21	-0.000579241
22	-0.000949566
23	-0.00104009
24	-0.000979741
25	-0.000636847
26	-0.000184227
27	0.000298568
28	0.000312284
29	-4.35315e-07
30	-0.000359788
31	-0.000667022
32	-0.00108398
33	-0.00110867
34	-0.00084807
35	-0.000875501
36	-0.00090019
37	-0.000774004
38	-0.000631361
39	-0.000579241
40	-0.000252805
41	-0.000326871
42	-0.000307668
43	0.000172383
44	0.000336973
45	2.30784e-06
46	-0.000140336
47	-0.00043111
48	-0.000516148
49	-4.43258e-05
50	0.000413781
51	0.000685353
52	0.000518021
53	0.000326
54	0.000205301
55	0.000405551
56	0.000367147
57	0.000271137
58	0.000342459
59	0.000814281
60	0.00385369
61	0.0166011
62	0.0557514
63	0.152234
64	0.341149
65	0.639305
66	1.02235
67	1.43658
68	1.82935
69	2.16709
70	2.43378
71	2.62606
72	2.74913
73	2.81322
74	2.8315
75	2.8181
76	2.78487
77	2.7402
78	2.6902
79	2.63994
80	2.5929
81	2.55101
82	2.51399
83	2.48142
84	2.45258
85	2.42648
86	2.40334
87	2.38237
88	2.36304
89	2.34581
90	2.33028
91	2.31573
92	2.30224
93	2.28925
94	2.27558
95	2.25982
96	2.24179
97	2.22149
98	2.2004
99	2.17958
100	2.1598
101	2.14041
102	2.12068
103	2.10046
104	2.07966
105	2.05914
106	2.03891
107	2.01976
108	2.00091
109	1.98205
110	1.96267
111	1.94261
112	1.92272
113	1.90335
114	1.8844
115	1.86539
116	1.84711
117	1.82916
118	1.81147
119	1.79449
120	1.77796
121	1.76152
122	1.74518
123	1.72847
124	1.71254
125	1.69721
126	1.68201
127	1.66592
128	1.64899
129	1.63221
130	1.61544
131	1.59899
132	1.58306
133	1.56675
134	1.55056
135	1.5343
136	1.51768
137	1.50165
138	1.48558
139	1.46969
140	1.45372
141	1.43794
142	1.42254
143	1.40714
144	1.3914
145	1.37566
146	1.36012
147	1.34496
148	1.33035
149	1.31593
150	1.30193
151	1.28878
152	1.27739
153	1.26714
154	1.25763
155	1.24867
156	1.23994
157	1.2308
158	1.22058
159	1.2091
160	1.19667
161	1.18435
162	1.17196
163	1.15923
164	1.1467
165	1.13469
166	1.1232
167	1.11147
168	1.10015
169	1.08866
170	1.07738
171	1.06612
172	1.05473
173	1.04356
174	1.03289
175	1.0223
176	1.01204
177	1.00183
178	0.991718
179	0.981519
180	0.971967
181	0.963154
182	0.954735
183	0.946086
184	0.937244
185	0.928411
186	0.919661
187	0.910625
188	0.901537
189	0.8926
190	0.883632
191	0.874262
192	0.864938
193	0.855611
194	0.846427
195	0.837624
196	0.82867
197	0.820183
198	0.81143
199	0.803099
200	0.795012
201	0.786563
202	0.778114
203	0.770156
204	0.762371
205	0.755288
206	0.748225
207	0.741243
208	0.734399
209	0.727267
210	0.71938
211	0.711052
212	0.702642
213	0.694769
214	0.686951
215	0.679262
216	0.672132
217	0.665017
218	0.658162
219	0.651784
220	0.645856
221	0.639829
222	0.633331
223	0.62701
224	0.620243
225	0.613177
226	0.606371
227	0.599697
228	0.593363
229	0.587215
230	0.581158
231	0.574846
232	0.568924
233	0.56284
234	0.557356
235	0.551801
236	0.546606
237	0.541608
238	0.536676
239	0.532232
240	0.52714
241	0.52183
242	0.516862
243	0.511647
244	0.506465
245	0.501069
246	0.495915
247	0.490791
248	0.486007
249	0.480839
250	0.475629
251	0.470631
252	0.466138
253	0.461875
254	0.45784
255	0.454044
256	0.450541
257	0.447394
258	0.443672
259	0.440643
260	0.438399
261	0.43683
262	0.435662
263	0.435341
264	0.435261
265	0.43482
266	0.43347
267	0.430911
268	0.428074
269	0.42749
270	0.432609
271	0.444294
272	0.45964
273	0.465285
274	0.46686
275	0.46261
276	0.458123
277	0.45364
278	0.449386
279	0.445249
280	0.441444
281	0.437925
282	0.434556
283	0.431583
284	0.428425
285	0.425408
286	0.422692
287	0.419968
288	0.417387
289	0.414512
290	0.411739
291	0.408878
292	0.40642
293	0.405177
294	0.408902
295	0.420626
296	0.427685
297	0.42425
298	0.42106
299	0.417754
300	0.414943
301	0.412795
302	0.410134
303	0.407448
304	0.405893
305	0.406348
306	0.409615
307	0.414284
308	0.419345
309	0.420273
310	0.416561
311	0.413552
312	0.41026
313	0.407289
314	0.404675
315	0.40225
316	0.400053
317	0.397962
318	0.395491
319	0.392726
320	0.390073
321	0.387352
322	0.384252
323	0.380818
324	0.377743
325	0.375123
326	0.37238
327	0.369938
328	0.367407
329	0.364899
330	0.36288
331	0.361078
332	0.359674
333	0.359427
334	0.360963
335	0.363039
336	0.365371
337	0.36716
338	0.368224
339	0.368668
340	0.367972
341	0.366606
342	0.36502
343	0.36285
344	0.360189
345	0.357232
346	0.35475
347	0.352418
348	0.349856
349	0.3472
350	0.344087
351	0.341209
352	0.339492
353	0.339695
354	0.341448
355	0.344013
356	0.345774
357	0.346819
358	0.347242
359	0.347014
360	0.346954
361	0.345826
362	0.343643
363	0.341319
364	0.339174
365	0.336996
366	0.334511
367	0.331874
368	0.32898
369	0.326136
370	0.323645
371	0.320976
372	0.318367
373	0.316299
374	0.314362
375	0.312472
376	0.310489
377	0.308714
378	0.307551
379	0.306144
380	0.304122
381	0.302125
382	0.299867
383	0.298082
384	0.296806
385	0.29632
386	0.296803
387	0.297571
388	0.298573
389	0.299343
390	0.299747
391	0.2997
392	0.299116
393	0.298002
394	0.296074
395	0.29392
396	0.292016
397	0.289693
398	0.287128
399	0.284478
400	0.281741
401	0.279598
402	0.277354
403	0.274979
404	0.272417
405	0.270494
406	0.268851
407	0.267572
408	0.265899
409	0.263715
410	0.261677
411	0.259902
412	0.257977
413	0.256054
414	0.253999
415	0.252252
416	0.250321
417	0.248403
418	0.246521
419	0.244631
420	0.24267
421	0.240676
422	0.239082
423	0.237606
424	0.236111
425	0.234391
426	0.232874
427	0.231417
428	0.23012
429	0.228924
430	0.227053
431	0.224916
432	0.222862
433	0.221627
434	0.22045
435	0.218898
436	0.217545
437	0.216031
438	0.214712
439	0.212805
440	0.211135
441	0.209516
442	0.207791
443	0.206581
444	0.205766
445	0.205078
446	0.204071
447	0.203133
448	0.201896
449	0.200988
450	0.199986
451	0.199004
452	0.197737
453	0.196396
454	0.19464
455	0.193115
456	0.19174
457	0.190232
458	0.188805
459	0.187058
460	0.185269
461	0.18333
462	0.181569
463	0.180137
464	0.179095
465	0.178239
466	0.177298
467	0.176036
468	0.175133
469	0.174206
470	0.173507
471	0.172911
472	0.173032
473	0.174135
474	0.175701
475	0.177174
476	0.178793
477	0.180348
478	0.181341
479	0.181843
480	0.18291
481	0.187373
482	0.195932
483	0.208235
484	0.209464
485	0.207744
486	0.205566
487	0.203898
488	0.202527
489	0.201745
490	0.201221
491	0.200606
492	0.199932
493	0.19907
494	0.198338
495	0.197753
496	0.196876
497	0.195863
498	0.194687
499	0.193235
500	0.191554
501	0.189905
502	0.188674
503	0.187623
504	0.186619
505	0.18533
506	0.184161
507	0.182973
508	0.181665
509	0.180381
510	0.179152
511	0.178642
512	0.178634
513	0.179149
514	0.180005
515	0.180998
516	0.181423
517	0.181802
518	0.181871
519	0.181585
520	0.181103
521	0.180178
522	0.178922
523	0.177696
524	0.176382
525	0.175336
526	0.174859
527	0.173951
528	0.173027
529	0.171943
530	0.171299
531	0.17123
532	0.171285
533	0.171891
534	0.172991
535	0.173872
536	0.173918
537	0.173682
538	0.173403
539	0.17306
540	0.172324
541	0.171304
542	0.16974
543	0.168048
544	0.166092
545	0.164452
546	0.163267
547	0.161975
548	0.160622
549	0.15941
550	0.158419
551	0.15772
552	0.156683
553	0.155882
554	0.155128
555	0.154214
556	0.153918
557	0.153679
558	0.152895
559	0.152129
560	0.151518
561	0.151252
562	0.15028
563	0.149312
564	0.14822
565	0.147172
566	0.146377
567	0.145302
568	0.144358
569	0.143442
570	0.142199
571	0.141324
572	0.140238
573	0.140257
574	0.140759
575	0.141107
576	0.140784
577	0.139972
578	0.139662
579	0.140479
580	0.143091
581	0.147279
582	0.152656
583	0.158463
584	0.163171
585	0.164246
586	0.163516
587	0.162573
588	0.161319
589	0.159753
590	0.158205
591	0.156949
592	0.155306
593	0.153973
594	0.152812
595	0.151907
596	0.150747
597	0.149589
598	0.148977
599	0.149159
600	0.14918
601	0.149098
602	0.148731
603	0.148561
604	0.148423
605	0.148821
606	0.149617
607	0.150555
608	0.151666
609	0.151633
610	0.150678
611	0.14923
612	0.148229
613	0.147567
614	0.147019
615	0.145886
616	0.144662
617	0.143203
618	0.141826
619	0.140518
620	0.13939
621	0.138427
622	0.136946
623	0.135627
624	0.134768
625	0.134634
626	0.134834
627	0.134244
628	0.133635
629	0.132955
630	0.132337
631	0.131838
632	0.130949
633	0.130055
634	0.129408
635	0.12861
636	0.127087
637	0.12596
638	0.125205
639	0.124327
640	0.123406
641	0.122608
642	0.122254
643	0.122676
644	0.123633
645	0.124407
646	0.124709
647	0.124668
648	0.124124
649	0.12348
650	0.122446
651	0.121258
652	0.120199
653	0.119157
654	0.118485
655	0.117752
656	0.117642
657	0.117566
658	0.117494
659	0.117171
660	0.117003
661	0.116781
662	0.116271
663	0.116005
664	0.115739
665	0.115012
666	0.114123
667	0.113295
668	0.112236
669	0.111314
670	0.110159
671	0.109199
672	0.108233
673	0.107312
674	0.106442
675	0.105666
676	0.104994
677	0.103606
678	0.102456
679	0.101592
680	0.101414
681	0.101392
682	0.10137
683	0.101255
684	0.100948
685	0.100594
686	0.0999683
687	0.0992084
688	0.098391
689	0.0976037
690	0.0960428
691	0.0945204
692	0.0929897
693	0.0919693
694	0.091385
695	0.0907348
696	0.0898899
697	0.0891356
698	0.0879917
699	0.0867957
700	0.0859974
701	0.0855613
702	0.0849386
703	0.084368
704	0.0837425
705	0.0832268
706	0.0828126
707	0.082275
708	0.0815014
709	0.0810213
710	0.080854
711	0.0803849
712	0.0796086
713	0.0788789
714	0.0779819
715	0.0772495
716	0.0767064
717	0.0754527
718	0.0744076
719	0.0736285
720	0.0733899
721	0.0729702
722	0.0721308
723	0.0713051
724	0.0706028
725	0.069843
726	0.0689954
727	0.0681011
728	0.0674866
729	0.0672233
730	0.0673138
731	0.0668612
732	0.0660629
733	0.0649931
734	0.0644006
735	0.0637367
736	0.0632731
737	0.062612
738	0.062014
739	0.0612021
740	0.060541
741	0.0601761
742	0.0600225
743	0.0595095
744	0.0588375
745	0.0581489
746	0.0577731
747	0.0571943
748	0.0565908
749	0.0560148
750	0.0558145
751	0.0554332
752	0.0551561
753	0.0551781
754	0.0556719
755	0.0559763
756	0.0554332
757	0.0545581
758	0.0536913
759	0.0528876
760	0.0523362
761	0.0521277
762	0.0515599
763	0.0512033
764	0.0512664
765	0.0510167
766	0.0506711
767	0.0503474
768	0.0500511
769	0.0502349
770	0.0503639
771	0.0505284
772	0.0504215
773	0.0497686
774	0.0489182
775	0.0482269
776	0.047703
777	0.0473244
778	0.0466771
779	0.046293
780	0.0464796
781	0.0463698
782	0.0463095
783	0.046208
784	0.0461284
785	0.0465372
786	0.0463506
787	0.0465948
788	0.0482077
789	0.0519741
790	0.0585522
791	0.0672864
792	0.0761605
793	0.083257
794	0.0888009
795	0.0942625
796	0.100599
797	0.108996
798	0.119255
799	0.123474
800	0.121949
801	0.120696
802	0.119343
803	0.117996
804	0.116737
805	0.115667
806	0.114784
807	0.114153
808	0.113369
809	0.113742
810	0.116691
811	0.123713
812	0.135399
813	0.144092
814	0.143494
815	0.143165
816	0.143288
817	0.142945
818	0.142611
819	0.142556
820	0.142265
821	0.141768
822	0.141623
823	0.141906
824	0.142051
825	0.141587
826	0.141234
827	0.141313
828	0.141195
829	0.140526
830	0.139865
831	0.139127
832	0.138115
833	0.137127
834	0.135777
835	0.134919
836	0.134356
837	0.133684
838	0.13313
839	0.132519
840	0.131517
841	0.130842
842	0.130436
843	0.130132
844	0.130129
845	0.129693
846	0.129342
847	0.128662
848	0.128168
849	0.129611
850	0.134271
851	0.143047
852	0.155322
853	0.159895
854	0.160164
855	0.160641
856	0.161163
857	0.161119
858	0.160877
859	0.16102
860	0.161434
861	0.162844
862	0.164981
863	0.167195
864	0.169249
865	0.17171
866	0.174286
867	0.176521
868	0.178038
869	0.179388
870	0.180444
871	0.181009
872	0.181953
873	0.184677
874	0.190119
875	0.198464
876	0.208951
877	0.211107
878	0.214306
879	0.220722
880	0.228891
881	0.23751
882	0.236821
883	0.236053
884	0.235507
885	0.235598
886	0.238059
887	0.244598
888	0.255607
889	0.266936
890	0.266458
891	0.266351
892	0.266192
893	0.265603
894	0.265227
895	0.26447
896	0.26371
897	0.263918
898	0.264878
899	0.266697
900	0.269808
901	0.273388
902	0.276929
903	0.279776
904	0.281949
905	0.283024
906	0.283068
907	0.282185
908	0.280643
909	0.278871
910	0.276564
911	0.274013
912	0.271923
913	0.270016
914	0.268497
915	0.267139
916	0.266102
917	0.264815
918	0.262799
919	0.261252
920	0.260141
921	0.258536
922	0.256646
923	0.25423
924	0.25204
925	0.250381
926	0.248601
927	0.246897
928	0.244949
929	0.242758
930	0.240747
931	0.238917
932	0.237518
933	0.237639
934	0.239052
935	0.240758
936	0.24278
937	0.244818
938	0.246502
939	0.247229
940	0.247725
941	0.247594
942	0.246033
943	0.243847
944	0.241929
945	0.240226
946	0.238786
947	0.236989
948	0.235211
949	0.23356
950	0.232081
951	0.230852
952	0.229344
953	0.227604
954	0.226013
955	0.223981
956	0.222244
957	0.221441
958	0.221833
959	0.22392
960	0.228326
961	0.232921
962	0.236229
963	0.237773
964	0.238451
965	0.238231
966	0.236876
967	0.235066
968	0.232602
969	0.229547
970	0.226447
971	0.22383
972	0.221687
973	0.220253
974	0.218697
975	0.217353
976	0.215836
977	0.21413
978	0.212062
979	0.209823
980	0.207451
981	0.205604
982	0.204153
983	0.203136
984	0.201934
985	0.20186
986	0.208016
987	0.224996
988	0.243578
989	0.250499
990	0.257255
991	0.259834
992	0.258303
993	0.256748
994	0.255261
995	0.253525
996	0.251549
997	0.249193
998	0.246985
999	0.244782
1000	0.24281
1001	0.240815
1002	0.238673
1003	0.236885
1004	0.235815
1005	0.2348
1006	0.234649
1007	0.23531
1008	0.235779
1009	0.236295
1010	0.23649
1011	0.236374
1012	0.236251
1013	0.236034
1014	0.235058
1015	0.233686
1016	0.231445
1017	0.229684
1018	0.228109
1019	0.226543
1020	0.224708
1021	0.222565
1022	0.220327
1023	0.218069
