0	7.93301e-05
1	0.000142423
2	0.000164368
3	1.07513e-05
4	-8.4508e-06
5	-0.000107204
6	4.0926e-05
7	-2.21341e-07
8	1.07513e-05
9	5.46417e-05
10	-0.000109947
11	6.0128e-05
12	7.65869e-05
13	0.000106762
14	0.000136936
15	5.46417e-05
16	-6.88002e-05
17	-5.23412e-05
18	-0.000227903
19	-0.000131893
20	0.000117734
21	0.000167111
22	0.000106762
23	0.000134193
24	0.000147909
25	0.000114991
26	0.000348159
27	0.000172597
28	0.000128707
29	7.65869e-05
30	5.26497e-06
31	-0.000230646
32	-0.000142865
33	8.48164e-05
34	3.26965e-05
35	-4.13686e-05
36	-0.000123663
37	-4.95981e-05
38	3.54396e-05
39	-0.000134636
40	-0.000134636
41	-0.000178526
42	-0.000307454
43	-0.000255335
44	-1.66803e-05
45	0.000150652
46	7.93301e-05
47	-7.15433e-05
48	-0.000203215
49	-0.000244362
50	-0.000203215
51	8.20733e-05
52	0.000145166
53	0.000252149
54	-0.000142865
55	-0.000323913
56	-0.000343115
57	-0.000178526
58	-9.89749e-05
59	0.000246662
60	0.00191176
61	0.00852276
62	0.0302814
63	0.0875722
64	0.203114
65	0.382179
66	0.604506
67	0.84339
68	1.07273
69	1.27267
70	1.42961
71	1.53953
72	1.60532
73	1.6348
74	1.63688
75	1.62125
76	1.59588
77	1.5664
78	1.53632
79	1.50841
80	1.48339
81	1.4616
82	1.44339
83	1.42844
84	1.41583
85	1.40517
86	1.39656
87	1.38893
88	1.38209
89	1.37546
90	1.36894
91	1.36238
92	1.35548
93	1.34799
94	1.34003
95	1.33158
96	1.32322
97	1.31458
98	1.30559
99	1.29625
100	1.28688
101	1.27792
102	1.26924
103	1.26054
104	1.25177
105	1.24251
106	1.23307
107	1.22363
108	1.21394
109	1.20367
110	1.19306
111	1.18286
112	1.17274
113	1.16236
114	1.15162
115	1.14093
116	1.13048
117	1.12048
118	1.11098
119	1.10209
120	1.09329
121	1.08421
122	1.07445
123	1.06421
124	1.05402
125	1.04451
126	1.03498
127	1.02461
128	1.01423
129	1.00418
130	0.994563
131	0.98483
132	0.975015
133	0.965395
134	0.956134
135	0.946774
136	0.937264
137	0.928225
138	0.91906
139	0.909498
140	0.899631
141	0.890079
142	0.881177
143	0.872451
144	0.863605
145	0.854903
146	0.846194
147	0.83712
148	0.828306
149	0.819876
150	0.81183
151	0.803398
152	0.794952
153	0.786668
154	0.779146
155	0.771882
156	0.764467
157	0.756899
158	0.749638
159	0.742168
160	0.734476
161	0.726535
162	0.718816
163	0.711404
164	0.704441
165	0.697383
166	0.689576
167	0.681964
168	0.674607
169	0.667217
170	0.659852
171	0.652777
172	0.645911
173	0.639113
174	0.632554
175	0.626031
176	0.619346
177	0.612617
178	0.606012
179	0.599958
180	0.594353
181	0.588661
182	0.582571
183	0.576542
184	0.570249
185	0.564631
186	0.559485
187	0.554158
188	0.548713
189	0.543251
190	0.537633
191	0.532119
192	0.526735
193	0.521385
194	0.516176
195	0.51097
196	0.505319
197	0.499476
198	0.493935
199	0.488717
200	0.48342
201	0.478137
202	0.473246
203	0.46808
204	0.462907
205	0.458051
206	0.453418
207	0.449117
208	0.445112
209	0.440493
210	0.435813
211	0.43099
212	0.426456
213	0.422555
214	0.418915
215	0.414317
216	0.409591
217	0.405257
218	0.401309
219	0.39728
220	0.393387
221	0.389533
222	0.385629
223	0.381644
224	0.377504
225	0.373499
226	0.369711
227	0.366329
228	0.363064
229	0.359408
230	0.355693
231	0.351971
232	0.348243
233	0.344666
234	0.341404
235	0.337986
236	0.334483
237	0.330986
238	0.327719
239	0.324597
240	0.321311
241	0.318077
242	0.314823
243	0.311663
244	0.30858
245	0.30531
246	0.302268
247	0.299297
248	0.296411
249	0.293325
250	0.29033
251	0.287106
252	0.284245
253	0.281617
254	0.279201
255	0.276784
256	0.27448
257	0.271934
258	0.269827
259	0.267803
260	0.266678
261	0.267262
262	0.269391
263	0.272354
264	0.274787
265	0.276241
266	0.276551
267	0.275519
268	0.273467
269	0.270543
270	0.267871
271	0.265644
272	0.263995
273	0.262736
274	0.2621
275	0.261554
276	0.260909
277	0.259837
278	0.258509
279	0.256633
280	0.254559
281	0.252224
282	0.24961
283	0.247021
284	0.24453
285	0.242253
286	0.240179
287	0.237521
288	0.234715
289	0.232018
290	0.229799
291	0.227681
292	0.225372
293	0.223153
294	0.221424
295	0.220566
296	0.2209
297	0.222151
298	0.223967
299	0.225783
300	0.226798
301	0.2264
302	0.22521
303	0.223602
304	0.22208
305	0.220549
306	0.219265
307	0.218026
308	0.217038
309	0.215957
310	0.214331
311	0.212416
312	0.210312
313	0.208205
314	0.205865
315	0.203898
316	0.201676
317	0.199745
318	0.197754
319	0.196072
320	0.194336
321	0.192704
322	0.190986
323	0.189393
324	0.187791
325	0.186183
326	0.184556
327	0.183053
328	0.181736
329	0.180702
330	0.179281
331	0.17769
332	0.176261
333	0.174648
334	0.173263
335	0.171867
336	0.170575
337	0.169214
338	0.16813
339	0.167332
340	0.166487
341	0.165629
342	0.164605
343	0.1635
344	0.162323
345	0.16102
346	0.15966
347	0.15825
348	0.156894
349	0.1556
350	0.154365
351	0.153435
352	0.153402
353	0.15408
354	0.155021
355	0.156121
356	0.157001
357	0.157742
358	0.157833
359	0.157366
360	0.156628
361	0.155687
362	0.154478
363	0.153213
364	0.152258
365	0.151249
366	0.149902
367	0.148454
368	0.147052
369	0.145541
370	0.144103
371	0.142699
372	0.141187
373	0.1395
374	0.138107
375	0.136773
376	0.135679
377	0.134521
378	0.133449
379	0.132069
380	0.130876
381	0.129891
382	0.128837
383	0.12791
384	0.126849
385	0.125688
386	0.124767
387	0.12401
388	0.123258
389	0.122353
390	0.121299
391	0.120207
392	0.119256
393	0.118276
394	0.117193
395	0.116252
396	0.11516
397	0.114214
398	0.113295
399	0.112551
400	0.111687
401	0.110664
402	0.109863
403	0.109276
404	0.108305
405	0.107433
406	0.106431
407	0.105534
408	0.104714
409	0.104116
410	0.103038
411	0.102127
412	0.101079
413	0.100043
414	0.0991922
415	0.0982623
416	0.0973543
417	0.096578
418	0.0958428
419	0.0951186
420	0.0943862
421	0.0935989
422	0.0928884
423	0.0922273
424	0.0916705
425	0.0911822
426	0.0906089
427	0.0896488
428	0.0887737
429	0.0880523
430	0.0874186
431	0.0868206
432	0.0861375
433	0.0851911
434	0.0844724
435	0.0839951
436	0.0833423
437	0.082725
438	0.0820612
439	0.0814056
440	0.0809255
441	0.0803961
442	0.0800614
443	0.079757
444	0.0789806
445	0.0783086
446	0.0778203
447	0.0771619
448	0.0765392
449	0.0759824
450	0.0754283
451	0.0750689
452	0.0745395
453	0.073914
454	0.0730856
455	0.0722819
456	0.0715275
457	0.0712422
458	0.0707923
459	0.0700983
460	0.069237
461	0.068436
462	0.067923
463	0.0676075
464	0.0672866
465	0.0669272
466	0.0666392
467	0.0664499
468	0.0660028
469	0.065734
470	0.0655337
471	0.0654267
472	0.0652374
473	0.0646147
474	0.0641484
475	0.0635394
476	0.0633611
477	0.0633694
478	0.063213
479	0.0627028
480	0.0621679
481	0.0620444
482	0.0629222
483	0.0652813
484	0.0694838
485	0.0748056
486	0.0803577
487	0.0845904
488	0.0873637
489	0.0887271
490	0.0890508
491	0.0888478
492	0.0882251
493	0.0873555
494	0.0860086
495	0.084755
496	0.0835315
497	0.0824891
498	0.0813974
499	0.0803961
500	0.0794607
501	0.0783881
502	0.0776255
503	0.0770165
504	0.0763362
505	0.0756477
506	0.0751649
507	0.0746519
508	0.0742761
509	0.0739634
510	0.0734861
511	0.0730499
512	0.0723806
513	0.0719033
514	0.0718292
515	0.0717058
516	0.0713711
517	0.0708225
518	0.0703178
519	0.070038
520	0.0697746
521	0.0694921
522	0.0688639
523	0.0686225
524	0.0681205
525	0.0676624
526	0.0671769
527	0.0668394
528	0.0666858
529	0.0666145
530	0.0666227
531	0.066598
532	0.0665596
533	0.0663237
534	0.0658793
535	0.0655694
536	0.0650811
537	0.0645736
538	0.063929
539	0.0633776
540	0.0627768
541	0.0620636
542	0.0616713
543	0.0612681
544	0.0607826
545	0.0604781
546	0.059924
547	0.0595481
548	0.059123
549	0.0586127
550	0.0583384
551	0.0581354
552	0.0579708
553	0.0575429
554	0.0571863
555	0.056794
556	0.0564456
557	0.0561713
558	0.0557791
559	0.0551646
560	0.0546214
561	0.0541771
562	0.0536915
563	0.0532307
564	0.0526656
565	0.0522404
566	0.0519496
567	0.0515107
568	0.0513214
569	0.0511568
570	0.051006
571	0.0507975
572	0.0507838
573	0.0508139
574	0.0506384
575	0.0504244
576	0.050279
577	0.0500486
578	0.0498511
579	0.049799
580	0.0501446
581	0.0513543
582	0.0535022
583	0.0566623
584	0.0602202
585	0.0634846
586	0.0658684
587	0.0668285
588	0.0670726
589	0.0666721
590	0.0660878
591	0.0651113
592	0.0638083
593	0.062401
594	0.0614629
595	0.0604863
596	0.0596853
597	0.0587773
598	0.0581903
599	0.0576115
600	0.0572439
601	0.0569202
602	0.0565389
603	0.0561988
604	0.055694
605	0.0555898
606	0.0553072
607	0.0551097
608	0.0546845
609	0.0543581
610	0.0541825
611	0.0540152
612	0.0538588
613	0.0537409
614	0.0534638
615	0.0531731
616	0.0528219
617	0.0524763
618	0.0520237
619	0.0515436
620	0.0513187
621	0.0510773
622	0.0508935
623	0.0506384
624	0.0504436
625	0.049991
626	0.0497688
627	0.0495082
628	0.0490446
629	0.0482436
630	0.0477142
631	0.0472369
632	0.0467925
633	0.0463234
634	0.0461012
635	0.0457501
636	0.0452728
637	0.0447461
638	0.0443538
639	0.0439396
640	0.0434788
641	0.0430014
642	0.0428067
643	0.0426037
644	0.0423952
645	0.0423568
646	0.0424199
647	0.0423952
648	0.042184
649	0.0422032
650	0.042398
651	0.0423349
652	0.0423294
653	0.0421401
654	0.0420002
655	0.0422087
656	0.0421291
657	0.0421812
658	0.0419344
659	0.0417369
660	0.0415092
661	0.0416244
662	0.0415009
663	0.0413089
664	0.0408097
665	0.0406643
666	0.0403406
667	0.040176
668	0.0398852
669	0.0397014
670	0.0394463
671	0.0393448
672	0.0390513
673	0.0386124
674	0.0380391
675	0.0377812
676	0.037581
677	0.0372463
678	0.0368019
679	0.0366126
680	0.0363109
681	0.0358775
682	0.0356059
683	0.0355346
684	0.0352054
685	0.034986
686	0.0346815
687	0.0344675
688	0.0342453
689	0.0337762
690	0.0334032
691	0.033277
692	0.0330932
693	0.0327613
694	0.0325226
695	0.0321825
696	0.0320947
697	0.0321029
698	0.0320755
699	0.0317682
700	0.0314226
701	0.0312827
702	0.0311647
703	0.0308904
704	0.0306435
705	0.0302376
706	0.0300593
707	0.0297273
708	0.0297877
709	0.0296533
710	0.0295902
711	0.0292967
712	0.028973
713	0.0287398
714	0.0285478
715	0.0282323
716	0.0279196
717	0.027541
718	0.0272365
719	0.0269156
720	0.0266989
721	0.0266605
722	0.02657
723	0.0261612
724	0.025747
725	0.0254508
726	0.0253575
727	0.0251353
728	0.0250091
729	0.024765
730	0.024669
731	0.0242712
732	0.0240874
733	0.02406
734	0.0237719
735	0.023451
736	0.0231218
737	0.0229737
738	0.022842
739	0.022554
740	0.0221946
741	0.0220547
742	0.0216597
743	0.0213031
744	0.0210891
745	0.0211879
746	0.0212976
747	0.0219231
748	0.0222138
749	0.0224662
750	0.0225101
751	0.0223894
752	0.0223428
753	0.0224223
754	0.0223949
755	0.0222989
756	0.0219889
757	0.0216433
758	0.0215088
759	0.0211934
760	0.0209822
761	0.0207792
762	0.0207654
763	0.0208258
764	0.0208916
765	0.020856
766	0.02076
767	0.020343
768	0.0203019
769	0.0202689
770	0.020343
771	0.020162
772	0.0200111
773	0.0196792
774	0.0192046
775	0.0189824
776	0.0187245
777	0.0185764
778	0.0183926
779	0.018228
780	0.0182308
781	0.0181073
782	0.0180223
783	0.0191223
784	0.0222934
785	0.0275602
786	0.0342618
787	0.0409605
788	0.0462219
789	0.0497331
790	0.0517521
791	0.0530085
792	0.0532828
793	0.0528795
794	0.0522733
795	0.0514449
796	0.0508085
797	0.0507015
798	0.0513736
799	0.0528164
800	0.054904
801	0.0572165
802	0.0589309
803	0.0602339
804	0.0607853
805	0.0607743
806	0.0605439
807	0.0603245
808	0.0598472
809	0.059304
810	0.0586649
811	0.0584646
812	0.0583658
813	0.0587856
814	0.0593836
815	0.0600693
816	0.0607688
817	0.0613394
818	0.0617344
819	0.0619073
820	0.061825
821	0.0617701
822	0.0615726
823	0.0611831
824	0.0609856
825	0.0604644
826	0.0601654
827	0.0598938
828	0.0594823
829	0.0591367
830	0.0584125
831	0.0577678
832	0.0574853
833	0.057296
834	0.0569394
835	0.0566651
836	0.0562481
837	0.0559107
838	0.0553401
839	0.0548546
840	0.0543746
841	0.0540454
842	0.0537875
843	0.0534391
844	0.0530963
845	0.0526354
846	0.0521828
847	0.0519908
848	0.0536147
849	0.0577624
850	0.0643569
851	0.0720652
852	0.0791754
853	0.0843764
854	0.087671
855	0.0884637
856	0.0883513
857	0.088236
858	0.0886365
859	0.0895143
860	0.0906336
861	0.0910039
862	0.0893415
863	0.0873802
864	0.0864201
865	0.0861787
866	0.0862171
867	0.0858413
868	0.0853694
869	0.0847852
870	0.0843709
871	0.0841625
872	0.0841652
873	0.0842859
874	0.0842063
875	0.0841241
876	0.0839375
877	0.084135
878	0.0845849
879	0.0857123
880	0.0878246
881	0.0903126
882	0.0925702
883	0.0945672
884	0.0957248
885	0.0961638
886	0.0958675
887	0.0958181
888	0.0974558
889	0.101812
890	0.108522
891	0.115909
892	0.122493
893	0.127115
894	0.12836
895	0.12754
896	0.126637
897	0.126012
898	0.125768
899	0.125672
900	0.125757
901	0.125625
902	0.125148
903	0.122986
904	0.119684
905	0.117654
906	0.116507
907	0.115668
908	0.114683
909	0.113514
910	0.112173
911	0.111394
912	0.110702
913	0.110162
914	0.109753
915	0.109262
916	0.108596
917	0.108036
918	0.107696
919	0.107167
920	0.1065
921	0.10563
922	0.104478
923	0.103022
924	0.101801
925	0.100849
926	0.099856
927	0.0989042
928	0.0980401
929	0.0973022
930	0.0969154
931	0.097165
932	0.097656
933	0.0982403
934	0.0988822
935	0.099579
936	0.100062
937	0.100122
938	0.100054
939	0.0994747
940	0.0987149
941	0.0977438
942	0.0966575
943	0.0956426
944	0.0946797
945	0.0936867
946	0.0927211
947	0.0915882
948	0.0906473
949	0.0897914
950	0.0889822
951	0.0880029
952	0.0870318
953	0.0863158
954	0.0856355
955	0.0848592
956	0.0841158
957	0.0840829
958	0.0864365
959	0.091868
960	0.0997189
961	0.108028
962	0.114949
963	0.119675
964	0.118918
965	0.118049
966	0.117451
967	0.116883
968	0.116142
969	0.115185
970	0.114162
971	0.113426
972	0.112595
973	0.11155
974	0.110944
975	0.11014
976	0.109271
977	0.107979
978	0.105628
979	0.1032
980	0.101414
981	0.100193
982	0.0994583
983	0.0989426
984	0.0983939
985	0.097475
986	0.0966767
987	0.0968934
988	0.100492
989	0.108223
990	0.119198
991	0.13124
992	0.142188
993	0.149203
994	0.150163
995	0.149957
996	0.149326
997	0.147941
998	0.146374
999	0.14491
1000	0.143541
1001	0.141933
1002	0.140581
1003	0.139432
1004	0.13834
1005	0.137484
1006	0.13572
1007	0.133279
1008	0.132116
1009	0.132187
1010	0.132489
1011	0.132486
1012	0.132107
1013	0.131699
1014	0.131238
1015	0.130689
1016	0.129844
1017	0.128709
1018	0.127455
1019	0.126262
1020	0.125184
1021	0.123763
1022	0.122479
1023	0.121118
