0	-2.2988e-05
1	0.000119656
2	0.000385742
3	0.000605194
4	0.000415917
5	0.000234868
6	0.000522899
7	0.00125258
8	0.00134585
9	0.00123612
10	0.000887739
11	0.000421403
12	0.000103197
13	0.000144344
14	0.000100454
15	6.75361e-05
16	-9.97963e-05
17	-6.41353e-05
18	8.94813e-05
19	0.000201951
20	5.65635e-05
21	3.73614e-05
22	0.000141601
23	5.38203e-05
24	0.000201951
25	0.000160803
26	-8.05942e-05
27	-0.000376855
28	-0.000470122
29	-0.000486581
30	-0.000338451
31	-0.000376855
32	-0.000538701
33	-0.000615509
34	-0.000700547
35	-0.000516756
36	-0.000352166
37	-0.000360396
38	-0.000217752
39	-0.000368625
40	-0.000426231
41	-0.000289074
42	-0.000135457
43	-0.00024244
44	-0.000231468
45	-7.23647e-05
46	-0.000162889
47	-0.000412516
48	-0.00045092
49	-0.000376855
50	-0.000247927
51	-0.000673115
52	-0.00105441
53	-0.00118334
54	-0.0010791
55	-0.00107362
56	-0.00107087
57	-0.00125466
58	-0.00126564
59	-0.000826732
60	0.00107976
61	0.00839849
62	0.0351113
63	0.123526
64	0.351619
65	0.795176
66	1.46195
67	2.26195
68	3.05361
69	3.7159
70	4.18565
71	4.46023
72	4.57644
73	4.58521
74	4.53091
75	4.44598
76	4.35258
77	4.26431
78	4.18838
79	4.12651
80	4.07656
81	4.03574
82	4.00063
83	3.96933
84	3.94096
85	3.9145
86	3.88937
87	3.86588
88	3.84407
89	3.82327
90	3.80194
91	3.77942
92	3.75802
93	3.73887
94	3.7195
95	3.70001
96	3.68092
97	3.66123
98	3.64004
99	3.61724
100	3.59327
101	3.56808
102	3.54252
103	3.51715
104	3.49224
105	3.46764
106	3.44197
107	3.41537
108	3.38803
109	3.36017
110	3.33148
111	3.30359
112	3.27608
113	3.24932
114	3.22361
115	3.19981
116	3.17742
117	3.15539
118	3.13233
119	3.10808
120	3.08324
121	3.0578
122	3.03227
123	3.00672
124	2.98046
125	2.95357
126	2.92605
127	2.89923
128	2.87303
129	2.84778
130	2.82252
131	2.79686
132	2.77098
133	2.74461
134	2.71782
135	2.69051
136	2.66312
137	2.63683
138	2.61141
139	2.58648
140	2.5617
141	2.53766
142	2.51332
143	2.48861
144	2.46402
145	2.43926
146	2.41435
147	2.38983
148	2.36559
149	2.34214
150	2.31939
151	2.29662
152	2.27434
153	2.25232
154	2.23029
155	2.20851
156	2.1869
157	2.16578
158	2.14475
159	2.12376
160	2.10275
161	2.08197
162	2.06109
163	2.04045
164	2.01937
165	1.99814
166	1.97693
167	1.95585
168	1.93522
169	1.91442
170	1.89327
171	1.87291
172	1.85293
173	1.83333
174	1.81398
175	1.79504
176	1.77699
177	1.75984
178	1.74288
179	1.72532
180	1.70678
181	1.68821
182	1.66976
183	1.652
184	1.63443
185	1.61756
186	1.60138
187	1.58608
188	1.57114
189	1.55666
190	1.54232
191	1.52782
192	1.513
193	1.49816
194	1.48361
195	1.46922
196	1.45434
197	1.43967
198	1.42492
199	1.41028
200	1.39549
201	1.38053
202	1.36529
203	1.35024
204	1.3358
205	1.32171
206	1.30776
207	1.29402
208	1.28043
209	1.26672
210	1.25311
211	1.2398
212	1.22724
213	1.21523
214	1.20299
215	1.19081
216	1.1792
217	1.1681
218	1.15728
219	1.14625
220	1.13527
221	1.12404
222	1.11253
223	1.10107
224	1.09
225	1.07902
226	1.0683
227	1.05721
228	1.04604
229	1.03466
230	1.02343
231	1.01227
232	1.00156
233	0.9913
234	0.981606
235	0.972178
236	0.962602
237	0.953818
238	0.945388
239	0.937071
240	0.927851
241	0.918547
242	0.909157
243	0.900085
244	0.890879
245	0.881783
246	0.872637
247	0.863371
248	0.854645
249	0.8465
250	0.838559
251	0.831997
252	0.827493
253	0.825076
254	0.824116
255	0.822465
256	0.819423
257	0.814822
258	0.808606
259	0.801307
260	0.792927
261	0.786428
262	0.787289
263	0.798523
264	0.796567
265	0.788203
266	0.780407
267	0.772934
268	0.765778
269	0.758039
270	0.750471
271	0.743588
272	0.738505
273	0.735117
274	0.733351
275	0.732182
276	0.729968
277	0.726468
278	0.722008
279	0.716574
280	0.710865
281	0.705502
282	0.700573
283	0.695432
284	0.689949
285	0.68432
286	0.678499
287	0.6727
288	0.666412
289	0.659576
290	0.652395
291	0.645534
292	0.638951
293	0.632773
294	0.628658
295	0.628458
296	0.632858
297	0.640618
298	0.644582
299	0.639837
300	0.635261
301	0.630688
302	0.625567
303	0.620429
304	0.614901
305	0.609547
306	0.603973
307	0.598086
308	0.592726
309	0.588246
310	0.584729
311	0.581685
312	0.578398
313	0.575049
314	0.571318
315	0.567289
316	0.56268
317	0.558398
318	0.55459
319	0.551011
320	0.54706
321	0.543141
322	0.539629
323	0.53583
324	0.532412
325	0.528819
326	0.52508
327	0.521044
328	0.516469
329	0.511666
330	0.50695
331	0.502898
332	0.499075
333	0.495327
334	0.492047
335	0.488598
336	0.48554
337	0.483386
338	0.481266
339	0.479691
340	0.477977
341	0.475525
342	0.472428
343	0.469226
344	0.46603
345	0.462602
346	0.458981
347	0.455703
348	0.452883
349	0.450148
350	0.447374
351	0.443682
352	0.440437
353	0.437732
354	0.435601
355	0.433708
356	0.432109
357	0.430775
358	0.430342
359	0.431659
360	0.434528
361	0.437757
362	0.439628
363	0.440182
364	0.439175
365	0.436758
366	0.433412
367	0.429105
368	0.425086
369	0.421358
370	0.417356
371	0.413527
372	0.409826
373	0.406496
374	0.403926
375	0.401616
376	0.398875
377	0.395836
378	0.392415
379	0.388602
380	0.385275
381	0.382172
382	0.37916
383	0.376137
384	0.37329
385	0.370039
386	0.366833
387	0.363662
388	0.361242
389	0.358823
390	0.357114
391	0.355331
392	0.35355
393	0.352113
394	0.350914
395	0.349359
396	0.347455
397	0.345263
398	0.342816
399	0.340918
400	0.339717
401	0.338608
402	0.337015
403	0.334864
404	0.332222
405	0.329295
406	0.326558
407	0.323406
408	0.320224
409	0.31697
410	0.314164
411	0.31164
412	0.309512
413	0.307474
414	0.305364
415	0.303287
416	0.301033
417	0.298668
418	0.296578
419	0.294449
420	0.292438
421	0.290197
422	0.288239
423	0.286743
424	0.285084
425	0.283441
426	0.282014
427	0.280909
428	0.279556
429	0.277603
430	0.275126
431	0.272677
432	0.270534
433	0.268614
434	0.266631
435	0.26454
436	0.263059
437	0.261498
438	0.259383
439	0.257222
440	0.255491
441	0.254391
442	0.254174
443	0.254632
444	0.255433
445	0.255869
446	0.255515
447	0.254588
448	0.252942
449	0.250811
450	0.248501
451	0.246493
452	0.244285
453	0.242348
454	0.240274
455	0.238327
456	0.235943
457	0.234215
458	0.23292
459	0.231354
460	0.229744
461	0.22827
462	0.226775
463	0.225525
464	0.223884
465	0.221937
466	0.21972
467	0.217772
468	0.21597
469	0.21414
470	0.212152
471	0.210399
472	0.208564
473	0.207019
474	0.205955
475	0.20559
476	0.205757
477	0.205941
478	0.205318
479	0.204262
480	0.203168
481	0.204188
482	0.211971
483	0.229617
484	0.235921
485	0.234443
486	0.232854
487	0.231598
488	0.230347
489	0.229247
490	0.228394
491	0.227351
492	0.226073
493	0.224482
494	0.22254
495	0.220507
496	0.218617
497	0.217076
498	0.215756
499	0.214305
500	0.21318
501	0.212237
502	0.211123
503	0.209669
504	0.208169
505	0.206893
506	0.205321
507	0.204024
508	0.202627
509	0.201379
510	0.200106
511	0.198683
512	0.19758
513	0.19713
514	0.196924
515	0.196721
516	0.196458
517	0.196055
518	0.195257
519	0.194541
520	0.193901
521	0.193191
522	0.192675
523	0.192187
524	0.19152
525	0.190692
526	0.189501
527	0.188283
528	0.187077
529	0.186031
530	0.185455
531	0.18492
532	0.184503
533	0.184531
534	0.184594
535	0.184835
536	0.184394
537	0.183667
538	0.182855
539	0.181922
540	0.180957
541	0.180134
542	0.179291
543	0.177895
544	0.176461
545	0.175264
546	0.174101
547	0.173067
548	0.172346
549	0.172113
550	0.171397
551	0.17073
552	0.170006
553	0.169191
554	0.168453
555	0.167463
556	0.165982
557	0.164569
558	0.162907
559	0.161535
560	0.160874
561	0.159955
562	0.158987
563	0.158304
564	0.157533
565	0.156411
566	0.155163
567	0.153953
568	0.1531
569	0.152343
570	0.152159
571	0.151629
572	0.151147
573	0.150878
574	0.150379
575	0.149888
576	0.149254
577	0.148804
578	0.150604
579	0.158712
580	0.176076
581	0.185214
582	0.184062
583	0.183006
584	0.182161
585	0.181497
586	0.180221
587	0.179039
588	0.177681
589	0.176644
590	0.176087
591	0.175805
592	0.174795
593	0.173248
594	0.171701
595	0.170505
596	0.169935
597	0.169298
598	0.16816
599	0.166947
600	0.166319
601	0.165866
602	0.165729
603	0.165351
604	0.164204
605	0.163263
606	0.162662
607	0.162487
608	0.162122
609	0.161842
610	0.161765
611	0.161554
612	0.161722
613	0.161996
614	0.162352
615	0.162594
616	0.162764
617	0.162336
618	0.161713
619	0.160825
620	0.159672
621	0.158572
622	0.157714
623	0.157121
624	0.156578
625	0.155931
626	0.155486
627	0.154998
628	0.154126
629	0.153448
630	0.152897
631	0.152266
632	0.151791
633	0.151621
634	0.151432
635	0.151092
636	0.150724
637	0.149789
638	0.149054
639	0.14836
640	0.147923
641	0.147838
642	0.147619
643	0.146834
644	0.14588
645	0.145197
646	0.144818
647	0.144851
648	0.14489
649	0.144837
650	0.144717
651	0.144692
652	0.144744
653	0.14489
654	0.145312
655	0.145419
656	0.145145
657	0.144632
658	0.144116
659	0.143578
660	0.143192
661	0.143107
662	0.143353
663	0.143279
664	0.143279
665	0.142986
666	0.142563
667	0.142053
668	0.141834
669	0.141436
670	0.140896
671	0.139886
672	0.139069
673	0.13835
674	0.13753
675	0.136992
676	0.136534
677	0.135494
678	0.134438
679	0.133774
680	0.133569
681	0.133185
682	0.13263
683	0.131939
684	0.130705
685	0.129503
686	0.128395
687	0.127805
688	0.127122
689	0.126283
690	0.125644
691	0.125166
692	0.124582
693	0.123907
694	0.123619
695	0.123468
696	0.122977
697	0.122514
698	0.121951
699	0.121156
700	0.120722
701	0.120231
702	0.119688
703	0.118906
704	0.118149
705	0.117389
706	0.116668
707	0.115982
708	0.115137
709	0.114397
710	0.113823
711	0.113061
712	0.112337
713	0.111884
714	0.111547
715	0.111102
716	0.110696
717	0.110274
718	0.109846
719	0.109448
720	0.109069
721	0.108757
722	0.108208
723	0.10769
724	0.107127
725	0.106614
726	0.105904
727	0.105169
728	0.104379
729	0.103602
730	0.103029
731	0.10284
732	0.102689
733	0.102168
734	0.101485
735	0.100878
736	0.0999403
737	0.0988595
738	0.0983026
739	0.0978445
740	0.097551
741	0.0969118
742	0.095938
743	0.0955375
744	0.0953784
745	0.0949724
746	0.0943744
747	0.0941248
748	0.0938806
749	0.0936749
750	0.09345
751	0.0939904
752	0.0947667
753	0.0952824
754	0.0957953
755	0.0961876
756	0.096248
757	0.09565
758	0.0952111
759	0.0949642
760	0.0947063
761	0.0941412
762	0.0933457
763	0.0924405
764	0.0917327
765	0.0917218
766	0.0918425
767	0.0914831
768	0.0906108
769	0.0895519
770	0.0882462
771	0.0877771
772	0.0873848
773	0.0867402
774	0.0860791
775	0.0851135
776	0.0840355
777	0.083624
778	0.0830753
779	0.082225
780	0.0815886
781	0.0807985
782	0.0798686
783	0.078999
784	0.079427
785	0.0837063
786	0.0962096
787	0.116602
788	0.116202
789	0.115768
790	0.115091
791	0.114386
792	0.113697
793	0.112904
794	0.112962
795	0.11381
796	0.115041
797	0.116857
798	0.119828
799	0.123677
800	0.127764
801	0.131314
802	0.133947
803	0.135502
804	0.136542
805	0.136624
806	0.135752
807	0.134896
808	0.133966
809	0.133064
810	0.132315
811	0.131747
812	0.131094
813	0.131056
814	0.132021
815	0.13373
816	0.135889
817	0.137393
818	0.138366
819	0.138731
820	0.138295
821	0.137148
822	0.136136
823	0.135428
824	0.134943
825	0.134205
826	0.133102
827	0.132255
828	0.131659
829	0.131245
830	0.130762
831	0.130038
832	0.129638
833	0.129363
834	0.12907
835	0.128538
836	0.127704
837	0.126818
838	0.125973
839	0.125367
840	0.12459
841	0.123592
842	0.122706
843	0.122237
844	0.122077
845	0.122873
846	0.128645
847	0.144815
848	0.161667
849	0.161412
850	0.160731
851	0.160081
852	0.15925
853	0.158529
854	0.158027
855	0.1575
856	0.157245
857	0.157272
858	0.158742
859	0.161653
860	0.166083
861	0.171032
862	0.177026
863	0.184665
864	0.193358
865	0.20139
866	0.206964
867	0.210289
868	0.210873
869	0.209787
870	0.208051
871	0.206542
872	0.205678
873	0.20584
874	0.206687
875	0.207601
876	0.208256
877	0.208654
878	0.208668
879	0.208682
880	0.209129
881	0.210174
882	0.211364
883	0.212393
884	0.212939
885	0.213095
886	0.212925
887	0.21419
888	0.218705
889	0.227793
890	0.239537
891	0.247782
892	0.247728
893	0.247401
894	0.247031
895	0.246016
896	0.244672
897	0.242667
898	0.241366
899	0.240916
900	0.240659
901	0.240327
902	0.24025
903	0.240184
904	0.239863
905	0.239685
906	0.239194
907	0.238741
908	0.238149
909	0.237147
910	0.236001
911	0.234788
912	0.233408
913	0.231732
914	0.230791
915	0.230073
916	0.229576
917	0.229132
918	0.228633
919	0.228111
920	0.227544
921	0.226594
922	0.225977
923	0.225711
924	0.225234
925	0.224545
926	0.223637
927	0.222559
928	0.221007
929	0.219339
930	0.217904
931	0.218442
932	0.222902
933	0.232681
934	0.246433
935	0.249448
936	0.248145
937	0.247088
938	0.246148
939	0.245517
940	0.244702
941	0.243794
942	0.242812
943	0.241369
944	0.239635
945	0.237973
946	0.237043
947	0.235619
948	0.234218
949	0.232717
950	0.231233
951	0.230117
952	0.228715
953	0.227124
954	0.225563
955	0.224499
956	0.223662
957	0.222631
958	0.221676
959	0.220664
960	0.220035
961	0.220686
962	0.222197
963	0.224499
964	0.227044
965	0.229041
966	0.230435
967	0.231414
968	0.231535
969	0.230632
970	0.229189
971	0.227853
972	0.226284
973	0.224776
974	0.22333
975	0.221706
976	0.220137
977	0.218974
978	0.217975
979	0.216812
980	0.216324
981	0.215929
982	0.215197
983	0.214738
984	0.214503
985	0.213364
986	0.212075
987	0.212774
988	0.221569
989	0.244085
990	0.260793
991	0.273143
992	0.284818
993	0.283433
994	0.281896
995	0.280045
996	0.27867
997	0.277285
998	0.275809
999	0.274251
1000	0.272597
1001	0.270984
1002	0.269407
1003	0.268054
1004	0.26691
1005	0.26668
1006	0.267588
1007	0.268943
1008	0.270677
1009	0.27215
1010	0.272987
1011	0.272934
1012	0.27255
1013	0.272293
1014	0.271952
1015	0.271064
1016	0.269714
1017	0.268268
1018	0.266592
1019	0.264941
1020	0.263534
1021	0.262453
1022	0.261164
1023	0.259915
