0	-7.00629e-05
1	-0.000122183
2	-0.000231909
3	-0.000292258
4	-0.000382782
5	-0.000226423
6	-0.000127669
7	-0.000220936
8	-3.71451e-05
9	-0.000166073
10	-0.000204477
11	-0.000316947
12	-0.000308717
13	-0.000292258
14	-0.000256597
15	-0.000380039
16	-0.000256597
17	-0.000201734
18	-1.51999e-05
19	-0.000166073
20	-0.000144128
21	0.000165848
22	0.000278318
23	0.00028929
24	0.000226198
25	0.000215225
26	0.00023717
27	0.000174078
28	0.000201509
29	-7.00629e-05
30	-8.10355e-05
31	4.00222e-06
32	0.000179564
33	0.000311235
34	8.62968e-05
35	0.000121958
36	0.000294776
37	0.00039353
38	0.000377071
39	0.000357869
40	0.000196023
41	0.000182307
42	0.000319465
43	9.72694e-05
44	-9.20081e-05
45	-0.000253854
46	-6.73198e-05
47	-3.44019e-05
48	0.000113728
49	0.000196023
50	8.904e-05
51	6.16084e-05
52	3.69201e-05
53	0.000105499
54	-8.65218e-05
55	-0.000231909
56	-0.000391012
57	-0.000511711
58	-0.000396498
59	-0.000185275
60	0.00176785
61	0.0104691
62	0.0388553
63	0.108216
64	0.237309
65	0.428748
66	0.662519
67	0.908314
68	1.13652
69	1.32596
70	1.46485
71	1.55234
72	1.5967
73	1.60991
74	1.60335
75	1.58616
76	1.56439
77	1.54188
78	1.52048
79	1.50189
80	1.48683
81	1.47525
82	1.46575
83	1.45797
84	1.45087
85	1.44405
86	1.43705
87	1.42988
88	1.42258
89	1.41462
90	1.40614
91	1.39719
92	1.38848
93	1.37959
94	1.37027
95	1.3606
96	1.35123
97	1.34246
98	1.33424
99	1.32542
100	1.31628
101	1.30712
102	1.29769
103	1.28824
104	1.27877
105	1.26965
106	1.26001
107	1.24979
108	1.23914
109	1.22851
110	1.21816
111	1.2079
112	1.19763
113	1.18706
114	1.1759
115	1.16507
116	1.15467
117	1.14484
118	1.13501
119	1.12547
120	1.1161
121	1.10681
122	1.0969
123	1.08635
124	1.07554
125	1.06496
126	1.0543
127	1.04391
128	1.03359
129	1.02292
130	1.01273
131	1.00263
132	0.992737
133	0.983326
134	0.973645
135	0.964233
136	0.955049
137	0.946373
138	0.937819
139	0.929159
140	0.920266
141	0.91117
142	0.90234
143	0.8936
144	0.885143
145	0.876751
146	0.8687
147	0.860216
148	0.851753
149	0.843296
150	0.834592
151	0.825457
152	0.817047
153	0.809188
154	0.801605
155	0.794303
156	0.78674
157	0.778933
158	0.771477
159	0.764438
160	0.757268
161	0.749483
162	0.740954
163	0.732239
164	0.7237
165	0.716047
166	0.70867
167	0.70105
168	0.693599
169	0.686294
170	0.678624
171	0.671169
172	0.663973
173	0.657151
174	0.650866
175	0.644799
176	0.638286
177	0.631821
178	0.62555
179	0.619238
180	0.612852
181	0.606397
182	0.599858
183	0.593406
184	0.587247
185	0.581201
186	0.575166
187	0.568961
188	0.562512
189	0.55639
190	0.550544
191	0.544994
192	0.539184
193	0.533525
194	0.527767
195	0.521892
196	0.51637
197	0.510796
198	0.50543
199	0.499518
200	0.494197
201	0.489012
202	0.484044
203	0.479482
204	0.475071
205	0.470622
206	0.465802
207	0.4609
208	0.456415
209	0.451999
210	0.447187
211	0.442228
212	0.437361
213	0.432668
214	0.428224
215	0.423821
216	0.419706
217	0.415427
218	0.411356
219	0.406992
220	0.402252
221	0.397726
222	0.393611
223	0.389628
224	0.385513
225	0.381173
226	0.377092
227	0.373048
228	0.369389
229	0.366023
230	0.362849
231	0.359533
232	0.356224
233	0.352883
234	0.34974
235	0.346475
236	0.343038
237	0.339925
238	0.336866
239	0.333733
240	0.330946
241	0.32797
242	0.325169
243	0.321787
244	0.318506
245	0.314866
246	0.311349
247	0.307874
248	0.304634
249	0.301477
250	0.298275
251	0.295101
252	0.292172
253	0.289341
254	0.286595
255	0.283931
256	0.281224
257	0.278599
258	0.27591
259	0.273872
260	0.272687
261	0.272484
262	0.273623
263	0.275628
264	0.27729
265	0.278319
266	0.278385
267	0.277614
268	0.275845
269	0.273661
270	0.271236
271	0.268965
272	0.267371
273	0.266186
274	0.265061
275	0.264321
276	0.263366
277	0.262269
278	0.260815
279	0.258914
280	0.256579
281	0.254322
282	0.251694
283	0.249132
284	0.246737
285	0.244413
286	0.241961
287	0.239437
288	0.236952
289	0.234708
290	0.232593
291	0.230407
292	0.228289
293	0.226572
294	0.225694
295	0.225486
296	0.226531
297	0.228158
298	0.229466
299	0.229707
300	0.229433
301	0.228607
302	0.227324
303	0.225694
304	0.223845
305	0.22235
306	0.220935
307	0.219832
308	0.218987
309	0.218
310	0.216927
311	0.215413
312	0.213624
313	0.212077
314	0.210656
315	0.209109
316	0.207375
317	0.205617
318	0.203535
319	0.201637
320	0.200048
321	0.198677
322	0.197319
323	0.195687
324	0.194016
325	0.192011
326	0.19051
327	0.189073
328	0.187545
329	0.185669
330	0.183946
331	0.182234
332	0.180783
333	0.179143
334	0.177538
335	0.175939
336	0.174323
337	0.17293
338	0.17197
339	0.171276
340	0.170859
341	0.170088
342	0.169361
343	0.168425
344	0.167174
345	0.165647
346	0.163981
347	0.162459
348	0.160816
349	0.159636
350	0.158495
351	0.158182
352	0.158816
353	0.160339
354	0.162064
355	0.163235
356	0.163746
357	0.163652
358	0.163046
359	0.162127
360	0.161098
361	0.160045
362	0.159036
363	0.157829
364	0.156572
365	0.155387
366	0.154301
367	0.153045
368	0.151939
369	0.150688
370	0.149555
371	0.148293
372	0.146925
373	0.145901
374	0.144914
375	0.143978
376	0.142793
377	0.141685
378	0.140602
379	0.139587
380	0.138481
381	0.13742
382	0.136221
383	0.135027
384	0.133936
385	0.133137
386	0.13215
387	0.131376
388	0.130504
389	0.129431
390	0.128633
391	0.12744
392	0.126197
393	0.125308
394	0.124321
395	0.123166
396	0.122003
397	0.120651
398	0.119699
399	0.118717
400	0.117781
401	0.116827
402	0.115784
403	0.114728
404	0.113768
405	0.112811
406	0.111645
407	0.110663
408	0.109549
409	0.10843
410	0.107656
411	0.106806
412	0.105945
413	0.105045
414	0.103928
415	0.102941
416	0.102178
417	0.10121
418	0.100173
419	0.0995613
420	0.0988288
421	0.0980416
422	0.097375
423	0.0963079
424	0.0954767
425	0.0946016
426	0.0938884
427	0.092964
428	0.0922782
429	0.0913099
430	0.0904622
431	0.0900425
432	0.0892854
433	0.0884213
434	0.0876669
435	0.0871595
436	0.0866026
437	0.086139
438	0.0853572
439	0.0848058
440	0.0843011
441	0.0839801
442	0.0839171
443	0.0835659
444	0.0832093
445	0.0827073
446	0.0821148
447	0.0815497
448	0.0809517
449	0.08034
450	0.0797529
451	0.0789657
452	0.0781153
453	0.077125
454	0.0762088
455	0.075342
456	0.0745931
457	0.0739868
458	0.0732791
459	0.0728594
460	0.0721599
461	0.0713534
462	0.070632
463	0.0702562
464	0.0698584
465	0.0695429
466	0.069126
467	0.0685719
468	0.0682482
469	0.0679738
470	0.0675679
471	0.0672853
472	0.0667806
473	0.066114
474	0.0658808
475	0.0656943
476	0.0655132
477	0.0654172
478	0.0652938
479	0.0650414
480	0.0644297
481	0.0638344
482	0.0637768
483	0.0647314
484	0.0672387
485	0.0716195
486	0.0762856
487	0.0802385
488	0.083437
489	0.0855465
490	0.0866437
491	0.086641
492	0.0859607
493	0.084932
494	0.0840158
495	0.0830365
496	0.0822382
497	0.0816293
498	0.0810121
499	0.0804991
500	0.0798078
501	0.0791248
502	0.0785185
503	0.0777038
504	0.076623
505	0.0759619
506	0.0753612
507	0.0747247
508	0.0739978
509	0.0732819
510	0.0727908
511	0.0722916
512	0.0718938
513	0.0714467
514	0.0711422
515	0.0710572
516	0.0707691
517	0.0704454
518	0.0701711
519	0.0699242
520	0.0692467
521	0.0687666
522	0.0679903
523	0.0675075
524	0.0671427
525	0.0668519
526	0.0662566
527	0.0658342
528	0.0654309
529	0.065195
530	0.0649756
531	0.0649975
532	0.0650963
533	0.0652554
534	0.0652773
535	0.0652472
536	0.0650634
537	0.0647068
538	0.0641581
539	0.0637329
540	0.0633269
541	0.0627701
542	0.0620925
543	0.0617057
544	0.0616372
545	0.0615082
546	0.0609706
547	0.0604631
548	0.0600489
549	0.0595606
550	0.059215
551	0.0589955
552	0.0586087
553	0.0581918
554	0.0579257
555	0.0574593
556	0.0569683
557	0.0563539
558	0.0558519
559	0.0554541
560	0.0550838
561	0.0547107
562	0.0543102
563	0.0536244
564	0.0531306
565	0.0528371
566	0.0527631
567	0.0524641
568	0.0522803
569	0.052091
570	0.0519813
571	0.0518798
572	0.0517207
573	0.0514985
574	0.0510321
575	0.0507523
576	0.050404
577	0.0499486
578	0.0495783
579	0.0496633
580	0.0502887
581	0.0521184
582	0.0550344
583	0.0582521
584	0.0613875
585	0.063187
586	0.0642212
587	0.0646053
588	0.064726
589	0.0643008
590	0.0637878
591	0.0630554
592	0.0622681
593	0.0616838
594	0.0609514
595	0.0604466
596	0.0599968
597	0.0596484
598	0.0593631
599	0.0591766
600	0.058883
601	0.0584935
602	0.0580601
603	0.0578269
604	0.0574648
605	0.0570835
606	0.0566529
607	0.0565376
608	0.0561317
609	0.055904
610	0.0556543
611	0.0552566
612	0.055103
613	0.054889
614	0.0544474
615	0.0542334
616	0.0536381
617	0.05318
618	0.0527109
619	0.0523159
620	0.0519045
621	0.0513778
622	0.0508072
623	0.0504588
624	0.049987
625	0.0496112
626	0.0491887
627	0.049175
628	0.0486867
629	0.0481052
630	0.0477019
631	0.0472548
632	0.0466486
633	0.0460533
634	0.0456309
635	0.0450438
636	0.0446982
637	0.0440289
638	0.0434117
639	0.0427698
640	0.0424241
641	0.04218
642	0.0422102
643	0.0420154
644	0.041774
645	0.0415957
646	0.0415737
647	0.0413131
648	0.0412226
649	0.0412473
650	0.0415079
651	0.0417575
652	0.0419825
653	0.0419496
654	0.0418974
655	0.0418124
656	0.0418673
657	0.0422184
658	0.0424708
659	0.0426299
660	0.0424296
661	0.0422184
662	0.0423555
663	0.0421525
664	0.0417328
665	0.0411897
666	0.040888
667	0.0404929
668	0.0400266
669	0.0396727
670	0.0393929
671	0.0390171
672	0.0383505
673	0.0379555
674	0.0375111
675	0.0371792
676	0.0369954
677	0.0367869
678	0.0363727
679	0.0358652
680	0.0355992
681	0.0354593
682	0.0351712
683	0.0349381
684	0.0349271
685	0.0347021
686	0.0346445
687	0.03448
688	0.0342303
689	0.0340246
690	0.0339752
691	0.033849
692	0.0335884
693	0.033539
694	0.0333004
695	0.0330151
696	0.0329438
697	0.0328286
698	0.0327298
699	0.0321922
700	0.0318493
701	0.0317094
702	0.0314488
703	0.0312403
704	0.0310071
705	0.0308096
706	0.0305874
707	0.030335
708	0.0300114
709	0.0301375
710	0.0299922
711	0.0299592
712	0.0295094
713	0.0293749
714	0.0291061
715	0.0287166
716	0.0284148
717	0.0280802
718	0.0276413
719	0.0275041
720	0.0273286
721	0.0269088
722	0.026459
723	0.026031
724	0.0259021
725	0.0256223
726	0.0255866
727	0.0254632
728	0.0253343
729	0.0249255
730	0.0247994
731	0.0246128
732	0.024248
733	0.0238228
734	0.0236061
735	0.0235485
736	0.0233318
737	0.0231096
738	0.0227612
739	0.0225664
740	0.0222784
741	0.0220727
742	0.0219081
743	0.0219575
744	0.0219739
745	0.0218505
746	0.0219163
747	0.0220151
748	0.0222427
749	0.0224649
750	0.0225171
751	0.0224814
752	0.0225171
753	0.0226734
754	0.0226707
755	0.0225527
756	0.0223031
757	0.0221028
758	0.0219355
759	0.0218999
760	0.0218176
761	0.0215707
762	0.0212388
763	0.0209233
764	0.0207834
765	0.0208547
766	0.0207258
767	0.0205502
768	0.0204185
769	0.0201113
770	0.0198809
771	0.0197053
772	0.0195243
773	0.019324
774	0.0190771
775	0.0189345
776	0.0188385
777	0.0186355
778	0.0185587
779	0.0185258
780	0.018331
781	0.0181637
782	0.0181198
783	0.0184133
784	0.0201333
785	0.0242014
786	0.0298385
787	0.0358817
788	0.0413488
789	0.0456144
790	0.0482616
791	0.049367
792	0.0494164
793	0.0491284
794	0.0492985
795	0.0500857
796	0.0518825
797	0.0543459
798	0.0570506
799	0.059193
800	0.0605728
801	0.0608663
802	0.0610227
803	0.060496
804	0.0602574
805	0.05992
806	0.0594152
807	0.0586608
808	0.0578736
809	0.0572262
810	0.0567132
811	0.056203
812	0.0559808
813	0.0560795
814	0.0566337
815	0.0573661
816	0.0582713
817	0.0593055
818	0.0599913
819	0.0603671
820	0.060603
821	0.0607758
822	0.0606414
823	0.0602738
824	0.0599254
825	0.059588
826	0.0591135
827	0.0588474
828	0.0582055
829	0.0576376
830	0.0573716
831	0.0569875
832	0.0566474
833	0.056011
834	0.0553115
835	0.0547326
836	0.054195
837	0.0539701
838	0.0536217
839	0.0530922
840	0.0525765
841	0.0521651
842	0.0517865
843	0.0513394
844	0.050969
845	0.0506728
846	0.0504725
847	0.0512434
848	0.0539015
849	0.0587733
850	0.0650963
851	0.0717951
852	0.077745
853	0.0828088
854	0.085829
855	0.0861527
856	0.086353
857	0.0864133
858	0.0856672
859	0.0853051
860	0.0848058
861	0.0847126
862	0.0850061
863	0.0849841
864	0.0849841
865	0.0849814
866	0.0848936
867	0.0845535
868	0.084238
869	0.0838265
870	0.0833218
871	0.0831737
872	0.0829816
873	0.0824824
874	0.0820983
875	0.0818377
876	0.0814976
877	0.0811712
878	0.0813961
879	0.0821998
880	0.0835769
881	0.0849101
882	0.0863201
883	0.0871649
884	0.0875737
885	0.087634
886	0.0876971
887	0.0885283
888	0.0910986
889	0.0960171
890	0.102337
891	0.109165
892	0.115738
893	0.120692
894	0.122689
895	0.122217
896	0.121814
897	0.121528
898	0.12025
899	0.118396
900	0.116769
901	0.115411
902	0.114297
903	0.113033
904	0.112004
905	0.111077
906	0.110175
907	0.109299
908	0.108348
909	0.107799
910	0.107053
911	0.106172
912	0.105336
913	0.104356
914	0.10335
915	0.102291
916	0.101257
917	0.100752
918	0.100335
919	0.100115
920	0.0998822
921	0.0993528
922	0.0984722
923	0.097449
924	0.0967194
925	0.0960967
926	0.0957483
927	0.095559
928	0.0953642
929	0.0946291
930	0.0939158
931	0.093466
932	0.0932959
933	0.0940393
934	0.0949774
935	0.0959129
936	0.0966453
937	0.0972598
938	0.097257
939	0.0968812
940	0.096242
941	0.0954026
942	0.0947059
943	0.093636
944	0.092569
945	0.0918091
946	0.0910108
947	0.0903223
948	0.0895762
949	0.088863
950	0.0881964
951	0.087527
952	0.0868934
953	0.086128
954	0.0852914
955	0.084441
956	0.0836482
957	0.0829679
958	0.0826881
959	0.0834891
960	0.0865038
961	0.0916006
962	0.0981376
963	0.104699
964	0.110786
965	0.114959
966	0.115022
967	0.114363
968	0.113669
969	0.113217
970	0.112215
971	0.109908
972	0.10798
973	0.106422
974	0.105017
975	0.103605
976	0.102554
977	0.101577
978	0.100165
979	0.0986615
980	0.0974627
981	0.096445
982	0.0953725
983	0.0945632
984	0.0938336
985	0.0931889
986	0.0925278
987	0.0928186
988	0.0956276
989	0.101594
990	0.11038
991	0.120826
992	0.131409
993	0.140511
994	0.143803
995	0.143509
996	0.142755
997	0.141575
998	0.140396
999	0.13875
1000	0.137318
1001	0.135557
1002	0.133063
1003	0.131269
1004	0.130051
1005	0.128877
1006	0.128425
1007	0.128013
1008	0.127805
1009	0.127739
1010	0.127975
1011	0.128123
1012	0.128178
1013	0.128076
1014	0.128063
1015	0.127618
1016	0.12685
1017	0.125964
1018	0.125067
1019	0.124162
1020	0.123067
1021	0.122008
1022	0.120958
1023	0.120083
