0	-0.000190816
1	-0.000267624
2	-8.10894e-05
3	0.000113674
4	0.000223401
5	0.000281007
6	0.000245346
7	1.76641e-05
8	1.21778e-05
9	7.80134e-05
10	-1.79969e-05
11	-6.73737e-05
12	-0.000135953
13	-1.52538e-05
14	-0.000111264
15	1.49209e-05
16	-0.000144182
17	5.33251e-05
18	0.000141106
19	0.000116418
20	-1.52538e-05
21	6.15545e-05
22	8.62429e-05
23	6.69146e-06
24	-0.00012498
25	-4.26853e-05
26	9.43461e-06
27	5.05819e-05
28	-4.28115e-06
29	0.000124647
30	0.000102702
31	-1.538e-06
32	2.04072e-05
33	0.000138363
34	0.000198712
35	0.000195969
36	4.78388e-05
37	0.000152079
38	0.000281007
39	0.000163051
40	-4.28115e-06
41	-4.28115e-06
42	-0.000295055
43	-0.000344432
44	-0.000418497
45	-0.000385579
46	-0.00022099
47	-1.538e-06
48	9.99587e-05
49	-0.000141439
50	-0.000297799
51	-0.000231963
52	-0.000330716
53	-0.000599545
54	-0.00052548
55	-0.000336203
56	-0.000404782
57	-0.000404782
58	-0.000380093
59	-0.000103035
60	0.00187478
61	0.009797
62	0.0335664
63	0.096648
64	0.237975
65	0.49359
66	0.866223
67	1.31282
68	1.76536
69	2.16392
70	2.47459
71	2.68799
72	2.81294
73	2.86835
74	2.87413
75	2.84757
76	2.8016
77	2.74588
78	2.68759
79	2.63132
80	2.58056
81	2.53648
82	2.49944
83	2.46867
84	2.44197
85	2.41875
86	2.39848
87	2.37999
88	2.36262
89	2.34626
90	2.33062
91	2.3154
92	2.29894
93	2.28133
94	2.26295
95	2.24499
96	2.22833
97	2.21227
98	2.19656
99	2.18097
100	2.16557
101	2.14997
102	2.13369
103	2.11752
104	2.10142
105	2.08513
106	2.06846
107	2.05142
108	2.03427
109	2.01723
110	1.99984
111	1.98157
112	1.96289
113	1.94404
114	1.92562
115	1.90755
116	1.88901
117	1.87032
118	1.85219
119	1.83494
120	1.81812
121	1.80167
122	1.78542
123	1.7692
124	1.75265
125	1.73608
126	1.71935
127	1.70224
128	1.68457
129	1.66653
130	1.64848
131	1.63079
132	1.61362
133	1.59672
134	1.58021
135	1.56392
136	1.54835
137	1.53235
138	1.51671
139	1.50113
140	1.48577
141	1.47027
142	1.4542
143	1.43809
144	1.42248
145	1.40717
146	1.39187
147	1.3763
148	1.3611
149	1.34645
150	1.3319
151	1.31737
152	1.30328
153	1.29052
154	1.27941
155	1.26924
156	1.25924
157	1.24895
158	1.23771
159	1.22563
160	1.21295
161	1.19949
162	1.18573
163	1.17218
164	1.15887
165	1.1457
166	1.13305
167	1.12108
168	1.10964
169	1.09879
170	1.0879
171	1.07703
172	1.06636
173	1.05561
174	1.04443
175	1.03325
176	1.02293
177	1.01331
178	1.00372
179	0.994029
180	0.984261
181	0.974166
182	0.963739
183	0.952973
184	0.942288
185	0.93176
186	0.921402
187	0.911271
188	0.901248
189	0.89137
190	0.88164
191	0.872414
192	0.863299
193	0.854219
194	0.845117
195	0.835821
196	0.826598
197	0.817793
198	0.809111
199	0.800684
200	0.792205
201	0.783786
202	0.775493
203	0.767604
204	0.759802
205	0.751957
206	0.744435
207	0.737322
208	0.730083
209	0.722841
210	0.715665
211	0.708758
212	0.701958
213	0.695168
214	0.687616
215	0.680385
216	0.67324
217	0.666066
218	0.658865
219	0.651445
220	0.644126
221	0.637389
222	0.631099
223	0.624521
224	0.617861
225	0.611167
226	0.604332
227	0.597507
228	0.590693
229	0.5837
230	0.576505
231	0.569965
232	0.564032
233	0.558425
234	0.552958
235	0.547606
236	0.542493
237	0.53741
238	0.532565
239	0.528297
240	0.5241
241	0.519598
242	0.515039
243	0.509984
244	0.505062
245	0.50007
246	0.494968
247	0.489994
248	0.485844
249	0.483487
250	0.482944
251	0.483641
252	0.483633
253	0.482483
254	0.480039
255	0.476566
256	0.472817
257	0.468205
258	0.463424
259	0.458876
260	0.455581
261	0.453203
262	0.45167
263	0.450594
264	0.449785
265	0.448197
266	0.445673
267	0.442529
268	0.439685
269	0.437597
270	0.437252
271	0.437337
272	0.438415
273	0.439227
274	0.439057
275	0.437896
276	0.435647
277	0.432391
278	0.428652
279	0.424554
280	0.420288
281	0.415885
282	0.411337
283	0.407099
284	0.402899
285	0.399114
286	0.395435
287	0.391924
288	0.388626
289	0.385255
290	0.381642
291	0.378211
292	0.375155
293	0.37366
294	0.375835
295	0.382526
296	0.392615
297	0.397635
298	0.394461
299	0.390859
300	0.387173
301	0.383489
302	0.380109
303	0.37668
304	0.373196
305	0.369718
306	0.366322
307	0.363049
308	0.360048
309	0.357643
310	0.355058
311	0.352645
312	0.350071
313	0.347567
314	0.345109
315	0.342744
316	0.339968
317	0.337126
318	0.334556
319	0.331736
320	0.328949
321	0.326066
322	0.323507
323	0.320739
324	0.317993
325	0.314926
326	0.312007
327	0.309262
328	0.306697
329	0.304335
330	0.301811
331	0.299397
332	0.297277
333	0.295444
334	0.293628
335	0.291629
336	0.289593
337	0.287651
338	0.285997
339	0.28445
340	0.283325
341	0.281981
342	0.280371
343	0.27878
344	0.277043
345	0.275093
346	0.273153
347	0.27063
348	0.268158
349	0.265168
350	0.262126
351	0.259295
352	0.256887
353	0.255098
354	0.253872
355	0.252292
356	0.250624
357	0.249957
358	0.251691
359	0.257399
360	0.266326
361	0.276736
362	0.280393
363	0.27825
364	0.276305
365	0.274843
366	0.273373
367	0.271464
368	0.269516
369	0.267541
370	0.265563
371	0.263624
372	0.261569
373	0.25935
374	0.257432
375	0.255279
376	0.252986
377	0.250939
378	0.249022
379	0.247409
380	0.245947
381	0.244523
382	0.243212
383	0.241635
384	0.240266
385	0.239182
386	0.238118
387	0.236741
388	0.235015
389	0.233921
390	0.232887
391	0.2314
392	0.229559
393	0.227817
394	0.225875
395	0.223933
396	0.222251
397	0.220663
398	0.219283
399	0.218968
400	0.217931
401	0.216343
402	0.214757
403	0.213106
404	0.211364
405	0.209427
406	0.207984
407	0.206391
408	0.205057
409	0.203968
410	0.202931
411	0.20153
412	0.200218
413	0.198636
414	0.196784
415	0.195273
416	0.193621
417	0.191994
418	0.190439
419	0.18879
420	0.187356
421	0.185855
422	0.184662
423	0.183787
424	0.182906
425	0.181911
426	0.180432
427	0.179154
428	0.177939
429	0.176658
430	0.175176
431	0.173591
432	0.171969
433	0.170858
434	0.16983
435	0.168859
436	0.167781
437	0.166483
438	0.16518
439	0.164061
440	0.163172
441	0.162426
442	0.162061
443	0.161993
444	0.162193
445	0.16256
446	0.162602
447	0.162645
448	0.162182
449	0.161252
450	0.160116
451	0.158646
452	0.156981
453	0.155135
454	0.153439
455	0.151851
456	0.150702
457	0.149426
458	0.148101
459	0.147215
460	0.146126
461	0.145397
462	0.14476
463	0.144165
464	0.143405
465	0.142653
466	0.142009
467	0.141488
468	0.14101
469	0.140549
470	0.140168
471	0.140725
472	0.142083
473	0.144244
474	0.146365
475	0.148035
476	0.149028
477	0.149349
478	0.149168
479	0.150046
480	0.154737
481	0.164697
482	0.177845
483	0.181571
484	0.180399
485	0.178858
486	0.177448
487	0.175936
488	0.174732
489	0.173434
490	0.172183
491	0.17093
492	0.169992
493	0.168886
494	0.168135
495	0.167366
496	0.166393
497	0.165589
498	0.165005
499	0.164563
500	0.164072
501	0.163244
502	0.162602
503	0.161584
504	0.160544
505	0.159389
506	0.158366
507	0.157524
508	0.156871
509	0.156177
510	0.155469
511	0.154998
512	0.154518
513	0.15449
514	0.15429
515	0.15409
516	0.153744
517	0.153497
518	0.153061
519	0.152529
520	0.151851
521	0.150833
522	0.149541
523	0.148554
524	0.147407
525	0.146455
526	0.145627
527	0.144826
528	0.14445
529	0.144628
530	0.144933
531	0.144818
532	0.144763
533	0.144601
534	0.144406
535	0.143871
536	0.143158
537	0.142365
538	0.141457
539	0.140525
540	0.139279
541	0.138412
542	0.137526
543	0.136616
544	0.135727
545	0.134918
546	0.13387
547	0.133028
548	0.13221
549	0.131409
550	0.130614
551	0.129728
552	0.129006
553	0.128224
554	0.127473
555	0.126507
556	0.125544
557	0.124883
558	0.123781
559	0.122862
560	0.122211
561	0.121805
562	0.121216
563	0.120374
564	0.119507
565	0.118648
566	0.117946
567	0.11749
568	0.116742
569	0.115551
570	0.114857
571	0.114314
572	0.113675
573	0.112945
574	0.112407
575	0.111903
576	0.112169
577	0.114607
578	0.121446
579	0.132764
580	0.146519
581	0.148211
582	0.147503
583	0.146573
584	0.14617
585	0.145671
586	0.145487
587	0.145092
588	0.144834
589	0.144305
590	0.144113
591	0.143682
592	0.143243
593	0.142695
594	0.142204
595	0.142031
596	0.141663
597	0.141603
598	0.141194
599	0.140769
600	0.140223
601	0.139814
602	0.139515
603	0.138865
604	0.138168
605	0.137474
606	0.13683
607	0.136328
608	0.135719
609	0.135154
610	0.134594
611	0.134114
612	0.133875
613	0.133255
614	0.132797
615	0.132515
616	0.132004
617	0.131511
618	0.131171
619	0.130704
620	0.130257
621	0.130213
622	0.129484
623	0.128913
624	0.128359
625	0.127931
626	0.127615
627	0.12719
628	0.126839
629	0.126395
630	0.126066
631	0.125564
632	0.124998
633	0.124365
634	0.123934
635	0.123388
636	0.122664
637	0.121811
638	0.120982
639	0.120546
640	0.12005
641	0.119279
642	0.118876
643	0.118665
644	0.118119
645	0.117592
646	0.116731
647	0.115784
648	0.115038
649	0.114193
650	0.113173
651	0.112136
652	0.11137
653	0.110646
654	0.109914
655	0.108984
656	0.108287
657	0.107533
658	0.106699
659	0.105761
660	0.105475
661	0.105138
662	0.104735
663	0.104403
664	0.104008
665	0.103204
666	0.102422
667	0.101876
668	0.101344
669	0.100447
670	0.0997724
671	0.0990235
672	0.0979674
673	0.097224
674	0.0966727
675	0.0958003
676	0.0953889
677	0.0949143
678	0.0946043
679	0.0940776
680	0.0934083
681	0.0925662
682	0.0918941
683	0.0908901
684	0.0897709
685	0.0888355
686	0.0880125
687	0.0872225
688	0.0865257
689	0.0857494
690	0.0848908
691	0.0842681
692	0.0836893
693	0.0829432
694	0.0819639
695	0.0811684
696	0.080318
697	0.0796541
698	0.0790424
699	0.0787215
700	0.0784197
701	0.0779314
702	0.0773444
703	0.0766586
704	0.0760414
705	0.0753309
706	0.0747439
707	0.074283
708	0.073515
709	0.0727551
710	0.0721352
711	0.0714768
712	0.0706319
713	0.0699379
714	0.0695154
715	0.0690875
716	0.0685992
717	0.0680396
718	0.0676227
719	0.0669396
720	0.0661633
721	0.0654775
722	0.0648932
723	0.0645421
724	0.0641471
725	0.0638536
726	0.0635354
727	0.063294
728	0.0628276
729	0.0619553
730	0.0613985
731	0.0607428
732	0.0603917
733	0.0596236
734	0.0589571
735	0.0581698
736	0.0575032
737	0.0564882
738	0.0557558
739	0.0552456
740	0.054557
741	0.0539974
742	0.0533638
743	0.052848
744	0.0524722
745	0.0519757
746	0.0512982
747	0.0507879
748	0.0502942
749	0.049847
750	0.0495343
751	0.0494932
752	0.0494438
753	0.0492326
754	0.0487498
755	0.0483218
756	0.0479899
757	0.0476854
758	0.0473727
759	0.0472575
760	0.0470106
761	0.0466101
762	0.0460395
763	0.0455814
764	0.0451508
765	0.0447887
766	0.0444732
767	0.0440343
768	0.0436448
769	0.0431647
770	0.0426655
771	0.0422759
772	0.041848
773	0.041346
774	0.0408221
775	0.0406026
776	0.0405368
777	0.0405697
778	0.0403475
779	0.0397989
780	0.0394011
781	0.0389238
782	0.0389293
783	0.0388607
784	0.0387647
785	0.0385096
786	0.038548
787	0.0396151
788	0.042553
789	0.0473096
790	0.0527685
791	0.0581341
792	0.0627865
793	0.0662922
794	0.0689613
795	0.0706127
796	0.071699
797	0.0725192
798	0.0732708
799	0.0741651
800	0.0749441
801	0.0754544
802	0.0753995
803	0.0747933
804	0.0740746
805	0.0735177
806	0.0726317
807	0.0716167
808	0.0709062
809	0.0706237
810	0.0709446
811	0.0717813
812	0.0730157
813	0.0745821
814	0.0758796
815	0.0769741
816	0.0774925
817	0.0775721
818	0.0773444
819	0.0770811
820	0.0763569
821	0.0756382
822	0.0749085
823	0.0742309
824	0.0734436
825	0.0726125
826	0.0718279
827	0.0708459
828	0.0702698
829	0.0698007
830	0.0690217
831	0.0684676
832	0.0682426
833	0.0676775
834	0.0671755
835	0.066882
836	0.0663252
837	0.0656586
838	0.0651977
839	0.0646765
840	0.064479
841	0.0640895
842	0.0636122
843	0.0629209
844	0.0624354
845	0.0621967
846	0.0616124
847	0.0612421
848	0.0610885
849	0.0613655
850	0.0642897
851	0.0708294
852	0.0812287
853	0.0935455
854	0.0981238
855	0.0984146
856	0.0995612
857	0.102101
858	0.105135
859	0.108416
860	0.111538
861	0.114023
862	0.116179
863	0.118195
864	0.120906
865	0.1251
866	0.130202
867	0.135527
868	0.140357
869	0.143644
870	0.14572
871	0.146664
872	0.146867
873	0.146815
874	0.147558
875	0.149188
876	0.151086
877	0.153119
878	0.155159
879	0.156663
880	0.157436
881	0.157711
882	0.157647
883	0.157047
884	0.156353
885	0.155494
886	0.154515
887	0.153689
888	0.152872
889	0.153075
890	0.154005
891	0.155316
892	0.15612
893	0.156783
894	0.156989
895	0.156912
896	0.156026
897	0.154622
898	0.153179
899	0.151752
900	0.150532
901	0.149434
902	0.148603
903	0.147882
904	0.14755
905	0.147092
906	0.146576
907	0.146118
908	0.145501
909	0.14467
910	0.144085
911	0.143262
912	0.142204
913	0.141123
914	0.140094
915	0.138997
916	0.137817
917	0.136446
918	0.135277
919	0.134306
920	0.133601
921	0.133107
922	0.132613
923	0.132076
924	0.131308
925	0.130482
926	0.129843
927	0.128899
928	0.127753
929	0.126301
930	0.125339
931	0.126782
932	0.132778
933	0.143701
934	0.156879
935	0.158232
936	0.157102
937	0.155821
938	0.154756
939	0.15356
940	0.152762
941	0.152106
942	0.151207
943	0.150126
944	0.149042
945	0.147953
946	0.146752
947	0.145973
948	0.145451
949	0.144689
950	0.14397
951	0.143251
952	0.142437
953	0.141691
954	0.14081
955	0.13977
956	0.138668
957	0.137773
958	0.137079
959	0.136383
960	0.135593
961	0.134898
962	0.134471
963	0.134399
964	0.134649
965	0.135025
966	0.13537
967	0.135123
968	0.134682
969	0.134054
970	0.133329
971	0.132526
972	0.131823
973	0.131193
974	0.130334
975	0.129434
976	0.128809
977	0.128263
978	0.127684
979	0.127149
980	0.126329
981	0.125437
982	0.124804
983	0.124219
984	0.124074
985	0.12595
986	0.131939
987	0.142988
988	0.157908
989	0.165059
990	0.168384
991	0.172203
992	0.176007
993	0.17894
994	0.180534
995	0.181126
996	0.181132
997	0.18024
998	0.17922
999	0.178161
1000	0.17677
1001	0.175261
1002	0.173799
1003	0.172318
1004	0.171254
1005	0.170313
1006	0.169561
1007	0.169136
1008	0.168606
1009	0.168384
1010	0.168349
1011	0.168151
1012	0.167482
1013	0.16693
1014	0.166423
1015	0.165948
1016	0.165202
1017	0.164574
1018	0.163943
1019	0.163098
1020	0.162133
1021	0.160947
1022	0.159839
1023	0.159044
