0	-0.000591957
1	-0.000441716
2	-0.00119292
3	-0.000216356
4	0.000159245
5	8.41251e-05
6	-0.000141235
7	-0.000141235
8	-0.000366596
9	-0.000441716
10	9.00489e-06
11	0.000234365
12	0.000760207
13	0.000685087
14	-0.000291476
15	-0.00119292
16	-0.000366596
17	0.000309486
18	0.000985567
19	-6.61153e-05
20	-0.000441716
21	8.41251e-05
22	0.000459726
23	0.000459726
24	0.000534846
25	9.00489e-06
26	0.000685087
27	8.41251e-05
28	0.000609966
29	0.000760207
30	0.000609966
31	0.000459726
32	-0.000967558
33	-0.000291476
34	0.000459726
35	-0.000441716
36	-6.61153e-05
37	-0.000216356
38	0.000835327
39	-0.000742197
40	-0.000591957
41	-0.00119292
42	-0.000817317
43	-0.000141235
44	-6.61153e-05
45	-0.000366596
46	0.000234365
47	0.000459726
48	0.000835327
49	0.000985567
50	0.00128605
51	0.000910447
52	0.00136117
53	0.00211237
54	0.00143629
55	0.00158653
56	0.00121093
57	0.00106069
58	0.000234365
59	0.000760207
60	0.00173677
61	0.00113581
62	0.000309486
63	0.000985567
64	0.00151141
65	0.00158653
66	0.00541766
67	0.0373437
68	0.139507
69	0.32543
70	0.551917
71	0.765634
72	0.938936
73	1.07235
74	1.17076
75	1.23889
76	1.27968
77	1.2938
78	1.28532
79	1.25895
80	1.21936
81	1.17098
82	1.11457
83	1.05657
84	0.999483
85	0.943669
86	0.891535
87	0.84451
88	0.807025
89	0.781785
90	0.764958
91	0.751136
92	0.73799
93	0.721989
94	0.705012
95	0.684805
96	0.662644
97	0.640484
98	0.616671
99	0.591806
100	0.568744
101	0.545306
102	0.524273
103	0.50399
104	0.485511
105	0.466055
106	0.450054
107	0.435931
108	0.423462
109	0.412494
110	0.402503
111	0.393864
112	0.385451
113	0.376962
114	0.367647
115	0.359534
116	0.349769
117	0.339177
118	0.329035
119	0.318894
120	0.30988
121	0.299889
122	0.291175
123	0.282536
124	0.27555
125	0.268188
126	0.261127
127	0.253615
128	0.246028
129	0.239417
130	0.23213
131	0.22552
132	0.21936
133	0.213501
134	0.207791
135	0.201932
136	0.1975
137	0.192843
138	0.187284
139	0.180598
140	0.17549
141	0.170682
142	0.166025
143	0.160992
144	0.15716
145	0.153104
146	0.148897
147	0.14424
148	0.140033
149	0.135601
150	0.132671
151	0.12884
152	0.124408
153	0.121478
154	0.116821
155	0.114492
156	0.110436
157	0.107431
158	0.104126
159	0.100445
160	0.0961629
161	0.0940595
162	0.0915805
163	0.0894772
164	0.0869231
165	0.0848197
166	0.0838431
167	0.0812139
168	0.0794862
169	0.0773828
170	0.0754297
171	0.0742278
172	0.0728005
173	0.0705469
174	0.0690445
175	0.0676923
176	0.064988
177	0.0626592
178	0.060631
179	0.0595042
180	0.0579267
181	0.0547716
182	0.0534195
183	0.0525931
184	0.0516917
185	0.0488371
186	0.048161
187	0.0471845
188	0.0451562
189	0.0439543
190	0.0424519
191	0.040649
192	0.0399729
193	0.0388461
194	0.0370433
195	0.0352404
196	0.0355409
197	0.0335877
198	0.0335126
199	0.0326863
200	0.0304327
201	0.0299068
202	0.029381
203	0.0283293
204	0.028104
205	0.0275781
206	0.0260757
207	0.0258504
208	0.0246484
209	0.0260006
210	0.0263011
211	0.0255499
212	0.025625
213	0.0252494
214	0.0253996
215	0.0244982
216	0.0239723
217	0.0235216
218	0.0226953
219	0.0215685
220	0.0198407
221	0.0198407
222	0.0186388
223	0.0190895
224	0.0182632
225	0.0187139
226	0.018113
227	0.0177374
228	0.0178876
229	0.0178876
230	0.0184886
231	0.0177374
232	0.0166106
233	0.0160096
234	0.0165354
235	0.0152584
236	0.0133804
237	0.013756
238	0.0140565
239	0.0140565
240	0.0135306
241	0.0133053
242	0.0125541
243	0.0121785
244	0.011277
245	0.0111268
246	0.0103005
247	0.0109014
248	0.00947415
249	0.00902343
250	0.00887319
251	0.00774638
252	0.00767126
253	0.00684494
254	0.0066947
255	0.0063191
256	0.00579326
257	0.00429086
258	0.0048167
259	0.00466646
260	0.00391525
261	0.00376501
262	0.00308893
263	0.00331429
264	0.00301381
265	0.00391525
266	0.00436598
267	0.00414062
268	0.00489182
269	0.00496694
270	0.00399038
271	0.00316405
272	0.00353965
273	0.00293869
274	0.00278845
275	0.00263821
276	0.00278845
277	0.00136117
278	0.000835327
279	0.000760207
280	0.000685087
281	-0.0011178
282	-0.00179388
283	-0.00246996
284	-0.00254508
285	-0.00231972
286	-0.00201924
287	-0.00322116
288	-0.0026202
289	-0.0029958
290	-0.00292068
291	-0.00344652
292	-0.00419773
293	-0.00457333
294	-0.00412261
295	-0.00494893
296	-0.00472357
297	-0.00442309
298	-0.00457333
299	-0.00464845
300	-0.00547477
301	-0.00554989
302	-0.00547477
303	-0.00570013
304	-0.00630109
305	-0.00622597
306	-0.00592549
307	-0.00622597
308	-0.00660157
309	-0.0078035
310	-0.00840446
311	-0.00727765
312	-0.00735277
313	-0.00705229
314	-0.00622597
315	-0.00539965
316	-0.00397237
317	-0.00382212
318	-0.00104268
319	-0.000291476
320	0.000459726
321	0.000534846
322	0.000159245
323	0.00143629
324	0.00128605
325	0.000234365
326	-0.000967558
327	-0.000591957
328	-0.000667077
329	-0.001869
330	-0.0033714
331	-0.00367188
332	-0.00246996
333	-0.00246996
334	-0.00307092
335	-0.00352164
336	-0.00284556
337	-0.0029958
338	-0.00322116
339	-0.00314604
340	-0.00239484
341	-0.00179388
342	-0.00119292
343	-0.000742197
344	-0.000366596
345	-0.000516836
346	-0.000141235
347	-0.000441716
348	-0.000742197
349	-6.61153e-05
350	9.00489e-06
351	-0.000441716
352	-6.61153e-05
353	0.000910447
354	0.000910447
355	-0.000366596
356	0.000234365
357	0.000835327
358	0.000685087
359	-0.000817317
360	-0.00156852
361	-0.0011178
362	-0.000591957
363	0.00121093
364	0.00286357
365	0.00609374
366	0.00812199
367	0.0104507
368	0.0114273
369	0.0126292
370	0.0139062
371	0.014357
372	0.0153335
373	0.0160847
374	0.0152584
375	0.0145823
376	0.0138311
377	0.0135306
378	0.0121034
379	0.0109766
380	0.0107512
381	0.00969951
382	0.00827223
383	0.00812199
384	0.00789663
385	0.00834735
386	0.0074459
387	0.00767126
388	0.00752102
389	0.00661958
390	0.00616886
391	0.0063191
392	0.00639422
393	0.00601862
394	0.00586838
395	0.00586838
396	0.00571814
397	0.00601862
398	0.00541766
399	0.00526742
400	0.0044411
401	0.00384013
402	0.00331429
403	0.00368989
404	0.00286357
405	0.00218749
406	0.000985567
407	0.00143629
408	0.00128605
409	0.00136117
410	0.00151141
411	0.000534846
412	-0.000742197
413	-0.00156852
414	-0.00209436
415	-0.00171876
416	-0.00246996
417	-0.00209436
418	-0.0026202
419	-0.00329628
420	-0.00352164
421	-0.00352164
422	-0.00397237
423	-0.00404749
424	-0.00487381
425	-0.00284556
426	-0.00284556
427	-0.00284556
428	-0.00292068
429	-0.00254508
430	-0.00134316
431	-0.00216948
432	-0.00141828
433	-0.0011178
434	-0.00104268
435	-0.00201924
436	-0.00344652
437	-0.00382212
438	-0.003747
439	-0.003747
440	-0.00412261
441	-0.00434797
442	-0.00382212
443	-0.00344652
444	-0.00412261
445	-0.00487381
446	-0.00404749
447	-0.00442309
448	-0.00359676
449	-0.00487381
450	-0.00457333
451	-0.00397237
452	-0.003747
453	-0.00464845
454	-0.00554989
455	-0.00539965
456	-0.00600061
457	-0.00682693
458	-0.00645133
459	-0.00652645
460	-0.00600061
461	-0.00750301
462	-0.00810398
463	-0.00757813
464	-0.00727765
465	-0.00735277
466	-0.00795374
467	-0.00795374
468	-0.0085547
469	-0.00870494
470	-0.00885518
471	-0.00915566
472	-0.00900542
473	-0.0102073
474	-0.00960638
475	-0.00983174
476	-0.00960638
477	-0.00938102
478	-0.0102825
479	-0.0109585
480	-0.00998198
481	-0.0108083
482	-0.0108083
483	-0.011259
484	-0.011259
485	-0.0106581
486	-0.0110337
487	-0.0107332
488	-0.0107332
489	-0.0108834
490	-0.0110337
491	-0.0115595
492	-0.0117097
493	-0.0120853
494	-0.0123858
495	-0.0123107
496	-0.0126112
497	-0.0121605
498	-0.0119351
499	-0.0124609
500	-0.0124609
501	-0.0129117
502	-0.0135126
503	-0.0141887
504	-0.0134375
505	-0.0132121
506	-0.013137
507	-0.0142638
508	-0.0140385
509	-0.0136629
510	-0.0142638
511	-0.0135877
512	-0.0138882
513	-0.013738
514	-0.0126112
515	-0.0106581
516	-0.0114844
517	-0.0102825
518	-0.0100571
519	-0.0093059
520	-0.00885518
521	-0.00825422
522	-0.00787862
523	-0.00682693
524	-0.00735277
525	-0.00795374
526	-0.0085547
527	-0.00810398
528	-0.00802886
529	-0.00862982
530	-0.00900542
531	-0.00945614
532	-0.00915566
533	-0.0105829
534	-0.00975662
535	-0.0107332
536	-0.0103576
537	-0.0101322
538	-0.0111088
539	-0.0107332
540	-0.0105829
541	-0.0104327
542	-0.0107332
543	-0.0114093
544	-0.0114093
545	-0.0109585
546	-0.0104327
547	-0.0115595
548	-0.0116346
549	-0.0114844
550	-0.0119351
551	-0.0120102
552	-0.0116346
553	-0.0128365
554	-0.0129117
555	-0.0129117
556	-0.0120102
557	-0.0125361
558	-0.0126112
559	-0.01186
560	-0.0120853
561	-0.0120102
562	-0.0114844
563	-0.011259
564	-0.0117097
565	-0.0116346
566	-0.0109585
567	-0.01186
568	-0.0116346
569	-0.0120853
570	-0.0113341
571	-0.0115595
572	-0.0123107
573	-0.0126112
574	-0.0116346
575	-0.0114093
576	-0.0111088
577	-0.0114844
578	-0.0116346
579	-0.0120102
580	-0.0120102
581	-0.0123107
582	-0.0126863
583	-0.0129117
584	-0.0115595
585	-0.0110337
586	-0.0111088
587	-0.0114093
588	-0.0111088
589	-0.0108834
590	-0.0111839
591	-0.0111839
592	-0.0111839
593	-0.011259
594	-0.0116346
595	-0.0105829
596	-0.0106581
597	-0.0113341
598	-0.0108083
599	-0.0119351
600	-0.0111088
601	-0.011259
602	-0.0108083
603	-0.0122356
604	-0.0114844
605	-0.0113341
606	-0.01186
607	-0.0123107
608	-0.0122356
609	-0.0129117
610	-0.0128365
611	-0.0134375
612	-0.0132121
613	-0.0135126
614	-0.0132121
615	-0.013137
616	-0.0135877
617	-0.0136629
618	-0.0134375
619	-0.0139634
620	-0.0138131
621	-0.0144892
622	-0.0141887
623	-0.0141136
624	-0.0146394
625	-0.0142638
626	-0.0154658
627	-0.015015
628	-0.0151653
629	-0.0149399
630	-0.0149399
631	-0.0144141
632	-0.0150902
633	-0.0151653
634	-0.0149399
635	-0.0144892
636	-0.0129868
637	-0.0140385
638	-0.014339
639	-0.0129868
640	-0.0119351
641	-0.0123858
642	-0.0121605
643	-0.011259
644	-0.0111839
645	-0.0119351
646	-0.0117849
647	-0.0121605
648	-0.0114844
649	-0.0117097
650	-0.0120853
651	-0.0119351
652	-0.0104327
653	-0.0102825
654	-0.0120853
655	-0.0119351
656	-0.0113341
657	-0.0108083
658	-0.0117849
659	-0.0117849
660	-0.0109585
661	-0.0121605
662	-0.0125361
663	-0.0126863
664	-0.0122356
665	-0.0117849
666	-0.0128365
667	-0.0129117
668	-0.0126863
669	-0.0114093
670	-0.0124609
671	-0.0128365
672	-0.013738
673	-0.0127614
674	-0.0128365
675	-0.0129117
676	-0.0138882
677	-0.0132121
678	-0.0133624
679	-0.0136629
680	-0.0147897
681	-0.014339
682	-0.0139634
683	-0.0140385
684	-0.0155409
685	-0.0149399
686	-0.0135877
687	-0.0140385
688	-0.0128365
689	-0.0132873
690	-0.0128365
691	-0.0128365
692	-0.0141136
693	-0.0129117
694	-0.0122356
695	-0.0128365
696	-0.0132873
697	-0.0138882
698	-0.0147146
699	-0.014339
700	-0.0141136
701	-0.0153155
702	-0.0146394
703	-0.0140385
704	-0.0142638
705	-0.015015
706	-0.0155409
707	-0.0154658
708	-0.0147897
709	-0.0145643
710	-0.0157662
711	-0.0160667
712	-0.0159916
713	-0.0159916
714	-0.0164423
715	-0.0156911
716	-0.0159165
717	-0.0154658
718	-0.015616
719	-0.0150902
720	-0.0161418
721	-0.016217
722	-0.015616
723	-0.0150902
724	-0.0146394
725	-0.0155409
726	-0.0159916
727	-0.0159916
728	-0.0164423
729	-0.0170433
730	-0.0163672
731	-0.0164423
732	-0.0159165
733	-0.0164423
734	-0.0168179
735	-0.0166677
736	-0.0166677
737	-0.016217
738	-0.0171935
739	-0.0154658
740	-0.0154658
741	-0.0161418
742	-0.0171184
743	-0.0170433
744	-0.0169682
745	-0.0167428
746	-0.017494
747	-0.0171184
748	-0.0161418
749	-0.016217
750	-0.0175691
751	-0.0168179
752	-0.0158414
753	-0.0159916
754	-0.0172686
755	-0.016893
756	-0.0160667
757	-0.016217
758	-0.0165926
759	-0.0171935
760	-0.0162921
761	-0.0162921
762	-0.0166677
763	-0.0171184
764	-0.0172686
765	-0.016893
766	-0.0163672
767	-0.0169682
768	-0.0169682
769	-0.016893
770	-0.017494
771	-0.016893
772	-0.0164423
773	-0.0158414
774	-0.0163672
775	-0.0159165
776	-0.016217
777	-0.0168179
778	-0.0159165
779	-0.0160667
780	-0.0161418
781	-0.0167428
782	-0.0158414
783	-0.0168179
784	-0.0171935
785	-0.0171184
786	-0.0162921
787	-0.016217
788	-0.0165174
789	-0.017494
790	-0.018095
791	-0.0172686
792	-0.0172686
793	-0.0171935
794	-0.0178696
795	-0.0165926
796	-0.0166677
797	-0.0164423
798	-0.0171935
799	-0.0164423
800	-0.0164423
801	-0.0168179
802	-0.0156911
803	-0.0157662
804	-0.0157662
805	-0.0171184
806	-0.0171935
807	-0.0164423
808	-0.016217
809	-0.0162921
810	-0.0164423
811	-0.0172686
812	-0.016893
813	-0.0157662
814	-0.0165174
815	-0.0172686
816	-0.0165174
817	-0.0167428
818	-0.0160667
819	-0.0154658
820	-0.0146394
821	-0.0146394
822	-0.0144892
823	-0.0146394
824	-0.0153155
825	-0.015015
826	-0.0155409
827	-0.0145643
828	-0.015015
829	-0.0147897
830	-0.0144892
831	-0.0144141
832	-0.0144892
833	-0.0148648
834	-0.0148648
835	-0.0147146
836	-0.0149399
837	-0.0151653
838	-0.0149399
839	-0.0148648
840	-0.0144892
841	-0.0145643
842	-0.0132121
843	-0.0136629
844	-0.0132121
845	-0.0130619
846	-0.0132121
847	-0.0128365
848	-0.0125361
849	-0.0132873
850	-0.0123858
851	-0.0121605
852	-0.0113341
853	-0.0109585
854	-0.011259
855	-0.0117097
856	-0.0109585
857	-0.011259
858	-0.0117097
859	-0.0126112
860	-0.0120853
861	-0.0120102
862	-0.0125361
863	-0.013137
864	-0.0133624
865	-0.0129868
866	-0.0127614
867	-0.0144892
868	-0.0139634
869	-0.0127614
870	-0.0117849
871	-0.0126112
872	-0.0129117
873	-0.0129117
874	-0.0120853
875	-0.0134375
876	-0.013738
877	-0.0136629
878	-0.0135126
879	-0.0132873
880	-0.013137
881	-0.0135877
882	-0.0132121
883	-0.0134375
884	-0.0129868
885	-0.0138882
886	-0.0134375
887	-0.0133624
888	-0.0128365
889	-0.0120853
890	-0.0124609
891	-0.0128365
892	-0.0140385
893	-0.013738
894	-0.013738
895	-0.0138131
896	-0.0140385
897	-0.0144892
898	-0.0141136
899	-0.0129868
900	-0.0129117
901	-0.0142638
902	-0.0135877
903	-0.0132873
904	-0.0133624
905	-0.0139634
906	-0.0138131
907	-0.0144141
908	-0.0141136
909	-0.0144141
910	-0.0142638
911	-0.0136629
912	-0.0126112
913	-0.0132121
914	-0.0141136
915	-0.0144892
916	-0.0132121
917	-0.0133624
918	-0.0141887
919	-0.0138131
920	-0.0135877
921	-0.0136629
922	-0.014339
923	-0.0140385
924	-0.0140385
925	-0.0130619
926	-0.0138131
927	-0.013137
928	-0.0120102
929	-0.0117849
930	-0.0102825
931	-0.00975662
932	-0.00915566
933	-0.00953126
934	-0.00975662
935	-0.00983174
936	-0.00983174
937	-0.0096815
938	-0.00923078
939	-0.00900542
940	-0.0096815
941	-0.00975662
942	-0.0103576
943	-0.0107332
944	-0.0111839
945	-0.0114844
946	-0.0114844
947	-0.0114093
948	-0.0114844
949	-0.0105078
950	-0.0116346
951	-0.0114093
952	-0.0121605
953	-0.0123107
954	-0.0120102
955	-0.0120102
956	-0.0128365
957	-0.0119351
958	-0.0119351
959	-0.0130619
960	-0.0129868
961	-0.0134375
962	-0.013137
963	-0.0127614
964	-0.0120853
965	-0.0126863
966	-0.0139634
967	-0.0132873
968	-0.0134375
969	-0.0141887
970	-0.0134375
971	-0.0139634
972	-0.0141136
973	-0.0145643
974	-0.0147146
975	-0.0138131
976	-0.013738
977	-0.0129117
978	-0.0129117
979	-0.0119351
980	-0.0124609
981	-0.0127614
982	-0.0126112
983	-0.0129117
984	-0.013137
985	-0.0133624
986	-0.0130619
987	-0.0120853
988	-0.0129117
989	-0.0123107
990	-0.0126863
991	-0.0128365
992	-0.0126112
993	-0.0120853
994	-0.0125361
995	-0.0120853
996	-0.0120853
997	-0.0119351
998	-0.0127614
999	-0.0129868
1000	-0.0128365
1001	-0.0130619
1002	-0.0132121
1003	-0.0136629
1004	-0.0135126
1005	-0.0135877
1006	-0.0139634
1007	-0.0135126
1008	-0.0127614
1009	-0.0122356
1010	-0.0125361
1011	-0.0122356
1012	-0.0116346
1013	-0.0107332
1014	-0.0111839
1015	-0.0117097
1016	-0.0117097
1017	-0.0114844
1018	-0.0114844
1019	-0.0117849
1020	-0.0130619
1021	-0.0121605
1022	-0.0119351
1023	-0.0122356
