0	-1.20951e-06
1	0.00010303
2	-5.88157e-05
3	-1.20951e-06
4	9.7544e-05
5	0.000286822
6	0.000371859
7	0.000292308
8	0.000404777
9	0.000794305
10	0.000728469
11	0.000670863
12	0.000596798
13	0.000509017
14	0.000462383
15	9.48009e-05
16	-6.70452e-05
17	-5.33294e-05
18	0.000185325
19	6.1883e-05
20	-6.70452e-05
21	9.7544e-05
22	0.000270363
23	0.000218243
24	0.000199041
25	0.000242931
26	0.000124976
27	2.6222e-05
28	0.00025939
29	0.000138691
30	0.000295051
31	0.000212756
32	3.99378e-05
33	-0.000286497
34	-0.000500463
35	-0.000489491
36	-0.000670539
37	-0.000818669
38	-0.000714429
39	-0.00049772
40	-0.000105449
41	-1.21821e-05
42	4.54241e-05
43	-0.000121908
44	-0.000272782
45	-0.000478518
46	-0.000651337
47	-0.000769292
48	-0.000692484
49	-0.000500463
50	-0.000204203
51	4.54241e-05
52	1.25063e-05
53	-0.000157569
54	-0.000426398
55	-0.000686998
56	-0.000643107
57	0.000528219
58	0.00502425
59	0.019936
60	0.056612
61	0.127865
62	0.234226
63	0.363176
64	0.499173
65	0.632463
66	0.757076
67	0.869814
68	0.968359
69	1.05208
70	1.12103
71	1.17587
72	1.21744
73	1.24742
74	1.2674
75	1.28061
76	1.28999
77	1.2977
78	1.30514
79	1.31355
80	1.32276
81	1.3308
82	1.33677
83	1.33995
84	1.3398
85	1.33717
86	1.33408
87	1.33239
88	1.33254
89	1.33406
90	1.33654
91	1.33833
92	1.33757
93	1.33334
94	1.32564
95	1.31534
96	1.30415
97	1.29442
98	1.28759
99	1.28392
100	1.28162
101	1.27904
102	1.27437
103	1.26609
104	1.2545
105	1.24058
106	1.22722
107	1.21666
108	1.20935
109	1.20543
110	1.20299
111	1.19986
112	1.19409
113	1.18433
114	1.17108
115	1.15565
116	1.14102
117	1.129
118	1.12075
119	1.11554
120	1.11201
121	1.1074
122	1.09954
123	1.08751
124	1.07233
125	1.05612
126	1.04149
127	1.03025
128	1.02271
129	1.01802
130	1.01434
131	1.00896
132	0.999752
133	0.986505
134	0.970038
135	0.952962
136	0.937918
137	0.927464
138	0.921997
139	0.919912
140	0.917907
141	0.913507
142	0.904403
143	0.890725
144	0.873216
145	0.855415
146	0.839755
147	0.829155
148	0.824319
149	0.8236
150	0.823831
151	0.822119
152	0.81584
153	0.804033
154	0.787884
155	0.769988
156	0.754369
157	0.743201
158	0.737718
159	0.736492
160	0.736519
161	0.73473
162	0.728857
163	0.718266
164	0.704142
165	0.68802
166	0.673404
167	0.662706
168	0.65635
169	0.653843
170	0.653544
171	0.652614
172	0.648938
173	0.640978
174	0.629201
175	0.615524
176	0.602181
177	0.591346
178	0.584576
179	0.581144
180	0.579984
181	0.578974
182	0.575737
183	0.569483
184	0.560318
185	0.549241
186	0.537879
187	0.528305
188	0.521195
189	0.517316
190	0.515563
191	0.514441
192	0.51194
193	0.506851
194	0.499055
195	0.489174
196	0.478983
197	0.469407
198	0.462355
199	0.457869
200	0.45551
201	0.454331
202	0.452902
203	0.449574
204	0.443855
205	0.43593
206	0.426452
207	0.417603
208	0.410695
209	0.406265
210	0.404301
211	0.403939
212	0.403618
213	0.401572
214	0.397405
215	0.390816
216	0.38277
217	0.37459
218	0.368064
219	0.363809
220	0.361719
221	0.36125
222	0.361385
223	0.360142
224	0.356504
225	0.350541
226	0.342717
227	0.334537
228	0.327561
229	0.32295
230	0.320827
231	0.320256
232	0.320149
233	0.318756
234	0.315889
235	0.310554
236	0.303449
237	0.295936
238	0.289462
239	0.285353
240	0.283029
241	0.282294
242	0.281833
243	0.280909
244	0.278124
245	0.272874
246	0.266342
247	0.259841
248	0.254665
249	0.251272
250	0.249782
251	0.24996
252	0.250449
253	0.250045
254	0.247859
255	0.24347
256	0.237849
257	0.231946
258	0.22748
259	0.225338
260	0.225571
261	0.226954
262	0.228237
263	0.228383
264	0.226487
265	0.222619
266	0.217347
267	0.211943
268	0.207749
269	0.205757
270	0.20559
271	0.206377
272	0.207263
273	0.207225
274	0.204718
275	0.200416
276	0.195026
277	0.189427
278	0.184865
279	0.182232
280	0.181376
281	0.181996
282	0.182756
283	0.182717
284	0.181244
285	0.178183
286	0.174098
287	0.169814
288	0.165573
289	0.162904
290	0.162078
291	0.162377
292	0.163192
293	0.163869
294	0.163222
295	0.161285
296	0.157867
297	0.154043
298	0.150826
299	0.148521
300	0.14755
301	0.147249
302	0.147819
303	0.148387
304	0.148055
305	0.146319
306	0.143671
307	0.140366
308	0.137354
309	0.134814
310	0.133357
311	0.132512
312	0.13223
313	0.132104
314	0.131442
315	0.129873
316	0.12735
317	0.124812
318	0.122086
319	0.119619
320	0.118168
321	0.117625
322	0.117151
323	0.116451
324	0.115233
325	0.11356
326	0.111467
327	0.108883
328	0.10617
329	0.104384
330	0.103059
331	0.102357
332	0.101803
333	0.101139
334	0.10008
335	0.0985438
336	0.0964069
337	0.0938887
338	0.0917655
339	0.0900565
340	0.0890635
341	0.088257
342	0.0877166
343	0.0872612
344	0.0863121
345	0.0847074
346	0.0827954
347	0.0807709
348	0.0791772
349	0.0777891
350	0.0766343
351	0.0756714
352	0.0747689
353	0.0738033
354	0.0725881
355	0.0708928
356	0.0693073
357	0.0678425
358	0.0666574
359	0.0659634
360	0.065615
361	0.0653599
362	0.0644931
363	0.0636591
364	0.0625207
365	0.0609489
366	0.0593771
367	0.0581783
368	0.0575063
369	0.0572457
370	0.0568726
371	0.0562663
372	0.0556135
373	0.0541267
374	0.052382
375	0.0504454
376	0.0488159
377	0.0473648
378	0.0467531
379	0.0468573
380	0.0469341
381	0.0470658
382	0.0467421
383	0.0458012
384	0.0445833
385	0.0431733
386	0.041596
387	0.0397718
388	0.0389571
389	0.0387321
390	0.0388117
391	0.0390915
392	0.0391299
393	0.0388967
394	0.0376513
395	0.0361069
396	0.0347189
397	0.0333226
398	0.0321321
399	0.031567
400	0.0313393
401	0.0313914
402	0.0316081
403	0.0312762
404	0.0306618
405	0.0295179
406	0.0280366
407	0.0262316
408	0.0246323
409	0.0236228
410	0.0231126
411	0.0230248
412	0.0229425
413	0.0231483
414	0.0230111
415	0.0220757
416	0.0206931
417	0.0194669
418	0.01826
419	0.0173026
420	0.016647
421	0.0166936
422	0.0170639
423	0.0173849
424	0.0172889
425	0.0166333
426	0.0153796
427	0.0137255
428	0.0121537
429	0.0109906
430	0.010538
431	0.0106066
432	0.0110811
433	0.0114624
434	0.0115584
435	0.0112622
436	0.0104859
437	0.00884546
438	0.00775917
439	0.00807738
440	0.00946815
441	0.012044
442	0.0154043
443	0.0188333
444	0.0220428
445	0.0242839
446	0.0258448
447	0.0267034
448	0.0274879
449	0.0279954
450	0.0284809
451	0.0291503
452	0.0307495
453	0.0323159
454	0.0332321
455	0.0338274
456	0.0338904
457	0.0329605
458	0.0312351
459	0.0297346
460	0.02895
461	0.0287361
462	0.028876
463	0.0291475
464	0.0291174
465	0.0285166
466	0.0274879
467	0.0259216
468	0.0245226
469	0.0237051
470	0.0233375
471	0.0233979
472	0.0236503
473	0.0244458
474	0.024871
475	0.0246158
476	0.0236749
477	0.022671
478	0.0221004
479	0.0217218
480	0.0220784
481	0.0233732
482	0.0251124
483	0.026676
484	0.0278006
485	0.0287333
486	0.0296248
487	0.0300473
488	0.0302695
489	0.0305219
490	0.0315204
491	0.0327246
492	0.0337204
493	0.0344747
494	0.0349493
495	0.0347408
496	0.0338987
497	0.0328151
498	0.0322994
499	0.0324969
500	0.0325957
501	0.032486
502	0.0323186
503	0.0322363
504	0.0316246
505	0.0302064
506	0.0284755
507	0.0273124
508	0.026462
509	0.0258887
510	0.026045
511	0.0264263
512	0.0267665
513	0.026975
514	0.0269475
515	0.0264894
516	0.0262069
517	0.025746
518	0.025351
519	0.0251069
520	0.0253318
521	0.025853
522	0.0258173
523	0.0253455
524	0.0245939
525	0.0233732
526	0.0218041
527	0.0202844
528	0.0191679
529	0.0186138
530	0.0184465
531	0.0182435
532	0.018142
533	0.017961
534	0.0174864
535	0.0162904
536	0.0151437
537	0.0139614
538	0.013731
539	0.0139614
540	0.0147021
541	0.0154565
542	0.015942
543	0.0157253
544	0.0151081
545	0.0141288
546	0.0131412
547	0.0121866
548	0.0115859
549	0.0115091
550	0.0119891
551	0.0123814
552	0.0124253
553	0.0117998
554	0.0105599
555	0.00901279
556	0.00731478
557	0.0062669
558	0.00554819
559	0.00547412
560	0.00595692
561	0.00633547
562	0.00661802
563	0.00632999
564	0.00569083
565	0.00457986
566	0.00368559
567	0.00313696
568	0.00282424
569	0.00317262
570	0.00339756
571	0.00429183
572	0.00668111
573	0.0128258
574	0.0230248
575	0.0357311
576	-0.00551769
577	-0.00623365
578	-0.00671919
579	-0.00677954
580	-0.00693041
581	-0.00650248
582	-0.00646956
583	-0.00692767
584	-0.00783565
585	-0.009199
586	-0.010321
587	-0.0110561
588	-0.0115142
589	-0.011506
590	-0.0107105
591	-0.00974763
592	-0.0090975
593	-0.00904264
594	-0.00929501
595	-0.00999726
596	-0.0109601
597	-0.0118928
598	-0.0126279
599	-0.0126389
600	-0.0128254
601	-0.0130641
602	-0.0136292
603	-0.014027
604	-0.0146963
605	-0.0154973
606	-0.0159801
607	-0.0167948
608	-0.0173901
609	-0.017818
610	-0.0178783
611	-0.0178591
612	-0.0177384
613	-0.018095
614	-0.0185257
615	-0.0192033
616	-0.0197245
617	-0.0197629
618	-0.0196148
619	-0.0190387
620	-0.0185888
621	-0.0179551
622	-0.018032
623	-0.018704
624	-0.0194584
625	-0.020114
626	-0.0209589
627	-0.0217873
628	-0.0219492
629	-0.0220095
630	-0.022111
631	-0.0221494
632	-0.0217956
633	-0.0217489
634	-0.021812
635	-0.0218916
636	-0.0218943
637	-0.0219135
638	-0.0221247
639	-0.0223469
640	-0.0224649
641	-0.0222482
642	-0.0223085
643	-0.0223168
644	-0.0221769
645	-0.0221357
646	-0.0224567
647	-0.0227639
648	-0.0231809
649	-0.023414
650	-0.0234716
651	-0.0234113
652	-0.0229367
653	-0.0226734
654	-0.0222811
655	-0.0223113
656	-0.0225883
657	-0.0231342
658	-0.0232906
659	-0.0235128
660	-0.0238996
661	-0.0241053
662	-0.0239846
663	-0.0242397
664	-0.0245469
665	-0.0248926
666	-0.0251614
667	-0.0257814
668	-0.0264809
669	-0.0272736
670	-0.0275013
671	-0.0275918
672	-0.0275534
673	-0.0275507
674	-0.0274657
675	-0.0272325
676	-0.0268786
677	-0.0267744
678	-0.0272819
679	-0.0277811
680	-0.0281432
681	-0.0285684
682	-0.0290759
683	-0.0292816
684	-0.0293639
685	-0.0298549
686	-0.0303405
687	-0.0303405
688	-0.0302225
689	-0.0299564
690	-0.0295916
691	-0.0291884
692	-0.0289936
693	-0.029117
694	-0.029449
695	-0.0296574
696	-0.0302225
697	-0.0302774
698	-0.0307355
699	-0.031328
700	-0.0314487
701	-0.031254
702	-0.031424
703	-0.0318218
704	-0.0321126
705	-0.0326667
706	-0.0331659
707	-0.0336981
708	-0.0342111
709	-0.0345403
710	-0.0345485
711	-0.0347213
712	-0.0345841
713	-0.0345787
714	-0.0345567
715	-0.0347213
716	-0.0353824
717	-0.0358295
718	-0.0360435
719	-0.0361313
720	-0.0363974
721	-0.0363946
722	-0.0362547
723	-0.036134
724	-0.0362849
725	-0.0362849
726	-0.0366415
727	-0.0370447
728	-0.0375193
729	-0.0376647
730	-0.0377827
731	-0.0377497
732	-0.0377333
733	-0.0378595
734	-0.0380899
735	-0.0379911
736	-0.038249
737	-0.038633
738	-0.0389403
739	-0.0389375
740	-0.0390006
741	-0.0389403
742	-0.0390088
743	-0.0394176
744	-0.0397852
745	-0.0395684
746	-0.0394258
747	-0.0391131
748	-0.0386577
749	-0.0382764
750	-0.0376373
751	-0.0370118
752	-0.0367732
753	-0.0367128
754	-0.0366909
755	-0.0360325
756	-0.0357692
757	-0.035547
758	-0.0352178
759	-0.0346555
760	-0.0339148
761	-0.0332757
762	-0.0324747
763	-0.0320358
764	-0.03183
765	-0.0319864
766	-0.0322415
767	-0.0325377
768	-0.0326639
769	-0.0328505
770	-0.0327983
771	-0.032546
772	-0.0322168
773	-0.0319644
774	-0.0321427
775	-0.0323457
776	-0.0323402
777	-0.0326557
778	-0.0331028
779	-0.0335335
780	-0.0337091
781	-0.0336487
782	-0.0337475
783	-0.0333936
784	-0.0320467
785	-0.0299866
786	-0.0277509
787	-0.0253891
788	-0.0224704
789	-0.0194008
790	-0.0166329
791	-0.0141284
792	-0.0112728
793	-0.0082581
794	-0.00574537
795	-0.0036496
796	-0.00184461
797	-0.000558069
798	0.000253904
799	0.000750415
800	0.00115914
801	0.00188334
802	0.00240454
803	0.00240454
804	0.00211651
805	0.00187511
806	0.0015185
807	0.00105216
808	0.0439907
809	0.0328782
810	0.0209153
811	0.0086891
812	0.00042398
813	0.00105765
814	0.00218234
815	0.00303546
816	0.00362524
817	0.00342225
818	0.00343048
819	0.003222
820	0.00291476
821	0.00274194
822	0.00254169
823	0.00202049
824	0.00145815
825	0.000755901
826	-0.000182257
827	-0.000527894
828	-0.000678768
829	-0.00119174
830	-0.00155109
831	-0.00147703
832	-0.00144411
833	-0.0020092
834	-0.00248925
835	-0.00298576
836	-0.00318601
837	-0.00325459
838	-0.00301868
839	-0.00315035
840	-0.00292541
841	-0.00329848
842	-0.00372367
843	-0.00424212
844	-0.00462342
845	-0.00485933
846	-0.00501295
847	-0.00489499
848	-0.00454936
849	-0.00384985
850	-0.00360846
851	-0.00299948
852	-0.00246182
853	0.00256638
854	0.0103076
855	0.0170447
856	0.0232415
857	0.0294795
858	0.0354294
859	0.0407209
860	0.0451785
861	0.0488242
862	0.0512765
863	0.0527606
864	0.0534135
865	0.053504
866	0.0533943
867	0.0531062
868	0.0526344
869	0.0521105
870	0.0513067
871	0.050599
872	0.0498419
873	0.0488132
874	0.0480451
875	0.0477351
876	0.047705
877	0.047993
878	0.0483606
879	0.0487611
880	0.0494304
881	0.0494386
882	0.0489805
883	0.0483222
884	0.0475459
885	0.0467202
886	0.0456421
887	0.0447917
888	0.044501
889	0.0440237
890	0.0437658
891	0.0436067
892	0.0438838
893	0.0447259
894	0.0457848
895	0.0463581
896	0.0469012
897	0.0471179
898	0.0469698
899	0.0472962
900	0.0473374
901	0.0471947
902	0.0462922
903	0.0452114
904	0.0442678
905	0.0435436
906	0.0426356
907	0.0418758
908	0.0410885
909	0.0404109
910	0.040389
911	0.0400872
912	0.0398486
913	0.0394344
914	0.0388665
915	0.0382658
916	0.0376102
917	0.0368695
918	0.036469
919	0.0357366
920	0.0352291
921	0.0348121
922	0.0342333
923	0.0335969
924	0.0327658
925	0.0320827
926	0.0312323
927	0.0305685
928	0.0300857
929	0.0297565
930	0.0297922
931	0.0298498
932	0.0302667
933	0.0307715
934	0.0316987
935	0.032475
936	0.0330099
937	0.033457
938	0.0338466
939	0.0338795
940	0.0331992
941	0.0323735
942	0.0320553
943	0.0314874
944	0.0310485
945	0.0304286
946	0.0298361
947	0.0292243
948	0.0284398
949	0.0272822
950	0.0266348
951	0.0264592
952	0.0263934
953	0.0262398
954	0.0263221
955	0.0263687
956	0.026056
957	0.0252961
958	0.0247695
959	0.0247036
960	0.0249533
961	0.025148
962	0.025266
963	0.0252111
964	0.0250136
965	0.0241303
966	0.0234034
967	0.0226847
968	0.0223116
969	0.021741
970	0.0208824
971	0.0202817
972	0.0200869
973	0.0202103
974	0.020032
975	0.0194231
976	0.0186467
977	0.0174151
978	0.0159118
979	0.0148146
980	0.0144442
981	0.0143784
982	0.0141974
983	0.0142166
984	0.0146692
985	0.0160901
986	0.0173849
987	0.0188305
988	0.0201198
989	0.0216587
990	0.0232607
991	0.024764
992	0.0256171
993	0.0266321
994	0.0273864
995	0.027743
996	0.0276772
997	0.0277019
998	0.027765
999	0.0275154
1000	0.0269777
1001	0.0265662
1002	0.0262014
1003	0.0259682
1004	0.026163
1005	0.02627
1006	0.0266046
1007	0.0271423
1008	0.0277897
1009	0.0281161
1010	0.0284755
1011	0.0284864
1012	0.0280997
1013	0.0277074
1014	0.0275016
1015	0.0273508
1016	0.0273727
1017	0.0271423
1018	0.0270573
1019	0.0264757
1020	0.0257351
1021	0.0248243
1022	0.0239657
1023	0.023033
