0	-0.000490103
1	-0.000490103
2	-0.000600139
3	-0.000556124
4	-0.000506609
5	-0.0004791
6	-0.00060564
7	-0.000484602
8	-0.000193008
9	-2.79554e-05
10	-7.47204e-05
11	-0.000129738
12	-0.000319549
13	-0.000443338
14	-0.000407577
15	-7.19695e-05
16	0.000280143
17	0.000376424
18	0.000618501
19	0.000731288
20	0.000428691
21	0.000117841
22	-0.000102229
23	-0.000179254
24	-6.92186e-05
25	0.000156354
26	0.000219624
27	0.000392929
28	0.000494712
29	0.000398431
30	6.28236e-05
31	-0.000187506
32	-0.000352559
33	-0.000429584
34	-0.000404826
35	-0.000283787
36	0.000244382
37	0.00070928
38	0.000698277
39	0.000271891
40	0.000211371
41	0.000123343
42	-0.000182005
43	-0.000358061
44	-7.19695e-05
45	0.000423189
46	0.000734038
47	0.000505715
48	0.000183862
49	0.000117841
50	0.000335161
51	0.000461701
52	0.00106414
53	0.00223877
54	0.00364997
55	0.00582592
56	0.0089069
57	0.0145792
58	0.0250491
59	0.045832
60	0.0849605
61	0.150572
62	0.242781
63	0.354434
64	0.472994
65	0.588713
66	0.695205
67	0.789755
68	0.87133
69	0.93989
70	0.99589
71	1.04048
72	1.07479
73	1.09967
74	1.1173
75	1.12954
76	1.1388
77	1.14698
78	1.15534
79	1.16405
80	1.17284
81	1.18048
82	1.18595
83	1.18886
84	1.18927
85	1.18876
86	1.18885
87	1.18917
88	1.19013
89	1.19117
90	1.19184
91	1.19096
92	1.18785
93	1.18263
94	1.17589
95	1.16829
96	1.16131
97	1.15552
98	1.15133
99	1.14805
100	1.14397
101	1.139
102	1.1323
103	1.12455
104	1.11587
105	1.10718
106	1.09913
107	1.09189
108	1.08648
109	1.082
110	1.07696
111	1.0704
112	1.06183
113	1.05136
114	1.03985
115	1.02902
116	1.0195
117	1.01192
118	1.00528
119	0.998324
120	0.990726
121	0.9815
122	0.971132
123	0.960615
124	0.95042
125	0.941436
126	0.934154
127	0.928193
128	0.922538
129	0.916293
130	0.908789
131	0.899774
132	0.889846
133	0.879819
134	0.87051
135	0.86308
136	0.857749
137	0.853818
138	0.84998
139	0.84496
140	0.838275
141	0.829745
142	0.819792
143	0.809262
144	0.799042
145	0.789711
146	0.781692
147	0.774741
148	0.769124
149	0.764241
150	0.759603
151	0.754428
152	0.748349
153	0.740693
154	0.73172
155	0.722524
156	0.713795
157	0.706294
158	0.700316
159	0.695364
160	0.691032
161	0.686911
162	0.681808
163	0.675239
164	0.667341
165	0.658409
166	0.649447
167	0.6409
168	0.633764
169	0.628361
170	0.624378
171	0.621203
172	0.617448
173	0.61259
174	0.606368
175	0.598649
176	0.58994
177	0.581574
178	0.574507
179	0.569267
180	0.565779
181	0.563394
182	0.560634
183	0.556283
184	0.549837
185	0.541893
186	0.533054
187	0.524328
188	0.516563
189	0.511187
190	0.50771
191	0.505201
192	0.502748
193	0.499705
194	0.494765
195	0.488311
196	0.481368
197	0.474678
198	0.468983
199	0.46462
200	0.461801
201	0.460373
202	0.458808
203	0.455831
204	0.451009
205	0.444853
206	0.438185
207	0.431797
208	0.426606
209	0.422818
210	0.420631
211	0.419355
212	0.417795
213	0.415096
214	0.41108
215	0.405622
216	0.399543
217	0.393596
218	0.388627
219	0.384999
220	0.382353
221	0.380306
222	0.378193
223	0.375552
224	0.371803
225	0.367407
226	0.362263
227	0.357776
228	0.353876
229	0.350566
230	0.348418
231	0.347029
232	0.34567
233	0.343186
234	0.339945
235	0.335912
236	0.331571
237	0.327027
238	0.32314
239	0.320056
240	0.317358
241	0.315041
242	0.312706
243	0.310332
244	0.307573
245	0.304687
246	0.301727
247	0.299331
248	0.2971
249	0.294943
250	0.292801
251	0.290704
252	0.288949
253	0.287497
254	0.285846
255	0.283956
256	0.282133
257	0.28013
258	0.278254
259	0.277418
260	0.27777
261	0.27887
262	0.2804
263	0.281426
264	0.281833
265	0.281783
266	0.281112
267	0.279951
268	0.27851
269	0.27733
270	0.276546
271	0.275797
272	0.274868
273	0.273676
274	0.272491
275	0.271432
276	0.269941
277	0.26804
278	0.266007
279	0.263504
280	0.26105
281	0.259097
282	0.25741
283	0.256222
284	0.254324
285	0.25209
286	0.249051
287	0.245587
288	0.24247
289	0.240242
290	0.23871
291	0.23775
292	0.237335
293	0.236765
294	0.235293
295	0.233269
296	0.230622
297	0.227849
298	0.225176
299	0.222931
300	0.221531
301	0.220675
302	0.220042
303	0.219374
304	0.21829
305	0.216736
306	0.21464
307	0.212098
308	0.209276
309	0.20631
310	0.203622
311	0.20135
312	0.199766
313	0.198539
314	0.197375
315	0.195804
316	0.193959
317	0.192077
318	0.19
319	0.188119
320	0.186358
321	0.185216
322	0.184108
323	0.183079
324	0.181668
325	0.180312
326	0.178785
327	0.177192
328	0.175803
329	0.174595
330	0.173346
331	0.172199
332	0.170983
333	0.169671
334	0.168356
335	0.167289
336	0.166092
337	0.164689
338	0.163218
339	0.161501
340	0.160282
341	0.159314
342	0.158142
343	0.157179
344	0.156057
345	0.154913
346	0.153606
347	0.152242
348	0.150723
349	0.149155
350	0.14765
351	0.146209
352	0.14513
353	0.14397
354	0.142919
355	0.141868
356	0.141026
357	0.139973
358	0.138817
359	0.137428
360	0.135943
361	0.134248
362	0.132493
363	0.130809
364	0.129464
365	0.128744
366	0.127836
367	0.126829
368	0.125718
369	0.124548
370	0.123476
371	0.122246
372	0.120917
373	0.119426
374	0.117977
375	0.116642
376	0.115209
377	0.114178
378	0.113174
379	0.112337
380	0.111625
381	0.1113
382	0.110736
383	0.109859
384	0.109132
385	0.107845
386	0.106976
387	0.105963
388	0.104819
389	0.10379
390	0.103037
391	0.102486
392	0.102126
393	0.101298
394	0.100151
395	0.0989405
396	0.0976833
397	0.0965307
398	0.0954056
399	0.0946711
400	0.0941677
401	0.0939339
402	0.0934194
403	0.0928445
404	0.0918294
405	0.0907951
406	0.0897388
407	0.0884734
408	0.0872437
409	0.0865065
410	0.086468
411	0.0866
412	0.0868091
413	0.0869631
414	0.0867788
415	0.0857913
416	0.0846249
417	0.0835108
418	0.0828066
419	0.0820996
420	0.0817447
421	0.0813568
422	0.0809415
423	0.0801107
424	0.0793569
425	0.0781933
426	0.0772058
427	0.0762952
428	0.0756158
429	0.0750628
430	0.0751041
431	0.0752059
432	0.0751151
433	0.0747382
434	0.0744274
435	0.0735196
436	0.0725953
437	0.0718223
438	0.0714949
439	0.0710135
440	0.07081
441	0.0705376
442	0.0700975
443	0.0695666
444	0.0689724
445	0.0682929
446	0.0675557
447	0.0666891
448	0.066282
449	0.0657924
450	0.0657428
451	0.0657786
452	0.0655503
453	0.0650056
454	0.0646122
455	0.0640208
456	0.0633936
457	0.0627856
458	0.062329
459	0.0620649
460	0.0619631
461	0.0616495
462	0.061633
463	0.0617541
464	0.0617403
465	0.061545
466	0.0614542
467	0.0612507
468	0.0610636
469	0.0610223
470	0.0607142
471	0.0605382
472	0.0604667
473	0.0602246
474	0.0597789
475	0.0589949
476	0.0585851
477	0.0582604
478	0.0579468
479	0.057702
480	0.0574242
481	0.0569043
482	0.056167
483	0.0554628
484	0.0550694
485	0.0551492
486	0.0552675
487	0.0550804
488	0.0547366
489	0.054368
490	0.0540488
491	0.053859
492	0.0534519
493	0.0533281
494	0.052965
495	0.0526321
496	0.0522525
497	0.0521177
498	0.05228
499	0.052137
500	0.0519719
501	0.0518894
502	0.0518784
503	0.0518454
504	0.0518426
505	0.0518867
506	0.0520297
507	0.0518124
508	0.0515648
509	0.0509789
510	0.0510421
511	0.051309
512	0.0512044
513	0.050734
514	0.0500353
515	0.0492045
516	0.0481042
517	0.0476283
518	0.0474632
519	0.047411
520	0.0475513
521	0.0476586
522	0.0475678
523	0.0472432
524	0.0464124
525	0.0457302
526	0.0454799
527	0.0457027
528	0.0468525
529	0.0480904
530	0.0495897
531	0.0510394
532	0.0523295
533	0.0532648
534	0.0542937
535	0.0550254
536	0.0553363
537	0.0556719
538	0.0554133
539	0.0554215
540	0.0556966
541	0.0555151
542	0.055383
543	0.055394
544	0.0554793
545	0.0551354
546	0.0546128
547	0.0545633
548	0.0543707
549	0.0539663
550	0.0536912
551	0.0535564
552	0.0533364
553	0.0528852
554	0.0525221
555	0.052203
556	0.0519747
557	0.0519747
558	0.0519362
559	0.0517766
560	0.0520132
561	0.0519032
562	0.0513887
563	0.0506543
564	0.049961
565	0.0493448
566	0.0487259
567	0.0481895
568	0.0481124
569	0.0480272
570	0.0477548
571	0.0476338
572	0.0474522
573	0.0470946
574	0.04677
575	0.0464317
576	0.0457439
577	0.045257
578	0.0451635
579	0.0448939
580	0.0447729
581	0.0447811
582	0.0447921
583	0.0446711
584	0.0443575
585	0.0436423
586	0.0434084
587	0.0431224
588	0.042751
589	0.0427565
590	0.0431554
591	0.0432214
592	0.0431581
593	0.0429903
594	0.0426327
595	0.0420688
596	0.0414883
597	0.0408254
598	0.040531
599	0.0406631
600	0.0410069
601	0.041381
602	0.0417772
603	0.0420633
604	0.041945
605	0.0417497
606	0.0414801
607	0.0415323
608	0.0418927
609	0.0423108
610	0.0426877
611	0.0429325
612	0.0434992
613	0.0437358
614	0.0437606
615	0.0435845
616	0.0435873
617	0.043722
618	0.0439174
619	0.0438568
620	0.0441044
621	0.0443878
622	0.0444538
623	0.0440356
624	0.0435597
625	0.0433727
626	0.0430728
627	0.0429545
628	0.0425777
629	0.0425804
630	0.0424209
631	0.042154
632	0.0415791
633	0.0415323
634	0.0412683
635	0.0410207
636	0.0405338
637	0.0405228
638	0.0405448
639	0.0405228
640	0.0401266
641	0.0402312
642	0.0400414
643	0.0396397
644	0.0390786
645	0.0389273
646	0.0386934
647	0.0383771
648	0.038223
649	0.0386329
650	0.0397443
651	0.0413728
652	0.0431966
653	0.0447481
654	0.0463931
655	0.0480217
656	0.0495649
657	0.0507946
658	0.0519499
659	0.0527779
660	0.0535895
661	0.0538563
662	0.0539663
663	0.0541919
664	0.0544422
665	0.0549181
666	0.0547641
667	0.0546678
668	0.0542634
669	0.0540323
670	0.0536802
671	0.0534849
672	0.0531191
673	0.0529127
674	0.0525304
675	0.052313
676	0.0523406
677	0.0519939
678	0.0518399
679	0.0517106
680	0.0518839
681	0.0522553
682	0.0526294
683	0.0527724
684	0.0525854
685	0.0522608
686	0.052203
687	0.0521975
688	0.0519802
689	0.0520792
690	0.0524121
691	0.0525579
692	0.0525359
693	0.0525496
694	0.0525001
695	0.0521177
696	0.0517326
697	0.051529
698	0.0511467
699	0.0506983
700	0.0505332
701	0.0503737
702	0.0499803
703	0.0499363
704	0.0495181
705	0.0489432
706	0.0485471
707	0.0481675
708	0.0479391
709	0.0476861
710	0.0476778
711	0.0477246
712	0.0476723
713	0.0476173
714	0.0471716
715	0.0469296
716	0.0464537
717	0.0457549
718	0.0455816
719	0.0453588
720	0.0453946
721	0.0451525
722	0.0451745
723	0.0447371
724	0.0443602
725	0.0438843
726	0.0435707
727	0.0434112
728	0.0433919
729	0.0435075
730	0.0433809
731	0.0432902
732	0.0432434
733	0.0432957
734	0.0431169
735	0.0428913
736	0.0429628
737	0.0434662
738	0.0441237
739	0.0451332
740	0.0461896
741	0.0471827
742	0.0478896
743	0.0484288
744	0.0487149
745	0.0490643
746	0.0493944
747	0.0493338
748	0.0494356
749	0.0493063
750	0.0492045
751	0.0491165
752	0.0490753
753	0.0488414
754	0.0489927
755	0.0488359
756	0.0487837
757	0.0486626
758	0.0486929
759	0.0487204
760	0.0485553
761	0.0483133
762	0.0479749
763	0.0478594
764	0.0478539
765	0.0473174
766	0.0468168
767	0.0465224
768	0.0461758
769	0.0455844
770	0.0451773
771	0.0450782
772	0.0450755
773	0.0447701
774	0.0443492
775	0.0438596
776	0.0438073
777	0.0434717
778	0.042839
779	0.0423934
780	0.0419642
781	0.0416726
782	0.04115
783	0.0406823
784	0.0403027
785	0.0403247
786	0.0402724
787	0.0398681
788	0.0395435
789	0.0393426
790	0.038831
791	0.0384871
792	0.0383001
793	0.038179
794	0.0380745
795	0.0375986
796	0.0372272
797	0.0370649
798	0.0367733
799	0.0365092
800	0.0363579
801	0.0363497
802	0.0362644
803	0.0361571
804	0.0360086
805	0.0356345
806	0.0355547
807	0.0359811
808	0.0358985
809	0.0357637
810	0.0360278
811	0.0367651
812	0.037285
813	0.0377031
814	0.0381323
815	0.0385751
816	0.0387677
817	0.0389328
818	0.0393729
819	0.0394857
820	0.0396645
821	0.039615
822	0.0394004
823	0.0391143
824	0.0388915
825	0.0389218
826	0.0387182
827	0.0385311
828	0.0383991
829	0.0384706
830	0.0382863
831	0.038014
832	0.0380305
833	0.0377526
834	0.0376949
835	0.0375381
836	0.0373703
837	0.0371722
838	0.0370071
839	0.0368283
840	0.0366083
841	0.0363359
842	0.0360168
843	0.0359123
844	0.0356867
845	0.0355822
846	0.0353676
847	0.0350678
848	0.0343773
849	0.0337363
850	0.0333622
851	0.0331614
852	0.0328973
853	0.0327323
854	0.0324764
855	0.0324269
856	0.0325645
857	0.0323582
858	0.0323967
859	0.0323251
860	0.0324407
861	0.0322646
862	0.0319675
863	0.0315219
864	0.0312771
865	0.0310542
866	0.0309194
867	0.0307984
868	0.0305261
869	0.0301767
870	0.0298521
871	0.0295688
872	0.029522
873	0.0295027
874	0.0291919
875	0.0289388
876	0.0284519
877	0.028064
878	0.0277229
879	0.0275056
880	0.0273736
881	0.0275276
882	0.0277229
883	0.0281301
884	0.0281548
885	0.0277504
886	0.0272663
887	0.0269114
888	0.0265428
889	0.0265676
890	0.0267326
891	0.0270049
892	0.0270957
893	0.0268674
894	0.0264328
895	0.0260669
896	0.025756
897	0.0254177
898	0.0250821
899	0.0249555
900	0.0249885
901	0.0251068
902	0.0251894
903	0.0253847
904	0.0254947
905	0.0254397
906	0.0250298
907	0.0247905
908	0.0250161
909	0.0251839
910	0.0253599
911	0.025613
912	0.0260091
913	0.0260174
914	0.0257285
915	0.0256818
916	0.0256763
917	0.0254479
918	0.0252609
919	0.0249968
920	0.0247795
921	0.024917
922	0.0249198
923	0.0244521
924	0.023946
925	0.0236571
926	0.0233628
927	0.0232417
928	0.023162
929	0.0230519
930	0.0227328
931	0.0225953
932	0.0228236
933	0.0228429
934	0.0229089
935	0.0232335
936	0.0233298
937	0.023902
938	0.0245071
939	0.024961
940	0.025679
941	0.0263227
942	0.0266006
943	0.0270737
944	0.0275964
945	0.0282373
946	0.0284602
947	0.0282924
948	0.0282924
949	0.0285592
950	0.0286445
951	0.028628
952	0.0283914
953	0.0282648
954	0.0284409
955	0.0285647
956	0.0284299
957	0.0284106
958	0.0285454
959	0.0282153
960	0.0276156
961	0.0271342
962	0.0269554
963	0.0270792
964	0.0269059
965	0.027104
966	0.0274863
967	0.0275001
968	0.027236
969	0.0270104
970	0.0268922
971	0.0267546
972	0.026518
973	0.026342
974	0.0264135
975	0.0267161
976	0.0267134
977	0.0265951
978	0.0264905
979	0.0262319
980	0.0259899
981	0.0255277
982	0.0255195
983	0.025657
984	0.0257836
985	0.025613
986	0.0253462
987	0.0250381
988	0.0248373
989	0.0242211
990	0.0235966
991	0.0229887
992	0.0231895
993	0.023173
994	0.0229639
995	0.0229832
996	0.0231895
997	0.0230712
998	0.0226833
999	0.0221414
1000	0.0219653
1001	0.0220451
1002	0.0217948
1003	0.0216655
1004	0.0216297
1005	0.0212611
1006	0.0210878
1007	0.0206889
1008	0.0202488
1009	0.020268
1010	0.020136
1011	0.0195913
1012	0.0193355
1013	0.0192612
1014	0.0191374
1015	0.0191512
1016	0.0190356
1017	0.0188321
1018	0.0187633
1019	0.0188183
1020	0.0186065
1021	0.0183369
1022	0.0183974
1023	0.0185322
