0	-0.000566571
1	-0.000473041
2	-0.000462037
3	-0.000572072
4	-0.000550065
5	-0.000478542
6	-0.000338247
7	-0.000365756
8	-0.000462037
9	-0.000561069
10	-0.000407019
11	-0.000321742
12	-0.000412521
13	-0.000541813
14	-0.000324493
15	-0.000129181
16	-0.000156689
17	-0.000398767
18	-0.000591328
19	-0.000599581
20	-0.000528058
21	-0.000451034
22	-0.000153938
23	8.26372e-05
24	0.000294455
25	0.000454006
26	7.16337e-05
27	-1.91453e-05
28	5.61257e-06
29	0.000101893
30	1.10814e-07
31	0.000104644
32	0.000324715
33	0.000520027
34	0.000536532
35	0.000698834
36	0.000610806
37	0.000431999
38	0.000156911
39	0.000145907
40	0.00018442
41	9.08899e-05
42	0.000173416
43	0.000165164
44	0.000492518
45	0.000907901
46	0.000907901
47	0.000712589
48	0.000775859
49	0.000913403
50	0.00101243
51	0.000883143
52	0.000742848
53	0.000954666
54	0.00115273
55	0.00117199
56	0.00131503
57	0.00282802
58	0.00817573
59	0.0233303
60	0.0599555
61	0.130241
62	0.235608
63	0.364937
64	0.503098
65	0.639252
66	0.767116
67	0.883514
68	0.986199
69	1.0742
70	1.14741
71	1.2061
72	1.25109
73	1.2838
74	1.30682
75	1.3227
76	1.33454
77	1.34441
78	1.35388
79	1.36359
80	1.37349
81	1.3823
82	1.38854
83	1.39162
84	1.39174
85	1.39013
86	1.38763
87	1.38598
88	1.38571
89	1.38679
90	1.3885
91	1.3894
92	1.38859
93	1.38429
94	1.37699
95	1.36755
96	1.35783
97	1.34879
98	1.34154
99	1.33597
100	1.33184
101	1.32807
102	1.32274
103	1.3148
104	1.30355
105	1.29002
106	1.27627
107	1.26417
108	1.25536
109	1.24986
110	1.24682
111	1.24375
112	1.23849
113	1.22985
114	1.21709
115	1.20219
116	1.18747
117	1.17503
118	1.166
119	1.16008
120	1.15549
121	1.15023
122	1.14267
123	1.13239
124	1.11953
125	1.10562
126	1.09302
127	1.08261
128	1.07558
129	1.07081
130	1.06618
131	1.0603
132	1.05172
133	1.04028
134	1.02648
135	1.01243
136	1.00023
137	0.991769
138	0.98717
139	0.985019
140	0.983154
141	0.97914
142	0.971344
143	0.959317
144	0.944276
145	0.928513
146	0.915025
147	0.90545
148	0.899714
149	0.897134
150	0.895318
151	0.891637
152	0.884218
153	0.872711
154	0.857703
155	0.841563
156	0.827501
157	0.816659
158	0.810022
159	0.806253
160	0.803585
161	0.799813
162	0.792435
163	0.781258
164	0.767003
165	0.751799
166	0.738309
167	0.728238
168	0.721837
169	0.718791
170	0.71727
171	0.715347
172	0.710872
173	0.703397
174	0.693035
175	0.681371
176	0.669985
177	0.661023
178	0.654919
179	0.651835
180	0.650303
181	0.648501
182	0.644507
183	0.637217
184	0.627358
185	0.616076
186	0.605285
187	0.596396
188	0.59019
189	0.58668
190	0.584568
191	0.582727
192	0.579723
193	0.574962
194	0.567686
195	0.558335
196	0.548187
197	0.538677
198	0.531732
199	0.526854
200	0.523958
201	0.521861
202	0.519154
203	0.514794
204	0.50855
205	0.500583
206	0.491318
207	0.48193
208	0.474095
209	0.468376
210	0.464676
211	0.46231
212	0.460082
213	0.456696
214	0.451934
215	0.445654
216	0.438262
217	0.430769
218	0.423817
219	0.418197
220	0.414522
221	0.412888
222	0.412096
223	0.410654
224	0.407813
225	0.40315
226	0.396867
227	0.38969
228	0.382956
229	0.377858
230	0.374783
231	0.373097
232	0.371848
233	0.370304
234	0.36743
235	0.3625
236	0.35606
237	0.348869
238	0.342463
239	0.337442
240	0.334394
241	0.333066
242	0.332416
243	0.33122
244	0.329047
245	0.325512
246	0.320533
247	0.314761
248	0.309199
249	0.305147
250	0.302591
251	0.301667
252	0.301565
253	0.301299
254	0.299901
255	0.296592
256	0.292292
257	0.287792
258	0.284392
259	0.282873
260	0.284128
261	0.286799
262	0.289561
263	0.291197
264	0.290996
265	0.289145
266	0.286229
267	0.282804
268	0.27996
269	0.278395
270	0.277688
271	0.27796
272	0.278656
273	0.278992
274	0.278169
275	0.275792
276	0.271099
277	0.265782
278	0.26091
279	0.257719
280	0.255892
281	0.255252
282	0.254668
283	0.253618
284	0.251144
285	0.247365
286	0.243123
287	0.238928
288	0.235231
289	0.232983
290	0.231374
291	0.230378
292	0.229839
293	0.228959
294	0.227539
295	0.225096
296	0.221721
297	0.217897
298	0.214236
299	0.211331
300	0.208902
301	0.207372
302	0.206349
303	0.204998
304	0.203133
305	0.200495
306	0.197401
307	0.194515
308	0.191373
309	0.188699
310	0.186788
311	0.18531
312	0.184433
313	0.183665
314	0.182802
315	0.181311
316	0.179385
317	0.177503
318	0.175674
319	0.173927
320	0.172557
321	0.171427
322	0.170423
323	0.168978
324	0.167342
325	0.165534
326	0.163191
327	0.161039
328	0.158995
329	0.157095
330	0.155392
331	0.154242
332	0.153054
333	0.151565
334	0.149918
335	0.148198
336	0.1463
337	0.144121
338	0.142102
339	0.140512
340	0.139239
341	0.138125
342	0.137291
343	0.136328
344	0.135434
345	0.133918
346	0.132128
347	0.129894
348	0.127707
349	0.125707
350	0.123869
351	0.122301
352	0.120918
353	0.119551
354	0.118139
355	0.116448
356	0.11466
357	0.112819
358	0.111144
359	0.109546
360	0.107942
361	0.106393
362	0.10521
363	0.103689
364	0.101763
365	0.0999093
366	0.09819
367	0.0961489
368	0.0942535
369	0.0923747
370	0.09098
371	0.0893845
372	0.0877037
373	0.0860559
374	0.084851
375	0.0840753
376	0.0835141
377	0.0828841
378	0.0821744
379	0.0814399
380	0.0806532
381	0.0799627
382	0.0789999
383	0.0777592
384	0.0762875
385	0.0744004
386	0.0726426
387	0.0709206
388	0.0695204
389	0.0685741
390	0.067691
391	0.066863
392	0.0662633
393	0.0652565
394	0.0637903
395	0.0622663
396	0.0605332
397	0.0588387
398	0.0572129
399	0.056008
400	0.0554799
401	0.055081
402	0.0545968
403	0.0539944
404	0.0531389
405	0.0524732
406	0.0513976
407	0.050344
408	0.0491941
409	0.0485009
410	0.0481873
411	0.0478792
412	0.0479287
413	0.0478489
414	0.0475601
415	0.0465092
416	0.0454034
417	0.0441407
418	0.0428533
419	0.0421463
420	0.0417612
421	0.0419483
422	0.0425287
423	0.0429799
424	0.0432192
425	0.0432605
426	0.0422509
427	0.0405316
428	0.0386252
429	0.0371342
430	0.0362347
431	0.0357588
432	0.0354755
433	0.0355772
434	0.0353599
435	0.0345979
436	0.0332913
437	0.0320149
438	0.0307605
439	0.0295033
440	0.028689
441	0.028425
442	0.0284332
443	0.0282159
444	0.0274677
445	0.026348
446	0.0247058
447	0.0229314
448	0.0214377
449	0.0204887
450	0.0203484
451	0.0209151
452	0.0213139
453	0.0214955
454	0.0212397
455	0.0206152
456	0.0197294
457	0.0183677
458	0.0168795
459	0.0159167
460	0.0149154
461	0.0143432
462	0.0145165
463	0.0150199
464	0.0147971
465	0.0138838
466	0.0129815
467	0.0120655
468	0.011441
469	0.0108166
470	0.0107946
471	0.0111879
472	0.0121342
473	0.0128082
474	0.0126597
475	0.0123268
476	0.0117409
477	0.0106763
478	0.00971897
479	0.00910277
480	0.00922931
481	0.00967221
482	0.00983726
483	0.00941637
484	0.00893497
485	0.00796391
486	0.00690207
487	0.00562841
488	0.00455007
489	0.00390636
490	0.00363127
491	0.00364503
492	0.00385134
493	0.00398614
494	0.00377157
495	0.00319663
496	0.00245115
497	0.00176343
498	0.00149934
499	0.0015406
500	0.00173041
501	0.00238512
502	0.00310585
503	0.00344146
504	0.00304809
505	0.00226959
506	0.00123251
507	0.000228434
508	-0.000797644
509	-0.00115526
510	-0.000712367
511	-0.000129181
512	0.000602554
513	0.000712589
514	0.000979424
515	0.000731845
516	-3.56506e-05
517	-0.00103697
518	-0.00154588
519	-0.00163666
520	-0.00143035
521	-0.000995708
522	-0.000671104
523	-0.000514304
524	-0.000827904
525	-0.00167793
526	-0.00285805
527	-0.00373008
528	-0.00402718
529	-0.00403268
530	-0.00319366
531	-0.00157614
532	0.00018442
533	0.00165064
534	0.00284177
535	0.00389811
536	0.00464635
537	0.00538083
538	0.00609881
539	0.00695159
540	0.00776034
541	0.0085581
542	0.00911653
543	0.00938612
544	0.00904225
545	0.00830777
546	0.00718541
547	0.00605755
548	0.00563391
549	0.00576321
550	0.00598603
551	0.00637665
552	0.00662423
553	0.00661873
554	0.00592276
555	0.00487742
556	0.00475913
557	0.00500121
558	0.00505348
559	0.00519652
560	0.00539459
561	0.00540009
562	0.00529556
563	0.0044813
564	0.00359276
565	0.00313887
566	0.00198625
567	0.000723593
568	2.76203e-05
569	6.88835e-05
570	0.000354975
571	0.000398989
572	0.000690582
573	0.000874891
574	0.000874891
575	0.000266947
576	-0.00111124
577	-0.00205205
578	-0.00246193
579	-0.00267925
580	-0.00239866
581	-0.0022171
582	-0.00224461
583	-0.00291582
584	-0.00340823
585	-0.00414547
586	-0.00503675
587	-0.0056722
588	-0.00621963
589	-0.00640394
590	-0.00602157
591	-0.00584551
592	-0.00600781
593	-0.00633241
594	-0.00647821
595	-0.00702839
596	-0.00765009
597	-0.0079967
598	-0.00798294
599	-0.00751804
600	-0.00694036
601	-0.00597205
602	-0.00557592
603	-0.00570246
604	-0.00600506
605	-0.00651397
606	-0.00687159
607	-0.00690735
608	-0.00630216
609	-0.00559243
610	-0.00495147
611	-0.00410145
612	-0.00366681
613	-0.00345775
614	-0.00339447
615	-0.00350451
616	-0.00384562
617	-0.00423074
618	-0.00473966
619	-0.00494872
620	-0.00498448
621	-0.00493497
622	-0.00494597
623	-0.00488545
624	-0.00496798
625	-0.00557042
626	-0.00611785
627	-0.00645621
628	-0.00677531
629	-0.00668453
630	-0.00651672
631	-0.00648922
632	-0.00641494
633	-0.00645621
634	-0.00652498
635	-0.00690185
636	-0.00748228
637	-0.00823878
638	-0.00902553
639	-0.00960871
640	-0.00980953
641	-0.00978202
642	-0.00990856
643	-0.0101369
644	-0.0102909
645	-0.010588
646	-0.0107613
647	-0.010456
648	-0.00990031
649	-0.00858814
650	-0.00699813
651	-0.0051908
652	-0.00338622
653	-0.00156514
654	0.000140406
655	0.00188171
656	0.0032324
657	0.00461334
658	0.00561466
659	0.00652245
660	0.00675627
661	0.00661048
662	0.00688281
663	0.00737247
664	0.00748251
665	0.00755128
666	0.0077796
667	0.00809595
668	0.00833528
669	0.00838754
670	0.00801893
671	0.0076228
672	0.00739448
673	0.00687456
674	0.00652795
675	0.00640416
676	0.00659122
677	0.0068553
678	0.00702861
679	0.00705612
680	0.0068553
681	0.0066765
682	0.00619234
683	0.00592826
684	0.00601629
685	0.00608781
686	0.00623636
687	0.00619784
688	0.00628862
689	0.00616208
690	0.00585398
691	0.00510574
692	0.00445929
693	0.00417045
694	0.00394487
695	0.00376882
696	0.00358176
697	0.00345522
698	0.00347172
699	0.00328191
700	0.00294355
701	0.00244564
702	0.00195874
703	0.00157637
704	0.00117474
705	0.000907901
706	0.000814371
707	0.000580547
708	0.000327466
709	-5.39095e-06
710	-0.000387763
711	-0.000827904
712	-0.00155689
713	-0.00206305
714	-0.00246468
715	-0.00271226
716	-0.00295984
717	-0.00277278
718	-0.00283605
719	-0.00280854
720	-0.00308088
721	-0.00365031
722	-0.00417573
723	-0.00453609
724	-0.00499549
725	-0.00523481
726	-0.00564745
727	-0.00574923
728	-0.00584001
729	-0.0059748
730	-0.00630216
731	-0.00618387
732	-0.00616461
733	-0.00622238
734	-0.00642044
735	-0.00647546
736	-0.00631866
737	-0.00635717
738	-0.00629665
739	-0.00609034
740	-0.00521556
741	-0.00434078
742	-0.00364205
743	-0.00282779
744	-0.00217308
745	-0.00136157
746	-0.000709616
747	-0.000258472
748	2.86169e-06
749	0.000159662
750	0.000522778
751	0.00099868
752	0.001216
753	0.00151585
754	0.00175792
755	0.00138655
756	0.00132328
757	0.00132053
758	0.00113898
759	0.00096567
760	0.000954666
761	0.000819873
762	0.00074835
763	0.000575045
764	0.000178918
765	-0.000244718
766	-0.000291482
767	-0.000407019
768	-0.000756381
769	-0.000874669
770	-0.00116076
771	-0.00125979
772	-0.00154313
773	-0.00209331
774	-0.00263523
775	-0.0031689
776	-0.00398041
777	-0.00458561
778	-0.00504775
779	-0.00525132
780	-0.00545213
781	-0.00582625
782	-0.00600781
783	-0.00610684
784	-0.00645621
785	-0.00709441
786	-0.00771886
787	-0.00819476
788	-0.00843959
789	-0.00874494
790	-0.00901452
791	-0.00957845
792	-0.00999934
793	-0.0101671
794	-0.0105688
795	-0.0109264
796	-0.0111382
797	-0.0112427
798	-0.0115618
799	-0.0116031
800	-0.0115866
801	-0.0118287
802	-0.0118589
803	-0.0120873
804	-0.0122165
805	-0.0125219
806	-0.0126237
807	-0.012808
808	-0.0127805
809	-0.012731
810	-0.0126649
811	-0.0123376
812	-0.0119745
813	-0.0117984
814	-0.0117324
815	-0.0118589
816	-0.0115783
817	-0.011163
818	-0.0107008
819	-0.010599
820	-0.0104505
821	-0.0101149
822	-0.0104147
823	-0.010456
824	-0.0105165
825	-0.0104422
826	-0.0105935
827	-0.0108824
828	-0.0111877
829	-0.0110942
830	-0.0111822
831	-0.0116361
832	-0.0119635
833	-0.0122963
834	-0.0125962
835	-0.0128107
836	-0.0130913
837	-0.0130171
838	-0.0126237
839	-0.0125274
840	-0.0128355
841	-0.0131849
842	-0.0134599
843	-0.0138753
844	-0.0144805
845	-0.0147281
846	-0.0149042
847	-0.0151105
848	-0.0151655
849	-0.0153993
850	-0.0155919
851	-0.0159302
852	-0.0164006
853	-0.0169398
854	-0.0171846
855	-0.0172342
856	-0.0172644
857	-0.0173002
858	-0.0171544
859	-0.0171791
860	-0.0175478
861	-0.0177953
862	-0.0182712
863	-0.0188022
864	-0.0191735
865	-0.0193331
866	-0.019135
867	-0.0190745
868	-0.0190635
869	-0.0191598
870	-0.018981
871	-0.0189039
872	-0.0193633
873	-0.0200951
874	-0.0204059
875	-0.0205627
876	-0.0207828
877	-0.0210276
878	-0.0211569
879	-0.0209176
880	-0.0210579
881	-0.0218006
882	-0.0222243
883	-0.0225461
884	-0.0226094
885	-0.023022
886	-0.0231128
887	-0.0233301
888	-0.0232723
889	-0.022923
890	-0.0228487
891	-0.0228432
892	-0.0231761
893	-0.0234291
894	-0.0237235
895	-0.0235942
896	-0.0235227
897	-0.0233274
898	-0.0235309
899	-0.0239821
900	-0.0243534
901	-0.0244222
902	-0.0245735
903	-0.0245157
904	-0.0243094
905	-0.0241829
906	-0.0243534
907	-0.0249421
908	-0.0254703
909	-0.0257399
910	-0.025473
911	-0.0253493
912	-0.02522
913	-0.0246478
914	-0.0243342
915	-0.0242241
916	-0.02448
917	-0.0248926
918	-0.0255005
919	-0.0261195
920	-0.0263148
921	-0.0262048
922	-0.0260645
923	-0.0259627
924	-0.0258912
925	-0.0258527
926	-0.0260865
927	-0.0266669
928	-0.0276655
929	-0.0288236
930	-0.0290602
931	-0.0289089
932	-0.0286173
933	-0.0281909
934	-0.0275472
935	-0.0267935
936	-0.02681
937	-0.0272254
938	-0.0271593
939	-0.0268677
940	-0.0260535
941	-0.0247963
942	-0.0236712
943	-0.0225268
944	-0.0215063
945	-0.0210606
946	-0.0209423
947	-0.0214403
948	-0.0220757
949	-0.0228184
950	-0.0230605
951	-0.0228652
952	-0.0222848
953	-0.0219051
954	-0.0216438
955	-0.0216576
956	-0.0219327
957	-0.0225296
958	-0.0233521
959	-0.0239491
960	-0.0241801
961	-0.0241416
962	-0.0239628
963	-0.0237262
964	-0.023674
965	-0.0238363
966	-0.0240728
967	-0.0242709
968	-0.0245763
969	-0.0246753
970	-0.0248321
971	-0.0246643
972	-0.024689
973	-0.0245708
974	-0.0243562
975	-0.024535
976	-0.0243617
977	-0.0242984
978	-0.0245487
979	-0.0247578
980	-0.0249009
981	-0.0249504
982	-0.0248101
983	-0.0248761
984	-0.0250852
985	-0.0254373
986	-0.0258499
987	-0.0263066
988	-0.0267082
989	-0.0271428
990	-0.0273546
991	-0.0274812
992	-0.0276105
993	-0.0274537
994	-0.0275692
995	-0.0277178
996	-0.0277343
997	-0.0279296
998	-0.0279653
999	-0.0283092
1000	-0.0285018
1001	-0.0288346
1002	-0.0290217
1003	-0.029283
1004	-0.0294316
1005	-0.0295719
1006	-0.0296626
1007	-0.029957
1008	-0.0300065
1009	-0.0301275
1010	-0.030144
1011	-0.0302898
1012	-0.0306612
1013	-0.0310078
1014	-0.030895
1015	-0.0306282
1016	-0.0305787
1017	-0.0305319
1018	-0.030664
1019	-0.0307602
1020	-0.0308703
1021	-0.0310931
1022	-0.0314342
1023	-0.031624
