0	0.000473317
1	0.000379787
2	0.000239492
3	0.000267001
4	0.000211983
5	-0.000118123
6	-0.000530755
7	-0.00067105
8	-0.000695807
9	-0.000698558
10	-0.000778334
11	-0.000871864
12	-0.000759078
13	-0.00064079
14	-0.000792088
15	-0.000596776
16	-0.000439976
17	-0.000261168
18	-0.000362951
19	-0.000409716
20	-0.000349197
21	-0.000346446
22	-0.0003602
23	-0.000167638
24	0.000145962
25	0.000187225
26	0.000255997
27	0.00023399
28	0.000258748
29	9.91969e-05
30	-4.38489e-05
31	-0.000192396
32	-0.000351947
33	-0.000239161
34	-5.48524e-05
35	0.000352278
36	0.000302762
37	0.000511829
38	0.000718145
39	0.000586103
40	0.000536587
41	0.000553092
42	0.000588854
43	0.000531085
44	0.000308264
45	0.000278004
46	0.000366032
47	0.000613612
48	0.000748405
49	0.00098498
50	0.001051
51	0.000973977
52	0.000976728
53	0.00117479
54	0.00140036
55	0.00152965
56	0.00176898
57	0.00280606
58	0.00763386
59	0.0228902
60	0.0619665
61	0.140386
62	0.260244
63	0.409227
64	0.570745
65	0.732386
66	0.886507
67	1.0282
68	1.15389
69	1.26183
70	1.35194
71	1.42454
72	1.48057
73	1.5213
74	1.54931
75	1.56787
76	1.5799
77	1.58863
78	1.59572
79	1.60155
80	1.60607
81	1.60834
82	1.60895
83	1.60855
84	1.60775
85	1.60707
86	1.60636
87	1.60482
88	1.60381
89	1.60308
90	1.60212
91	1.59977
92	1.59475
93	1.58663
94	1.57662
95	1.5658
96	1.55596
97	1.54759
98	1.5407
99	1.53396
100	1.52675
101	1.51806
102	1.50749
103	1.49543
104	1.48274
105	1.46966
106	1.45684
107	1.44481
108	1.43353
109	1.42274
110	1.41205
111	1.40106
112	1.38931
113	1.37693
114	1.36449
115	1.35283
116	1.34175
117	1.33116
118	1.32025
119	1.30827
120	1.29545
121	1.28167
122	1.26777
123	1.25388
124	1.24149
125	1.23039
126	1.22107
127	1.21315
128	1.20597
129	1.19852
130	1.18929
131	1.17713
132	1.16272
133	1.14779
134	1.13384
135	1.12178
136	1.11213
137	1.10453
138	1.09821
139	1.0928
140	1.08757
141	1.08171
142	1.07389
143	1.06337
144	1.05017
145	1.03487
146	1.01921
147	1.00492
148	0.993192
149	0.984793
150	0.978854
151	0.974428
152	0.969955
153	0.964616
154	0.957705
155	0.948273
156	0.93594
157	0.920989
158	0.905279
159	0.890889
160	0.879135
161	0.871086
162	0.866019
163	0.862489
164	0.858729
165	0.853221
166	0.845128
167	0.834771
168	0.822684
169	0.809843
170	0.796795
171	0.784601
172	0.773564
173	0.764407
174	0.757364
175	0.752011
176	0.747585
177	0.742999
178	0.73728
179	0.730532
180	0.722524
181	0.713405
182	0.703527
183	0.692754
184	0.681608
185	0.670989
186	0.662096
187	0.655725
188	0.651508
189	0.649202
190	0.647436
191	0.643932
192	0.637781
193	0.628871
194	0.617449
195	0.604451
196	0.591959
197	0.581214
198	0.573413
199	0.56916
200	0.567826
201	0.567826
202	0.566682
203	0.563133
204	0.556831
205	0.547681
206	0.536944
207	0.525129
208	0.514228
209	0.505642
210	0.500003
211	0.497101
212	0.495824
213	0.494509
214	0.492807
215	0.489462
216	0.484106
217	0.47711
218	0.468582
219	0.459194
220	0.450449
221	0.442917
222	0.437266
223	0.433302
224	0.430414
225	0.428117
226	0.426279
227	0.424453
228	0.42168
229	0.417672
230	0.412228
231	0.405331
232	0.397379
233	0.389495
234	0.382788
235	0.377952
236	0.374882
237	0.372992
238	0.371859
239	0.370794
240	0.368954
241	0.365785
242	0.360723
243	0.354498
244	0.347618
245	0.340466
246	0.334587
247	0.330876
248	0.329027
249	0.328505
250	0.32884
251	0.329179
252	0.328535
253	0.325982
254	0.322024
255	0.316577
256	0.31072
257	0.306289
258	0.304402
259	0.305496
260	0.30918
261	0.31477
262	0.320568
263	0.325696
264	0.329377
265	0.330199
266	0.282084
267	0.276101
268	0.269625
269	0.263262
270	0.257725
271	0.253893
272	0.252066
273	0.251929
274	0.252644
275	0.253367
276	0.252944
277	0.25057
278	0.246391
279	0.241019
280	0.234986
281	0.229492
282	0.225135
283	0.222274
284	0.220885
285	0.220489
286	0.220668
287	0.220456
288	0.220035
289	0.218522
290	0.216021
291	0.212613
292	0.20869
293	0.204443
294	0.201068
295	0.197992
296	0.240554
297	0.238845
298	0.2378
299	0.236964
300	0.236147
301	0.234587
302	0.232183
303	0.228684
304	0.224409
305	0.219661
306	0.214852
307	0.210839
308	0.20781
309	0.206052
310	0.20606
311	0.206401
312	0.206517
313	0.20556
314	0.203651
315	0.200737
316	0.197161
317	0.193637
318	0.190259
319	0.187797
320	0.185778
321	0.184659
322	0.184147
323	0.183861
324	0.183399
325	0.182452
326	0.180345
327	0.177432
328	0.173823
329	0.170216
330	0.167251
331	0.164786
332	0.162987
333	0.161623
334	0.160839
335	0.160222
336	0.159455
337	0.158187
338	0.156545
339	0.154135
340	0.150432
341	0.147222
342	0.144067
343	0.141717
344	0.140345
345	0.139643
346	0.139354
347	0.139206
348	0.138829
349	0.138144
350	0.136653
351	0.134284
352	0.131236
353	0.12785
354	0.124758
355	0.122439
356	0.121042
357	0.119856
358	0.118901
359	0.118426
360	0.117903
361	0.116921
362	0.115025
363	0.112349
364	0.109133
365	0.105761
366	0.102545
367	0.0999809
368	0.0983304
369	0.0973236
370	0.0969054
371	0.0967706
372	0.0966413
373	0.0958161
374	0.0946057
375	0.0923197
376	0.0895331
377	0.0868234
378	0.0842211
379	0.0821167
380	0.0810879
381	0.0809613
382	0.0815445
383	0.0824055
384	0.0828622
385	0.0826311
386	0.0813382
387	0.0793686
388	0.0768543
389	0.0740511
390	0.0716028
391	0.0698478
392	0.0685659
393	0.068134
394	0.0684393
395	0.0688107
396	0.0689097
397	0.0685328
398	0.067394
399	0.0652373
400	0.0630091
401	0.0609239
402	0.058902
403	0.0570452
404	0.0555652
405	0.0545584
406	0.0538624
407	0.0536148
408	0.0535048
409	0.0532077
410	0.0526273
411	0.0515214
412	0.0498709
413	0.0481818
414	0.0463608
415	0.0445644
416	0.0431615
417	0.0422097
418	0.041786
419	0.0420666
420	0.0426443
421	0.0431422
422	0.0435576
423	0.0431835
424	0.0415412
425	0.0395358
426	0.0375772
427	0.0355635
428	0.0339185
429	0.0327026
430	0.0323175
431	0.0328732
432	0.0337837
433	0.0342156
434	0.0338277
435	0.0330602
436	0.0314042
437	0.0295529
438	0.027542
439	0.0259492
440	0.0250552
441	0.0241887
442	0.023743
443	0.0236825
444	0.0237403
445	0.0233469
446	0.0230058
447	0.0221833
448	0.0212562
449	0.0203374
450	0.0191408
451	0.0180102
452	0.0171299
453	0.0164504
454	0.0159278
455	0.0156224
456	0.0154986
457	0.0155014
458	0.0153143
459	0.0148137
460	0.0136968
461	0.0125772
462	0.0117602
463	0.0107203
464	0.0098098
465	0.0094742
466	0.00955122
467	0.00981256
468	0.0102252
469	0.0106598
470	0.0111495
471	0.0112183
472	0.0111385
473	0.0108524
474	0.0103517
475	0.00961999
476	0.00906432
477	0.00821154
478	0.00793645
479	0.00821154
480	0.00856641
481	0.00821429
482	0.00810426
483	0.00776315
484	0.00679209
485	0.00577976
486	0.00451711
487	0.00373586
488	0.00306465
489	0.00239618
490	0.00163419
491	0.0016562
492	0.00233841
493	0.0027648
494	0.00292985
495	0.00288309
496	0.00265476
497	0.0019753
498	0.00118029
499	0.00089145
500	0.00100974
501	0.00105375
502	0.000643871
503	0.000481569
504	0.000352278
505	-2.58567e-06
506	-6.86068e-05
507	-0.000129126
508	-0.000737071
509	-0.00170813
510	-0.00260492
511	-0.0034797
512	-0.00397486
513	-0.0041179
514	-0.0041124
515	-0.00426095
516	-0.00430771
517	-0.00447552
518	-0.0045663
519	-0.00482763
520	-0.00518249
521	-0.00554561
522	-0.00605177
523	-0.00659094
524	-0.0070806
525	-0.00729517
526	-0.00672574
527	-0.00486339
528	-0.00231333
529	0.0011968
530	0.00499026
531	0.0088635
532	0.0121453
533	0.0149264
534	0.0170776
535	0.0187227
536	0.0199138
537	0.0210802
538	0.0219494
539	0.0225931
540	0.0230828
541	0.0231818
542	0.022948
543	0.0224611
544	0.021468
545	0.0204502
546	0.0194654
547	0.0185824
548	0.0178011
549	0.0168411
550	0.0163652
551	0.0161946
552	0.0160626
553	0.0155839
554	0.0148164
555	0.0136968
556	0.0129321
557	0.0125112
558	0.0122883
559	0.0121481
560	0.012038
561	0.0118647
562	0.0119032
563	0.0117657
564	0.0114273
565	0.0110009
566	0.0103627
567	0.00945494
568	0.00820054
569	0.00718546
570	0.00636845
571	0.00615113
572	0.00571099
573	0.00540839
574	0.00497651
575	0.00468766
576	0.00436856
577	0.00395318
578	0.00324895
579	0.00242369
580	0.00178549
581	0.000990481
582	0.000621863
583	0.000539336
584	0.00103174
585	0.00153791
586	0.00182675
587	0.00194229
588	0.00180474
589	0.00138661
590	0.000982228
591	0.000352277
592	-0.000203401
593	-0.000910378
594	-0.00124598
595	-0.00163111
596	-0.00154858
597	-0.00133676
598	-0.000880118
599	-0.000338194
600	0.000476066
601	0.000885947
602	0.000861189
603	0.000679631
604	0.000341274
605	-8.08743e-06
606	-0.000219905
607	-1.63401e-05
608	0.000294509
609	0.000995984
610	0.00203031
611	0.00299037
612	0.00341401
613	0.00341401
614	0.00283632
615	0.00194229
616	0.000885949
617	-5.33655e-06
618	-0.00110294
619	-0.00173564
620	-0.00204099
621	-0.00212902
622	-0.00228857
623	-0.00218678
624	-0.00215377
625	-0.00243161
626	-0.0030148
627	-0.00369152
628	-0.00422519
629	-0.00504495
630	-0.00576843
631	-0.00661295
632	-0.00719889
633	-0.00747123
634	-0.00743822
635	-0.00733918
636	-0.00728141
637	-0.00759226
638	-0.0078591
639	-0.00845604
640	-0.0092538
641	-0.009903
642	-0.0105275
643	-0.01135
644	-0.0119194
645	-0.0120102
646	-0.0114655
647	-0.0107255
648	-0.009881
649	-0.00886592
650	-0.00774356
651	-0.00666247
652	-0.00540531
653	-0.00399686
654	-0.00232433
655	-0.000866362
656	0.000723647
657	0.00212384
658	0.00328472
659	0.00412373
660	0.00456112
661	0.00471792
662	0.00481971
663	0.00491874
664	0.00488848
665	0.00455562
666	0.0046299
667	0.00466016
668	0.00446209
669	0.00444559
670	0.00439332
671	0.00487197
672	0.00502877
673	0.00470967
674	0.00446484
675	0.00387891
676	0.00342501
677	0.00289409
678	0.00261625
679	0.00211284
680	0.00175798
681	0.00184326
682	0.00171121
683	0.00188727
684	0.00229715
685	0.00279781
686	0.00310041
687	0.00316918
688	0.00310041
689	0.00299862
690	0.0024512
691	0.00226414
692	0.0021321
693	0.00234116
694	0.00220912
695	0.00226964
696	0.00217611
697	0.00198355
698	0.00193128
699	0.00141412
700	0.000646622
701	-9.33647e-05
702	-0.00070406
703	-0.00124323
704	-0.00168612
705	-0.00190619
706	-0.00248388
707	-0.00288551
708	-0.00326238
709	-0.00372728
710	-0.004426
711	-0.00486889
712	-0.00535855
713	-0.00564464
714	-0.00594174
715	-0.00650016
716	-0.00725941
717	-0.00803516
718	-0.0086431
719	-0.00930056
720	-0.0100048
721	-0.0106182
722	-0.0109511
723	-0.0114325
724	-0.0119882
725	-0.0125879
726	-0.0131821
727	-0.0137157
728	-0.0139468
729	-0.0139798
730	-0.0140926
731	-0.0140183
732	-0.0139248
733	-0.0140183
734	-0.0143567
735	-0.0148573
736	-0.0153112
737	-0.015347
738	-0.0146758
739	-0.0134902
740	-0.0120019
741	-0.0104724
742	-0.0086266
743	-0.00693205
744	-0.00567765
745	-0.00456355
746	-0.0038098
747	-0.00321836
748	-0.00287175
749	-0.00262693
750	-0.00217853
751	-0.00193921
752	-0.00151007
753	-0.00133126
754	-0.00152382
755	-0.00169713
756	-0.00190895
757	-0.00170538
758	-0.00122673
759	-0.000970896
760	-0.00102866
761	-0.00117171
762	-0.00141929
763	-0.00180166
764	-0.00208775
765	-0.00222805
766	-0.00232708
767	-0.00270945
768	-0.00332015
769	-0.00387858
770	-0.00469009
771	-0.0053558
772	-0.00589222
773	-0.00597475
774	-0.00607928
775	-0.00624433
776	-0.00632411
777	-0.00633786
778	-0.00678351
779	-0.0072484
780	-0.00779583
781	-0.00872838
782	-0.00953989
783	-0.00998553
784	-0.0104064
785	-0.0105385
786	-0.0104202
787	-0.0103844
788	-0.0107723
789	-0.0111354
790	-0.0116471
791	-0.0123045
792	-0.012874
793	-0.0134819
794	-0.0140568
795	-0.0150251
796	-0.0157486
797	-0.016142
798	-0.0163181
799	-0.0164694
800	-0.0164116
801	-0.0163456
802	-0.0163593
803	-0.0163758
804	-0.0164061
805	-0.0167389
806	-0.01697
807	-0.0175917
808	-0.0180869
809	-0.0181942
810	-0.0181364
811	-0.0179658
812	-0.0172148
813	-0.0167169
814	-0.0162768
815	-0.0161613
816	-0.016252
817	-0.0162438
818	-0.0163511
819	-0.0165299
820	-0.016816
821	-0.0168022
822	-0.0166922
823	-0.0163428
824	-0.016054
825	-0.0160017
826	-0.0158532
827	-0.0160705
828	-0.0162548
829	-0.0165986
830	-0.016948
831	-0.0171983
832	-0.0175147
833	-0.0177128
834	-0.0180594
835	-0.0182244
836	-0.0184995
837	-0.0182079
838	-0.0181749
839	-0.0180649
840	-0.0183812
841	-0.0190139
842	-0.0195393
843	-0.0198915
844	-0.0202958
845	-0.0205792
846	-0.0209808
847	-0.0208295
848	-0.0206149
849	-0.0205489
850	-0.0204856
851	-0.0207305
852	-0.0210853
853	-0.021553
854	-0.0220591
855	-0.0228129
856	-0.023264
857	-0.0234153
858	-0.0232778
859	-0.0231953
860	-0.0230192
861	-0.0231127
862	-0.0234401
863	-0.0236822
864	-0.0239215
865	-0.0241416
866	-0.0243644
867	-0.0249586
868	-0.0258031
869	-0.0263038
870	-0.0265871
871	-0.0269502
872	-0.0270437
873	-0.027173
874	-0.0271125
875	-0.0272391
876	-0.0275059
877	-0.0280808
878	-0.0282046
879	-0.0285705
880	-0.0291812
881	-0.0297781
882	-0.0297864
883	-0.0298551
884	-0.0300394
885	-0.030199
886	-0.0300174
887	-0.0299954
888	-0.0302678
889	-0.0309032
890	-0.0313956
891	-0.0315937
892	-0.0318248
893	-0.0322704
894	-0.032595
895	-0.0326885
896	-0.0329719
897	-0.0333488
898	-0.0335386
899	-0.0334148
900	-0.0334203
901	-0.0334973
902	-0.0335138
903	-0.0335056
904	-0.0332635
905	-0.0333488
906	-0.0334505
907	-0.0335001
908	-0.0336459
909	-0.0334835
910	-0.0332415
911	-0.0328453
912	-0.0322484
913	-0.0321989
914	-0.0324025
915	-0.0328949
916	-0.033423
917	-0.0338687
918	-0.034229
919	-0.0345839
920	-0.0346087
921	-0.0345344
922	-0.0344766
923	-0.0346884
924	-0.0348122
925	-0.0350983
926	-0.0353789
927	-0.0360584
928	-0.036383
929	-0.0367598
930	-0.0369056
931	-0.037145
932	-0.0371807
933	-0.0370707
934	-0.0368974
935	-0.0366085
936	-0.0364793
937	-0.0361657
938	-0.0355467
939	-0.0346499
940	-0.0334175
941	-0.0323694
942	-0.0312883
943	-0.0303998
944	-0.0297038
945	-0.0293435
946	-0.0290161
947	-0.0284797
948	-0.0280698
949	-0.0280671
950	-0.027935
951	-0.0277012
952	-0.0274261
953	-0.0275196
954	-0.0276077
955	-0.0278552
956	-0.0280643
957	-0.0284467
958	-0.0289171
959	-0.0292059
960	-0.0292582
961	-0.029338
962	-0.0292747
963	-0.0294535
964	-0.0296516
965	-0.0299927
966	-0.0301082
967	-0.030287
968	-0.0299872
969	-0.0300367
970	-0.0300587
971	-0.0303833
972	-0.0305236
973	-0.0304741
974	-0.0305153
975	-0.0306804
976	-0.0308895
977	-0.0309913
978	-0.0311178
979	-0.0314451
980	-0.0319706
981	-0.0325125
982	-0.0330489
983	-0.0336926
984	-0.0340035
985	-0.0338219
986	-0.0336954
987	-0.0338989
988	-0.0343226
989	-0.034859
990	-0.0351891
991	-0.0353074
992	-0.0355687
993	-0.0357063
994	-0.0361712
995	-0.0365178
996	-0.0367461
997	-0.0367296
998	-0.0368946
999	-0.0368479
1000	-0.0368231
1001	-0.0368094
1002	-0.0370184
1003	-0.037222
1004	-0.0375714
1005	-0.0376264
1006	-0.0377667
1007	-0.0376814
1008	-0.0378409
1009	-0.0380748
1010	-0.0380363
1011	-0.0380858
1012	-0.0381133
1013	-0.0381683
1014	-0.0381573
1015	-0.0381876
1016	-0.0382811
1017	-0.0382041
1018	-0.0383609
1019	-0.0383719
1020	-0.0382673
1021	-0.0380968
1022	-0.0381463
1023	-0.0382508
