0	-0.00170214
1	-0.0014353
2	-0.00145731
3	-0.0014298
4	-0.00131976
5	-0.00113545
6	-0.00103367
7	-0.000942892
8	-0.000835608
9	-0.000819103
10	-0.00087137
11	-0.000819103
12	-0.000959398
13	-0.000989657
14	-0.00105293
15	-0.00103642
16	-0.00111895
17	-0.000876871
18	-0.000676057
19	-0.00062379
20	-0.000348702
21	-6.26107e-05
22	6.16127e-06
23	0.000228983
24	0.000355523
25	0.000468309
26	0.000655369
27	0.000858934
28	0.000850682
29	0.000861685
30	0.00102949
31	0.001068
32	0.000935959
33	0.000941461
34	0.00103499
35	0.000902948
36	0.000979973
37	0.00100198
38	0.000930457
39	0.000834176
40	0.00084518
41	0.000864436
42	0.000726892
43	0.000693881
44	0.000743397
45	0.000759902
46	0.000842429
47	0.000831425
48	0.000537081
49	0.000757152
50	0.000820422
51	0.00113127
52	0.0013871
53	0.0015384
54	0.00173371
55	0.0021601
56	0.0031064
57	0.00555744
58	0.0126134
59	0.0333441
60	0.0826371
61	0.172129
62	0.296262
63	0.437336
64	0.578635
65	0.711618
66	0.832535
67	0.94059
68	1.03449
69	1.11411
70	1.17951
71	1.23217
72	1.27364
73	1.30544
74	1.32933
75	1.34653
76	1.3585
77	1.36656
78	1.37188
79	1.37534
80	1.37858
81	1.3835
82	1.39135
83	1.40115
84	1.412
85	1.42233
86	1.43142
87	1.43883
88	1.44426
89	1.44765
90	1.44919
91	1.44905
92	1.4474
93	1.44443
94	1.43999
95	1.43453
96	1.42817
97	1.42125
98	1.41366
99	1.40596
100	1.39804
101	1.39005
102	1.38216
103	1.37462
104	1.36717
105	1.35968
106	1.35212
107	1.34432
108	1.33615
109	1.32794
110	1.31934
111	1.31066
112	1.30159
113	1.29247
114	1.28287
115	1.27304
116	1.26323
117	1.25333
118	1.24339
119	1.23359
120	1.22361
121	1.21361
122	1.20363
123	1.19387
124	1.18408
125	1.17425
126	1.16428
127	1.15399
128	1.14387
129	1.13358
130	1.12318
131	1.11271
132	1.10208
133	1.09142
134	1.08057
135	1.06991
136	1.05952
137	1.04904
138	1.03894
139	1.02866
140	1.01859
141	1.00858
142	0.99873
143	0.988912
144	0.979179
145	0.969408
146	0.959783
147	0.950133
148	0.9404
149	0.93056
150	0.920847
151	0.911466
152	0.90183
153	0.892185
154	0.882698
155	0.873133
156	0.86373
157	0.854655
158	0.84563
159	0.836774
160	0.828032
161	0.819392
162	0.810916
163	0.802278
164	0.793734
165	0.784964
166	0.776222
167	0.767716
168	0.759351
169	0.750977
170	0.742612
171	0.734197
172	0.725842
173	0.71756
174	0.709172
175	0.701173
176	0.693154
177	0.685377
178	0.677443
179	0.669749
180	0.662484
181	0.655115
182	0.647734
183	0.640758
184	0.633688
185	0.6268
186	0.619931
187	0.612869
188	0.606014
189	0.599351
190	0.592749
191	0.586125
192	0.57946
193	0.572775
194	0.566231
195	0.559579
196	0.552919
197	0.54657
198	0.540326
199	0.534224
200	0.52834
201	0.522522
202	0.516919
203	0.511271
204	0.505822
205	0.500334
206	0.495071
207	0.489613
208	0.484186
209	0.478591
210	0.473147
211	0.467766
212	0.462534
213	0.457368
214	0.451932
215	0.446768
216	0.441707
217	0.436637
218	0.431784
219	0.428145
220	0.42645
221	0.426035
222	0.426137
223	0.425881
224	0.424998
225	0.422621
226	0.419108
227	0.415175
228	0.411464
229	0.40772
230	0.403981
231	0.400449
232	0.396562
233	0.39243
234	0.388441
235	0.384367
236	0.380046
237	0.376035
238	0.372065
239	0.368231
240	0.364498
241	0.3609
242	0.357541
243	0.354058
244	0.350628
245	0.347046
246	0.343481
247	0.340051
248	0.336766
249	0.333625
250	0.330472
251	0.327504
252	0.324841
253	0.322247
254	0.319507
255	0.316921
256	0.314225
257	0.311376
258	0.308526
259	0.305599
260	0.302889
261	0.300336
262	0.297541
263	0.294727
264	0.291866
265	0.289093
266	0.286197
267	0.283267
268	0.280079
269	0.27694
270	0.274054
271	0.27124
272	0.268555
273	0.26592
274	0.263238
275	0.260754
276	0.258146
277	0.255756
278	0.253354
279	0.250914
280	0.248642
281	0.246251
282	0.24399
283	0.241357
284	0.238928
285	0.236579
286	0.234384
287	0.23196
288	0.229523
289	0.227215
290	0.224792
291	0.222517
292	0.220233
293	0.218231
294	0.21608
295	0.213733
296	0.211598
297	0.209596
298	0.20729
299	0.20515
300	0.202771
301	0.200763
302	0.198559
303	0.196383
304	0.194279
305	0.192227
306	0.190166
307	0.188238
308	0.186384
309	0.184425
310	0.182555
311	0.180689
312	0.179006
313	0.177207
314	0.175831
315	0.174357
316	0.172792
317	0.171138
318	0.169667
319	0.168206
320	0.16682
321	0.165128
322	0.163587
323	0.16189
324	0.160124
325	0.15838
326	0.156399
327	0.154718
328	0.152818
329	0.150999
330	0.148975
331	0.147074
332	0.145121
333	0.143206
334	0.141091
335	0.139137
336	0.137396
337	0.13555
338	0.133834
339	0.132015
340	0.130346
341	0.128896
342	0.127325
343	0.12582
344	0.12458
345	0.123037
346	0.121408
347	0.120038
348	0.118561
349	0.117086
350	0.115408
351	0.113898
352	0.112226
353	0.110509
354	0.10898
355	0.107464
356	0.105844
357	0.104526
358	0.103076
359	0.101615
360	0.100185
361	0.0988343
362	0.097137
363	0.095558
364	0.0939872
365	0.0924082
366	0.0909283
367	0.0892062
368	0.0876382
369	0.0862518
370	0.0848461
371	0.0834376
372	0.0822437
373	0.080783
374	0.0796084
375	0.078365
376	0.0772619
377	0.0760487
378	0.0749621
379	0.073738
380	0.0725551
381	0.0712567
382	0.0701041
383	0.0688937
384	0.0677328
385	0.066638
386	0.0655349
387	0.064286
388	0.0630343
389	0.0618652
390	0.0609217
391	0.0599066
392	0.058875
393	0.0578819
394	0.0568696
395	0.0558298
396	0.0550155
397	0.0544406
398	0.0535548
399	0.0524159
400	0.0514834
401	0.0505068
402	0.049544
403	0.0488453
404	0.0481026
405	0.0471562
406	0.0461989
407	0.0450931
408	0.044111
409	0.0431207
410	0.0422184
411	0.0412941
412	0.0404056
413	0.0395858
414	0.0391072
415	0.0385708
416	0.0381994
417	0.0376602
418	0.0372943
419	0.0367607
420	0.0364141
421	0.0357016
422	0.0352669
423	0.034659
424	0.0340731
425	0.0332808
426	0.0326206
427	0.0321117
428	0.0313414
429	0.030717
430	0.030032
431	0.0293498
432	0.0286373
433	0.0280019
434	0.0272729
435	0.0265549
436	0.0260515
437	0.0252015
438	0.0245853
439	0.0240351
440	0.0235234
441	0.0227697
442	0.0223901
443	0.0216088
444	0.0210009
445	0.0205937
446	0.0199088
447	0.0193146
448	0.0188194
449	0.0182693
450	0.017609
451	0.0168993
452	0.0161813
453	0.0157082
454	0.0151278
455	0.0145858
456	0.0138321
457	0.0132957
458	0.0126795
459	0.0119395
460	0.0114168
461	0.0109739
462	0.0104182
463	0.00976904
464	0.00926287
465	0.00875946
466	0.00818728
467	0.00772513
468	0.00741153
469	0.00733451
470	0.00706767
471	0.00670455
472	0.00632493
473	0.00600308
474	0.00562346
475	0.00520533
476	0.00503752
477	0.00442683
478	0.00384089
479	0.00317518
480	0.0026305
481	0.00215185
482	0.00167044
483	0.000966218
484	0.000575593
485	-6.26107e-05
486	-0.000618289
487	-0.00108869
488	-0.00133902
489	-0.00172414
490	-0.00190295
491	-0.00205425
492	-0.00178191
493	-0.00169388
494	-0.00150407
495	-0.00121248
496	-0.00121798
497	-0.00138028
498	-0.00132526
499	-0.00161686
500	-0.00180392
501	-0.00194971
502	-0.00221105
503	-0.00254666
504	-0.00283
505	-0.00334441
506	-0.0036305
507	-0.0040899
508	-0.00435673
509	-0.00488215
510	-0.0053278
511	-0.0056634
512	-0.00600176
513	-0.0064254
514	-0.0065932
515	-0.00684078
516	-0.00712962
517	-0.00731118
518	-0.00754501
519	-0.00755876
520	-0.00782559
521	-0.00793013
522	-0.00814195
523	-0.00818871
524	-0.00852707
525	-0.00870863
526	-0.00895621
527	-0.00917628
528	-0.00944861
529	-0.00962467
530	-0.00987225
531	-0.0101501
532	-0.0104939
533	-0.0106287
534	-0.0109726
535	-0.0112477
536	-0.0115805
537	-0.0119712
538	-0.0123976
539	-0.0125434
540	-0.0128625
541	-0.0131045
542	-0.0134924
543	-0.013839
544	-0.0143424
545	-0.0148458
546	-0.0151402
547	-0.0155253
548	-0.0159682
549	-0.0165514
550	-0.016843
551	-0.0172859
552	-0.0175527
553	-0.0179516
554	-0.0183257
555	-0.0185623
556	-0.0189144
557	-0.0190602
558	-0.0195058
559	-0.0198332
560	-0.0203559
561	-0.0208015
562	-0.0210518
563	-0.0214287
564	-0.0215662
565	-0.0219541
566	-0.022375
567	-0.0227189
568	-0.0228234
569	-0.0232085
570	-0.0235084
571	-0.0236734
572	-0.023932
573	-0.0243116
574	-0.0244134
575	-0.0247243
576	-0.0251066
577	-0.0255
578	-0.0258466
579	-0.0260804
580	-0.0262097
581	-0.0264381
582	-0.0264628
583	-0.0265343
584	-0.0266471
585	-0.0268672
586	-0.0268754
587	-0.027035
588	-0.0272881
589	-0.0276347
590	-0.0277942
591	-0.0279785
592	-0.0280501
593	-0.0284297
594	-0.0285452
595	-0.0279318
596	-0.0260419
597	-0.0227436
598	-0.0189171
599	-0.0152392
600	-0.0119794
601	-0.00927531
602	-0.00645291
603	-0.00423019
604	-0.00209001
605	-0.00052751
606	0.000325263
607	0.000699383
608	0.000883692
609	0.000999229
610	0.0012138
611	0.00132383
612	0.00112852
613	0.00101573
614	0.00112302
615	0.00140361
616	0.001841
617	0.0023169
618	0.00296886
619	0.00355205
620	0.00393442
621	0.00418475
622	0.0046524
623	0.00477344
624	0.00481195
625	0.00495224
626	0.00466615
627	0.00480095
628	0.00461389
629	0.00428378
630	0.00389866
631	0.00340075
632	0.00310365
633	0.00264701
634	0.00218761
635	0.00190427
636	0.00172271
637	0.0012358
638	0.000897446
639	0.000548085
640	0.000206976
641	-1.30949e-05
642	-0.000304688
643	-0.000695313
644	-0.0011162
645	-0.00141054
646	-0.00149857
647	-0.00168838
648	-0.00200473
649	-0.00240636
650	-0.00245863
651	-0.00268695
652	-0.00278048
653	-0.00310784
654	-0.00323438
655	-0.00342144
656	-0.00354523
657	-0.00366351
658	-0.00388633
659	-0.00414767
660	-0.00444201
661	-0.00470885
662	-0.00497018
663	-0.00522326
664	-0.00560288
665	-0.00582846
666	-0.00618332
667	-0.00661246
668	-0.00679952
669	-0.00706085
670	-0.00730293
671	-0.00765504
672	-0.00792188
673	-0.00813094
674	-0.00834276
675	-0.00865911
676	-0.00892595
677	-0.00926981
678	-0.00944311
679	-0.00952564
680	-0.00968244
681	-0.00992727
682	-0.0101473
683	-0.0103316
684	-0.0105517
685	-0.0108461
686	-0.0110826
687	-0.0111817
688	-0.0115283
689	-0.0116273
690	-0.0117566
691	-0.0122325
692	-0.0126726
693	-0.0131293
694	-0.0134236
695	-0.013806
696	-0.0142847
697	-0.0147881
698	-0.0152035
699	-0.0156821
700	-0.0161525
701	-0.0166092
702	-0.016953
703	-0.0175114
704	-0.0180396
705	-0.0182624
706	-0.0186421
707	-0.0189226
708	-0.0192115
709	-0.0196269
710	-0.0201825
711	-0.0204961
712	-0.020708
713	-0.0209886
714	-0.0213819
715	-0.021536
716	-0.0218578
717	-0.0221632
718	-0.0226116
719	-0.0227491
720	-0.0230545
721	-0.0235689
722	-0.0238742
723	-0.0241493
724	-0.0243611
725	-0.024793
726	-0.0252689
727	-0.0254807
728	-0.0258659
729	-0.0262125
730	-0.0264766
731	-0.0268562
732	-0.0271423
733	-0.0277145
734	-0.0279593
735	-0.0281849
736	-0.0281353
737	-0.0278052
738	-0.0266334
739	-0.025357
740	-0.0239733
741	-0.022386
742	-0.0206915
743	-0.0191867
744	-0.017748
745	-0.0164854
746	-0.0151017
747	-0.0140178
748	-0.0128184
749	-0.0118611
750	-0.0112202
751	-0.0105105
752	-0.00983374
753	-0.00930832
754	-0.00907174
755	-0.00880491
756	-0.00883792
757	-0.00871138
758	-0.00852432
759	-0.00840053
760	-0.00818871
761	-0.00813919
762	-0.00806492
763	-0.00828774
764	-0.00834001
765	-0.00834826
766	-0.00859859
767	-0.00897271
768	-0.00922029
769	-0.00940735
770	-0.00973471
771	-0.0100566
772	-0.0103482
773	-0.010538
774	-0.0109066
775	-0.0110744
776	-0.0113605
777	-0.0116301
778	-0.0117208
779	-0.0122132
780	-0.0125736
781	-0.0128212
782	-0.0130935
783	-0.0134016
784	-0.013806
785	-0.0142544
786	-0.0145157
787	-0.0150054
788	-0.0153272
789	-0.0156298
790	-0.0159462
791	-0.0164001
792	-0.0168705
793	-0.0172996
794	-0.01766
795	-0.0181469
796	-0.0186283
797	-0.0189309
798	-0.0191125
799	-0.0195278
800	-0.0199047
801	-0.0204494
802	-0.0207217
803	-0.0211509
804	-0.0210078
805	-0.0210656
806	-0.0210683
807	-0.02084
808	-0.0207767
809	-0.0206695
810	-0.0205704
811	-0.0204879
812	-0.0205952
813	-0.0206007
814	-0.0203944
815	-0.0202926
816	-0.0203201
817	-0.020122
818	-0.0202183
819	-0.0203916
820	-0.0204109
821	-0.0202183
822	-0.0203971
823	-0.0203366
824	-0.0203999
825	-0.0204301
826	-0.0205072
827	-0.0205292
828	-0.0206227
829	-0.0208455
830	-0.0209005
831	-0.0212334
832	-0.0216845
833	-0.0219486
834	-0.0221109
835	-0.0222567
836	-0.022507
837	-0.0228647
838	-0.023225
839	-0.0233708
840	-0.0236404
841	-0.0236156
842	-0.0236679
843	-0.0235551
844	-0.0234203
845	-0.0231122
846	-0.0230077
847	-0.0230435
848	-0.0230352
849	-0.0228234
850	-0.0228344
851	-0.0229554
852	-0.0230902
853	-0.0233846
854	-0.0236322
855	-0.023899
856	-0.0241136
857	-0.0244739
858	-0.0247325
859	-0.0249333
860	-0.0251589
861	-0.0253625
862	-0.0258549
863	-0.0261877
864	-0.0263225
865	-0.0265123
866	-0.0267929
867	-0.0271313
868	-0.0273211
869	-0.0275412
870	-0.0276925
871	-0.0280281
872	-0.0284269
873	-0.0286608
874	-0.0288726
875	-0.0292605
876	-0.0295245
877	-0.0298436
878	-0.030039
879	-0.0305561
880	-0.0308752
881	-0.0311888
882	-0.0312218
883	-0.0315299
884	-0.0321021
885	-0.0323414
886	-0.0326028
887	-0.0328916
888	-0.033186
889	-0.033307
890	-0.0337609
891	-0.0335188
892	-0.030889
893	-0.0256073
894	-0.0191702
895	-0.0134154
896	-0.00905799
897	-0.00695632
898	-0.0062741
899	-0.00578169
900	-0.00523152
901	-0.00494818
902	-0.00465933
903	-0.00448603
904	-0.00444476
905	-0.00464558
906	-0.00466759
907	-0.00477762
908	-0.00506921
909	-0.005193
910	-0.00523152
911	-0.00529754
912	-0.00541032
913	-0.00528653
914	-0.00494818
915	-0.00463182
916	-0.00434573
917	-0.0040954
918	-0.00397711
919	-0.00398537
920	-0.00430172
921	-0.00435399
922	-0.0043925
923	-0.00479688
924	-0.0050362
925	-0.00529204
926	-0.00537181
927	-0.00532505
928	-0.00551486
929	-0.00589723
930	-0.0062796
931	-0.00634837
932	-0.00644465
933	-0.00663997
934	-0.00673625
935	-0.00692881
936	-0.0067445
937	-0.00640064
938	-0.00602927
939	-0.00544608
940	-0.00506371
941	-0.00467859
942	-0.00460707
943	-0.00446677
944	-0.00420269
945	-0.00415042
946	-0.00416693
947	-0.00411741
948	-0.00404314
949	-0.00415042
950	-0.00459331
951	-0.00476387
952	-0.00466759
953	-0.00502795
954	-0.00511048
955	-0.00532505
956	-0.00556712
957	-0.00563039
958	-0.00578719
959	-0.00589723
960	-0.00582571
961	-0.00622733
962	-0.00623284
963	-0.0062851
964	-0.00625209
965	-0.00623009
966	-0.00628785
967	-0.00638413
968	-0.0064199
969	-0.00621633
970	-0.00637588
971	-0.00618607
972	-0.00613656
973	-0.0059495
974	-0.00601552
975	-0.00622733
976	-0.00623834
977	-0.00638138
978	-0.00642265
979	-0.00655194
980	-0.00662621
981	-0.00685178
982	-0.00687104
983	-0.0070526
984	-0.00722315
985	-0.00718739
986	-0.00739096
987	-0.00759727
988	-0.00773482
989	-0.00779809
990	-0.00786136
991	-0.00800991
992	-0.00822447
993	-0.00838678
994	-0.00841428
995	-0.00833176
996	-0.00838402
997	-0.00845005
998	-0.00834001
999	-0.00854358
1000	-0.00855183
1001	-0.0084583
1002	-0.00852707
1003	-0.00869487
1004	-0.00890394
1005	-0.00884892
1006	-0.00901673
1007	-0.00911301
1008	-0.00930832
1009	-0.00945687
1010	-0.00933583
1011	-0.00954765
1012	-0.00954765
1013	-0.00966869
1014	-0.00964943
1015	-0.00968519
1016	-0.00996303
1017	-0.00995753
1018	-0.0100703
1019	-0.0102574
1020	-0.0103839
1021	-0.0104692
1022	-0.0104279
1023	-0.0103619
