0	-8.23619e-05
1	-0.000247415
2	-0.000384959
3	-0.00045098
4	-0.00032719
5	-0.000382208
6	-0.000412467
7	-0.000478489
8	-0.000368453
9	-0.000332692
10	-0.000434475
11	-0.000412467
12	-0.00038771
13	-0.000453731
14	-0.000423471
15	-0.000497745
16	-0.000508748
17	-0.00045098
18	-0.000599527
19	-0.000616033
20	-0.000503247
21	-0.000401464
22	-0.00026392
23	-6.86075e-05
24	-0.000101618
25	-2.58634e-06
26	0.000123954
27	0.000195477
28	0.00029726
29	0.000481569
30	0.000668628
31	0.000599856
32	0.000564095
33	0.000740151
34	0.000789667
35	0.000687885
36	0.000481569
37	0.00039354
38	0.000192726
39	0.000368783
40	0.000275253
41	0.000418298
42	0.000374284
43	0.000322018
44	0.000167968
45	0.000206481
46	0.000115702
47	0.000382537
48	0.000432053
49	0.000313765
50	0.000176221
51	0.000222986
52	5.51821e-05
53	-3.55969e-05
54	-0.000112622
55	6.61857e-05
56	0.000115702
57	0.000368783
58	0.000762158
59	0.00149664
60	0.00357356
61	0.0102664
62	0.0302516
63	0.0850436
64	0.209051
65	0.429124
66	0.73977
67	1.09833
68	1.44647
69	1.73856
70	1.95265
71	2.08768
72	2.15511
73	2.17312
74	2.16
75	2.12955
76	2.09243
77	2.05495
78	2.02073
79	1.99089
80	1.96531
81	1.94407
82	1.92693
83	1.91257
84	1.89924
85	1.88651
86	1.87398
87	1.86083
88	1.84697
89	1.83246
90	1.81766
91	1.80393
92	1.7912
93	1.77961
94	1.76792
95	1.75573
96	1.74252
97	1.72873
98	1.71487
99	1.70128
100	1.68822
101	1.67587
102	1.66432
103	1.65251
104	1.64063
105	1.62839
106	1.61542
107	1.60198
108	1.5884
109	1.57483
110	1.56154
111	1.54849
112	1.53529
113	1.52159
114	1.50777
115	1.4944
116	1.48176
117	1.4695
118	1.45731
119	1.44498
120	1.43321
121	1.42135
122	1.40973
123	1.39795
124	1.38623
125	1.37428
126	1.36212
127	1.3505
128	1.33878
129	1.32655
130	1.31422
131	1.30202
132	1.29044
133	1.27921
134	1.26805
135	1.2558
136	1.24438
137	1.236
138	1.23259
139	1.23328
140	1.22786
141	1.21689
142	1.20548
143	1.19388
144	1.18209
145	1.17014
146	1.15787
147	1.14529
148	1.13275
149	1.12023
150	1.10802
151	1.09594
152	1.08387
153	1.07189
154	1.06032
155	1.04939
156	1.03918
157	1.02923
158	1.01942
159	1.00958
160	0.999868
161	0.990397
162	0.980518
163	0.970417
164	0.960335
165	0.950162
166	0.940287
167	0.930565
168	0.920475
169	0.910665
170	0.901034
171	0.891571
172	0.882279
173	0.873361
174	0.864566
175	0.855959
176	0.84753
177	0.838876
178	0.830422
179	0.822054
180	0.81403
181	0.806055
182	0.798484
183	0.790746
184	0.783146
185	0.775834
186	0.768511
187	0.761216
188	0.753901
189	0.7466
190	0.739728
191	0.73306
192	0.726252
193	0.719243
194	0.711939
195	0.704732
196	0.697786
197	0.690672
198	0.684284
199	0.678263
200	0.672703
201	0.667372
202	0.661909
203	0.655937
204	0.649376
205	0.642721
206	0.635599
207	0.628436
208	0.62163
209	0.615474
210	0.609614
211	0.604182
212	0.598919
213	0.593701
214	0.588568
215	0.583203
216	0.577622
217	0.571798
218	0.566024
219	0.560178
220	0.554393
221	0.549134
222	0.544177
223	0.539946
224	0.536411
225	0.533322
226	0.530106
227	0.526444
228	0.522478
229	0.51825
230	0.513793
231	0.508908
232	0.50403
233	0.499142
234	0.494336
235	0.489616
236	0.484865
237	0.480153
238	0.475416
239	0.470593
240	0.465801
241	0.461004
242	0.456297
243	0.452187
244	0.447868
245	0.443703
246	0.439858
247	0.435984
248	0.431952
249	0.428018
250	0.424494
251	0.422004
252	0.420313
253	0.41894
254	0.417424
255	0.415402
256	0.413105
257	0.410412
258	0.407551
259	0.404924
260	0.402591
261	0.400358
262	0.397943
263	0.395219
264	0.392309
265	0.389269
266	0.38643
267	0.383176
268	0.37958
269	0.375655
270	0.371897
271	0.36836
272	0.365587
273	0.363576
274	0.361914
275	0.360473
276	0.358605
277	0.356484
278	0.353906
279	0.351334
280	0.348583
281	0.345604
282	0.342303
283	0.339024
284	0.335638
285	0.332364
286	0.329696
287	0.327149
288	0.324758
289	0.322175
290	0.319837
291	0.317537
292	0.315174
293	0.312654
294	0.30998
295	0.306968
296	0.303708
297	0.300424
298	0.297153
299	0.2941
300	0.291577
301	0.289085
302	0.28687
303	0.284485
304	0.282163
305	0.279825
306	0.277421
307	0.274907
308	0.272346
309	0.26974
310	0.267097
311	0.264786
312	0.262335
313	0.259857
314	0.257549
315	0.255062
316	0.25299
317	0.250933
318	0.248988
319	0.247368
320	0.24586
321	0.244556
322	0.243321
323	0.242188
324	0.241255
325	0.240119
326	0.238331
327	0.236532
328	0.234581
329	0.232727
330	0.230694
331	0.228552
332	0.226505
333	0.224257
334	0.222018
335	0.219969
336	0.218065
337	0.21595
338	0.213716
339	0.211581
340	0.209477
341	0.207309
342	0.205414
343	0.203684
344	0.202039
345	0.200361
346	0.198528
347	0.196641
348	0.19474
349	0.1929
350	0.191478
351	0.190102
352	0.188496
353	0.186881
354	0.185492
355	0.183965
356	0.182304
357	0.180612
358	0.17892
359	0.177292
360	0.175787
361	0.17409
362	0.172733
363	0.171358
364	0.169939
365	0.168555
366	0.167215
367	0.166041
368	0.16475
369	0.163295
370	0.161694
371	0.160151
372	0.158864
373	0.157595
374	0.156198
375	0.154872
376	0.153827
377	0.153026
378	0.152402
379	0.151648
380	0.150539
381	0.14945
382	0.148223
383	0.146908
384	0.145266
385	0.143855
386	0.142631
387	0.1415
388	0.140375
389	0.13928
390	0.137968
391	0.136933
392	0.135687
393	0.134342
394	0.132994
395	0.131734
396	0.130722
397	0.129737
398	0.128887
399	0.127872
400	0.126843
401	0.125963
402	0.124769
403	0.123834
404	0.122687
405	0.121578
406	0.120659
407	0.119721
408	0.118772
409	0.117688
410	0.116585
411	0.115666
412	0.114704
413	0.113812
414	0.113521
415	0.114475
416	0.116995
417	0.120478
418	0.124555
419	0.127875
420	0.129888
421	0.130582
422	0.130326
423	0.129435
424	0.128494
425	0.1273
426	0.126189
427	0.125066
428	0.123616
429	0.122277
430	0.120976
431	0.119762
432	0.118783
433	0.117787
434	0.116742
435	0.115686
436	0.114753
437	0.113697
438	0.112706
439	0.111917
440	0.111086
441	0.110225
442	0.109799
443	0.109328
444	0.108894
445	0.108234
446	0.10737
447	0.106542
448	0.105777
449	0.105029
450	0.104071
451	0.103241
452	0.102171
453	0.100993
454	0.0999754
455	0.0993537
456	0.0986742
457	0.0983496
458	0.0977527
459	0.0975051
460	0.0970815
461	0.0965863
462	0.0958298
463	0.0950953
464	0.0943856
465	0.0936209
466	0.0928781
467	0.0919813
468	0.0909965
469	0.0899897
470	0.0889581
471	0.0880586
472	0.0878055
473	0.0880641
474	0.0886583
475	0.0893928
476	0.0902675
477	0.0908672
478	0.09076
479	0.0906279
480	0.0903556
481	0.0897971
482	0.0891177
483	0.0882484
484	0.0873159
485	0.0866364
486	0.0859762
487	0.0852637
488	0.0844549
489	0.0837947
490	0.0830602
491	0.0824963
492	0.082345
493	0.0838883
494	0.0879898
495	0.0943196
496	0.102542
497	0.110115
498	0.115771
499	0.118549
500	0.117977
501	0.117229
502	0.11653
503	0.115837
504	0.115045
505	0.112828
506	0.110751
507	0.109064
508	0.107466
509	0.105964
510	0.104393
511	0.10304
512	0.101843
513	0.100655
514	0.0997443
515	0.0992299
516	0.098776
517	0.0983634
518	0.0982506
519	0.0982781
520	0.0984074
521	0.0983634
522	0.0982974
523	0.0983551
524	0.0981186
525	0.0976977
526	0.0975106
527	0.0971062
528	0.0966716
529	0.0960554
530	0.0955822
531	0.0951366
532	0.094889
533	0.0950018
534	0.0958546
535	0.0974611
536	0.0993455
537	0.101084
538	0.102096
539	0.102451
540	0.102385
541	0.101838
542	0.10109
543	0.100022
544	0.0990043
545	0.097882
546	0.0969302
547	0.0960031
548	0.0952274
549	0.0944957
550	0.0938547
551	0.0933348
552	0.0928176
553	0.0922399
554	0.0914614
555	0.0907352
556	0.0900337
557	0.0894588
558	0.0889554
559	0.0881989
560	0.0877477
561	0.0872746
562	0.0863696
563	0.0857148
564	0.0851096
565	0.0846035
566	0.0842376
567	0.0840588
568	0.0838332
569	0.0831373
570	0.0821497
571	0.0814262
572	0.0810081
573	0.0807055
574	0.080015
575	0.0791347
576	0.0785295
577	0.0779904
578	0.0773769
579	0.0766039
580	0.0759932
581	0.0754458
582	0.0747856
583	0.0741832
584	0.0736412
585	0.0735422
586	0.073787
587	0.0742299
588	0.0746315
589	0.0750662
590	0.0753193
591	0.0749892
592	0.0745573
593	0.0741639
594	0.073732
595	0.0732011
596	0.0724391
597	0.0718917
598	0.0713305
599	0.0709756
600	0.0706015
601	0.0704722
602	0.0702219
603	0.0700403
604	0.0697157
605	0.0695644
606	0.0692673
607	0.0686924
608	0.0680624
609	0.0672234
610	0.066588
611	0.065859
612	0.0653886
613	0.0649374
614	0.0645826
615	0.0642222
616	0.0638316
617	0.0634245
618	0.0632264
619	0.0630393
620	0.0628578
621	0.0627147
622	0.0625057
623	0.0624864
624	0.0625084
625	0.0624396
626	0.0623791
627	0.0620188
628	0.0617849
629	0.0613475
630	0.0610202
631	0.0607589
632	0.060536
633	0.0601619
634	0.0597108
635	0.0592596
636	0.058781
637	0.0585004
638	0.0579942
639	0.0576476
640	0.057378
641	0.0570782
642	0.0566518
643	0.0562887
644	0.055799
645	0.0550645
646	0.0545474
647	0.0542338
648	0.0548197
649	0.056517
650	0.0598676
651	0.0645331
652	0.0694846
653	0.0735202
654	0.0762656
655	0.0784993
656	0.0809118
657	0.0831208
658	0.0850491
659	0.0865731
660	0.0878028
661	0.0884602
662	0.0889224
663	0.089236
664	0.0891837
665	0.0887518
666	0.0882319
667	0.0875552
668	0.0867904
669	0.0859157
670	0.0852252
671	0.0843724
672	0.0836517
673	0.0831648
674	0.0827742
675	0.0826201
676	0.0824743
677	0.0824275
678	0.0822597
679	0.082147
680	0.0821415
681	0.0827054
682	0.0837425
683	0.0850821
684	0.0868757
685	0.0887876
686	0.0903638
687	0.091566
688	0.0921822
689	0.0922262
690	0.091731
691	0.0910736
692	0.089998
693	0.0891342
694	0.0879706
695	0.0869968
696	0.0860367
697	0.0851674
698	0.0844082
699	0.0837067
700	0.0827907
701	0.0820919
702	0.0814867
703	0.0808183
704	0.080059
705	0.0794813
706	0.0790137
707	0.0784058
708	0.0779574
709	0.0771871
710	0.0764829
711	0.0760565
712	0.0756466
713	0.0748819
714	0.0741529
715	0.0735615
716	0.0730801
717	0.0724473
718	0.0717954
719	0.0707831
720	0.0699055
721	0.0690528
722	0.0682495
723	0.0677048
724	0.0671051
725	0.066522
726	0.0659223
727	0.0652923
728	0.0648467
729	0.064434
730	0.0639829
731	0.063628
732	0.0633887
733	0.0633144
734	0.0630944
735	0.062855
736	0.0623791
737	0.061873
738	0.0613971
739	0.0612348
740	0.0620655
741	0.0672289
742	0.0773219
743	0.0914669
744	0.0999892
745	0.100493
746	0.101266
747	0.102102
748	0.102578
749	0.102935
750	0.102891
751	0.102944
752	0.102784
753	0.102534
754	0.102638
755	0.103345
756	0.104212
757	0.104957
758	0.105505
759	0.105659
760	0.105573
761	0.105194
762	0.104525
763	0.104294
764	0.103703
765	0.103246
766	0.102567
767	0.101964
768	0.101384
769	0.100487
770	0.099483
771	0.0987293
772	0.0981543
773	0.0975216
774	0.0968449
775	0.096369
776	0.0960031
777	0.095563
778	0.0950513
779	0.0946359
780	0.0943664
781	0.09405
782	0.0939015
783	0.0934366
784	0.0930239
785	0.0926966
786	0.0924683
787	0.0920914
788	0.0917558
789	0.0912524
790	0.0908397
791	0.0903803
792	0.09013
793	0.0898962
794	0.0892855
795	0.0885345
796	0.087668
797	0.0870545
798	0.0867904
799	0.0865429
800	0.0863008
801	0.0860037
802	0.0858771
803	0.0857506
804	0.0858084
805	0.0862458
806	0.0873819
807	0.0889416
808	0.090782
809	0.0927819
810	0.0946029
811	0.0959701
812	0.0967431
813	0.0971035
814	0.0969769
815	0.0967651
816	0.0964983
817	0.09638
818	0.0962232
819	0.0959234
820	0.0955272
821	0.0950211
822	0.0947432
823	0.0946745
824	0.0944214
825	0.0944957
826	0.0951559
827	0.096424
828	0.0980195
829	0.0992107
830	0.100116
831	0.100462
832	0.100462
833	0.100025
834	0.0997003
835	0.0992382
836	0.0988365
837	0.0982176
838	0.0977389
839	0.0973593
840	0.0969494
841	0.0966331
842	0.0962645
843	0.0959179
844	0.0955052
845	0.094867
846	0.0943774
847	0.0936209
848	0.0932192
849	0.0930679
850	0.0930349
851	0.0931312
852	0.0932523
853	0.0933238
854	0.0932908
855	0.0931037
856	0.0931257
857	0.0930679
858	0.0928726
859	0.0922894
860	0.0917173
861	0.0913376
862	0.0910103
863	0.0909223
864	0.0906087
865	0.0903061
866	0.0899484
867	0.0897146
868	0.0894533
869	0.089335
870	0.0890957
871	0.088683
872	0.0882952
873	0.0878798
874	0.0876157
875	0.087071
876	0.0864438
877	0.0859267
878	0.0852857
879	0.0849061
880	0.0841578
881	0.0836269
882	0.0830712
883	0.0826889
884	0.082169
885	0.0820782
886	0.0816986
887	0.081473
888	0.0809723
889	0.0804387
890	0.0800288
891	0.0795364
892	0.0791595
893	0.0789807
894	0.0787716
895	0.0786918
896	0.0787139
897	0.0788211
898	0.079308
899	0.0802378
900	0.0815142
901	0.0824963
902	0.083096
903	0.0834866
904	0.0835582
905	0.0838855
906	0.0839928
907	0.0839955
908	0.0839075
909	0.08399
910	0.0840781
911	0.0843229
912	0.0844384
913	0.0844467
914	0.0845705
915	0.0845567
916	0.0844852
917	0.0846227
918	0.0850794
919	0.0850161
920	0.0849033
921	0.084631
922	0.0842514
923	0.0837645
924	0.0831703
925	0.0827164
926	0.0821772
927	0.0817481
928	0.0813767
929	0.0809916
930	0.0804937
931	0.0801553
932	0.0798307
933	0.0794208
934	0.0789779
935	0.0788266
936	0.07933
937	0.0826944
938	0.0906774
939	0.102608
940	0.116715
941	0.121292
942	0.12245
943	0.123264
944	0.123773
945	0.124095
946	0.123894
947	0.123669
948	0.123539
949	0.123306
950	0.122758
951	0.122277
952	0.121738
953	0.121248
954	0.12078
955	0.120646
956	0.120439
957	0.119936
958	0.119603
959	0.119171
960	0.11913
961	0.118987
962	0.118841
963	0.118393
964	0.117936
965	0.117705
966	0.117565
967	0.117182
968	0.116935
969	0.116805
970	0.11672
971	0.116783
972	0.116602
973	0.116439
974	0.116541
975	0.116266
976	0.115986
977	0.115611
978	0.115573
979	0.115446
980	0.115279
981	0.115097
982	0.114665
983	0.113983
984	0.113372
985	0.112519
986	0.111678
987	0.110619
988	0.109887
989	0.109348
990	0.108883
991	0.108305
992	0.107791
993	0.10713
994	0.10666
995	0.106019
996	0.105315
997	0.104963
998	0.104839
999	0.104385
1000	0.104154
1001	0.103684
1002	0.1034
1003	0.103012
1004	0.102498
1005	0.102184
1006	0.101909
1007	0.101483
1008	0.100625
1009	0.099483
1010	0.098567
1011	0.0976757
1012	0.0970347
1013	0.0962067
1014	0.095508
1015	0.0945947
1016	0.0938547
1017	0.0934311
1018	0.093156
1019	0.0927406
1020	0.0920089
1021	0.0913541
1022	0.0906362
1023	0.0901025
