0	0.000139803
1	0.000186568
2	0.00066247
3	0.000967818
4	0.000951312
5	0.000736744
6	0.000406638
7	0.000153557
8	-7.20152e-05
9	-0.000314093
10	-0.000644198
11	-0.000487398
12	-0.00042963
13	-0.000374612
14	-0.000366359
15	-0.000418626
16	-0.000547917
17	-0.000561672
18	-0.000561672
19	-0.000539665
20	-0.00042963
21	-0.000781742
22	-0.00142545
23	-0.00175555
24	-0.00121913
25	-0.000966051
26	-0.000820255
27	-0.000913785
28	-0.000685461
29	-0.000707469
30	-0.00058643
31	-0.000217812
32	0.000164561
33	0.000238834
34	0.000109543
35	0.000313108
36	0.000552435
37	0.000954063
38	0.000877039
39	0.000808267
40	0.000698231
41	0.000802765
42	0.000863284
43	0.000626708
44	0.000907298
45	0.00119889
46	0.00111361
47	0.000654217
48	0.000354371
49	0.000384631
50	0.000563438
51	0.000621207
52	0.000747747
53	0.000673473
54	0.000324112
55	-0.000121531
56	4.35218e-05
57	7.10306e-05
58	0.000260841
59	0.00108886
60	0.00413958
61	0.0143756
62	0.0479639
63	0.137279
64	0.322342
65	0.615828
66	1.00322
67	1.44477
68	1.87965
69	2.26034
70	2.56164
71	2.77963
72	2.92094
73	2.99709
74	3.02277
75	3.01168
76	2.97673
77	2.92771
78	2.87164
79	2.8135
80	2.75744
81	2.70557
82	2.65941
83	2.62029
84	2.58684
85	2.55747
86	2.53177
87	2.50785
88	2.48359
89	2.45719
90	2.43049
91	2.40935
92	2.40114
93	2.39621
94	2.38212
95	2.35971
96	2.33502
97	2.3127
98	2.2916
99	2.27007
100	2.24775
101	2.22489
102	2.20314
103	2.18124
104	2.15989
105	2.13932
106	2.11923
107	2.09917
108	2.07929
109	2.05897
110	2.0379
111	2.01669
112	1.99596
113	1.97554
114	1.95536
115	1.93547
116	1.91652
117	1.89914
118	1.88153
119	1.86426
120	1.848
121	1.83209
122	1.81618
123	1.79998
124	1.78411
125	1.76794
126	1.75196
127	1.73608
128	1.71969
129	1.70315
130	1.68653
131	1.66982
132	1.65342
133	1.63647
134	1.61961
135	1.60261
136	1.5869
137	1.57512
138	1.57086
139	1.56643
140	1.55058
141	1.5354
142	1.52075
143	1.50553
144	1.48978
145	1.47518
146	1.46131
147	1.44731
148	1.43283
149	1.41865
150	1.40334
151	1.38833
152	1.37373
153	1.35981
154	1.34589
155	1.33221
156	1.31907
157	1.30593
158	1.29236
159	1.27835
160	1.26456
161	1.25157
162	1.23879
163	1.22624
164	1.21371
165	1.20109
166	1.18881
167	1.17586
168	1.16338
169	1.15068
170	1.13832
171	1.12584
172	1.11301
173	1.09974
174	1.08715
175	1.07504
176	1.06375
177	1.05322
178	1.04274
179	1.03239
180	1.0224
181	1.01312
182	1.00378
183	0.99428
184	0.984209
185	0.974163
186	0.96451
187	0.955119
188	0.945667
189	0.935645
190	0.925687
191	0.915391
192	0.90612
193	0.897202
194	0.88805
195	0.878933
196	0.870196
197	0.86303
198	0.855661
199	0.848723
200	0.84151
201	0.834515
202	0.827728
203	0.820802
204	0.813377
205	0.805438
206	0.797218
207	0.788924
208	0.781197
209	0.7735
210	0.76596
211	0.758445
212	0.750418
213	0.74219
214	0.734171
215	0.726422
216	0.718741
217	0.711559
218	0.705072
219	0.698575
220	0.692319
221	0.686696
222	0.681976
223	0.677638
224	0.67347
225	0.669082
226	0.664376
227	0.659859
228	0.655056
229	0.650178
230	0.64559
231	0.640382
232	0.634743
233	0.629924
234	0.625206
235	0.620554
236	0.614986
237	0.608687
238	0.602486
239	0.59693
240	0.591689
241	0.586647
242	0.581728
243	0.576306
244	0.570494
245	0.564651
246	0.559966
247	0.556467
248	0.553589
249	0.553226
250	0.559575
251	0.571223
252	0.566906
253	0.562615
254	0.558563
255	0.555031
256	0.552503
257	0.550715
258	0.549978
259	0.55053
260	0.551229
261	0.551215
262	0.550233
263	0.548316
264	0.546327
265	0.543747
266	0.540594
267	0.537541
268	0.53594
269	0.537827
270	0.544641
271	0.552352
272	0.54885
273	0.545229
274	0.541508
275	0.537827
276	0.534011
277	0.529811
278	0.525668
279	0.521775
280	0.518351
281	0.51478
282	0.510673
283	0.506145
284	0.501862
285	0.498264
286	0.4948
287	0.492091
288	0.488977
289	0.485717
290	0.482716
291	0.479467
292	0.476372
293	0.473066
294	0.469484
295	0.465974
296	0.462904
297	0.460032
298	0.45702
299	0.453606
300	0.449755
301	0.446176
302	0.442773
303	0.439626
304	0.436531
305	0.434014
306	0.431426
307	0.428653
308	0.42577
309	0.423443
310	0.421742
311	0.420562
312	0.420265
313	0.420419
314	0.421652
315	0.423896
316	0.425773
317	0.426887
318	0.426485
319	0.425665
320	0.424969
321	0.424304
322	0.423852
323	0.422887
324	0.420994
325	0.418287
326	0.415545
327	0.412178
328	0.40815
329	0.404585
330	0.402159
331	0.399788
332	0.397282
333	0.394291
334	0.391541
335	0.38879
336	0.386201
337	0.383932
338	0.381324
339	0.3786
340	0.376023
341	0.373946
342	0.371418
343	0.368444
344	0.365374
345	0.362222
346	0.359454
347	0.357058
348	0.35491
349	0.352266
350	0.349603
351	0.347106
352	0.345348
353	0.34291
354	0.340253
355	0.337786
356	0.335744
357	0.333687
358	0.331541
359	0.328422
360	0.325585
361	0.323178
362	0.321082
363	0.318926
364	0.316122
365	0.313688
366	0.311399
367	0.309042
368	0.306684
369	0.30445
370	0.302159
371	0.30033
372	0.298517
373	0.296561
374	0.294836
375	0.292872
376	0.290495
377	0.288226
378	0.286223
379	0.284242
380	0.282523
381	0.280776
382	0.278463
383	0.276581
384	0.274455
385	0.272298
386	0.270609
387	0.268425
388	0.266752
389	0.264684
390	0.262508
391	0.260601
392	0.258703
393	0.256687
394	0.254976
395	0.253452
396	0.251617
397	0.249793
398	0.248126
399	0.24639
400	0.24414
401	0.241609
402	0.239645
403	0.238055
404	0.236526
405	0.234567
406	0.23254
407	0.230289
408	0.228158
409	0.225927
410	0.223445
411	0.2213
412	0.219371
413	0.217966
414	0.217985
415	0.222969
416	0.236605
417	0.242985
418	0.241161
419	0.239527
420	0.238234
421	0.237244
422	0.236099
423	0.234702
424	0.233654
425	0.232526
426	0.230908
427	0.229489
428	0.228309
429	0.226749
430	0.224928
431	0.222755
432	0.220697
433	0.21925
434	0.218109
435	0.216736
436	0.215622
437	0.214477
438	0.213124
439	0.211908
440	0.210588
441	0.209317
442	0.207958
443	0.206426
444	0.205342
445	0.204442
446	0.203416
447	0.201697
448	0.199543
449	0.197752
450	0.196451
451	0.195216
452	0.193617
453	0.192308
454	0.191169
455	0.189541
456	0.188176
457	0.187004
458	0.185926
459	0.184652
460	0.183535
461	0.181838
462	0.180419
463	0.179214
464	0.178353
465	0.177382
466	0.176254
467	0.175134
468	0.173924
469	0.173038
470	0.1727
471	0.172405
472	0.172455
473	0.172892
474	0.173632
475	0.174056
476	0.174067
477	0.173896
478	0.173305
479	0.172865
480	0.17177
481	0.170527
482	0.169038
483	0.167729
484	0.166384
485	0.164959
486	0.163528
487	0.16218
488	0.161154
489	0.160475
490	0.159925
491	0.159072
492	0.159773
493	0.162733
494	0.168381
495	0.175288
496	0.181442
497	0.186286
498	0.186727
499	0.185813
500	0.184872
501	0.183978
502	0.183194
503	0.182273
504	0.181472
505	0.18035
506	0.178815
507	0.176862
508	0.17479
509	0.173063
510	0.171506
511	0.170285
512	0.169286
513	0.169121
514	0.169085
515	0.169313
516	0.16854
517	0.167484
518	0.16681
519	0.167789
520	0.17215
521	0.179497
522	0.188515
523	0.196214
524	0.195502
525	0.194825
526	0.194245
527	0.193422
528	0.192429
529	0.191739
530	0.190922
531	0.189785
532	0.188605
533	0.187629
534	0.187367
535	0.187728
536	0.187981
537	0.188638
538	0.189345
539	0.190165
540	0.190735
541	0.191202
542	0.190968
543	0.190355
544	0.189574
545	0.188658
546	0.187863
547	0.187046
548	0.186061
549	0.184839
550	0.183794
551	0.182622
552	0.181646
553	0.180551
554	0.179472
555	0.178746
556	0.177363
557	0.175632
558	0.173929
559	0.172771
560	0.172254
561	0.17191
562	0.171107
563	0.170023
564	0.169267
565	0.168425
566	0.167707
567	0.16642
568	0.165234
569	0.164062
570	0.162362
571	0.161749
572	0.160951
573	0.160079
574	0.158621
575	0.157548
576	0.156626
577	0.156261
578	0.155941
579	0.155317
580	0.154613
581	0.153529
582	0.152313
583	0.151356
584	0.150737
585	0.150184
586	0.149917
587	0.14948
588	0.149191
589	0.149012
590	0.149328
591	0.14954
592	0.149364
593	0.149188
594	0.148332
595	0.147419
596	0.146462
597	0.146135
598	0.145859
599	0.14529
600	0.143794
601	0.142437
602	0.141447
603	0.140974
604	0.140757
605	0.140435
606	0.140074
607	0.13931
608	0.138781
609	0.138377
610	0.137909
611	0.13731
612	0.136787
613	0.136636
614	0.137076
615	0.137222
616	0.136768
617	0.135874
618	0.135808
619	0.136407
620	0.136053
621	0.135343
622	0.134779
623	0.134152
624	0.133747
625	0.133258
626	0.132881
627	0.132556
628	0.132028
629	0.131164
630	0.129877
631	0.12901
632	0.128028
633	0.127052
634	0.126105
635	0.125195
636	0.124631
637	0.124078
638	0.123255
639	0.12218
640	0.121022
641	0.120375
642	0.119963
643	0.119575
644	0.119022
645	0.118573
646	0.11821
647	0.118887
648	0.124419
649	0.137568
650	0.148088
651	0.150178
652	0.155815
653	0.163619
654	0.172551
655	0.175057
656	0.174403
657	0.17374
658	0.17281
659	0.171421
660	0.170406
661	0.170136
662	0.170075
663	0.170009
664	0.170034
665	0.170026
666	0.170221
667	0.170177
668	0.169721
669	0.169102
670	0.168637
671	0.168076
672	0.167022
673	0.166243
674	0.165762
675	0.165143
676	0.164552
677	0.164653
678	0.164824
679	0.164686
680	0.163894
681	0.162766
682	0.161996
683	0.161881
684	0.163979
685	0.169638
686	0.178383
687	0.189296
688	0.188608
689	0.188094
690	0.187678
691	0.187304
692	0.187241
693	0.187175
694	0.186988
695	0.187131
696	0.186977
697	0.18624
698	0.185632
699	0.185059
700	0.184207
701	0.183381
702	0.182647
703	0.182179
704	0.181299
705	0.180518
706	0.180113
707	0.17931
708	0.178182
709	0.176969
710	0.175651
711	0.17487
712	0.174356
713	0.174064
714	0.173236
715	0.17215
716	0.170942
717	0.170224
718	0.169701
719	0.169025
720	0.168241
721	0.167556
722	0.166967
723	0.166298
724	0.165569
725	0.164978
726	0.164436
727	0.163292
728	0.162114
729	0.16133
730	0.160673
731	0.160159
732	0.160084
733	0.15965
734	0.159165
735	0.1579
736	0.156761
737	0.156027
738	0.157122
739	0.161699
740	0.17037
741	0.182289
742	0.194795
743	0.197507
744	0.200261
745	0.202065
746	0.203573
747	0.204827
748	0.206112
749	0.207573
750	0.208489
751	0.20823
752	0.207757
753	0.207628
754	0.208241
755	0.208032
756	0.207278
757	0.206511
758	0.206148
759	0.205996
760	0.204626
761	0.202354
762	0.200104
763	0.198973
764	0.198682
765	0.198173
766	0.197546
767	0.196322
768	0.195315
769	0.194008
770	0.192311
771	0.190311
772	0.18896
773	0.187802
774	0.18668
775	0.18539
776	0.184669
777	0.183932
778	0.183073
779	0.1823
780	0.181137
781	0.180295
782	0.179668
783	0.179057
784	0.178207
785	0.176988
786	0.175371
787	0.174348
788	0.173503
789	0.172642
790	0.172221
791	0.171544
792	0.170551
793	0.169875
794	0.169286
795	0.168579
796	0.167451
797	0.165801
798	0.164329
799	0.163242
800	0.162511
801	0.162271
802	0.161845
803	0.161889
804	0.164081
805	0.170037
806	0.179349
807	0.190525
808	0.199166
809	0.201843
810	0.204819
811	0.206764
812	0.207298
813	0.207333
814	0.207311
815	0.207386
816	0.207185
817	0.206692
818	0.205851
819	0.205765
820	0.205554
821	0.204621
822	0.204789
823	0.206527
824	0.209157
825	0.212802
826	0.217093
827	0.220439
828	0.222183
829	0.22281
830	0.222733
831	0.222125
832	0.221275
833	0.220406
834	0.219655
835	0.21826
836	0.215886
837	0.213209
838	0.211119
839	0.209471
840	0.20817
841	0.207218
842	0.205895
843	0.204563
844	0.202822
845	0.200712
846	0.198547
847	0.196753
848	0.195235
849	0.194074
850	0.193535
851	0.193876
852	0.194707
853	0.195216
854	0.194624
855	0.193857
856	0.192971
857	0.191783
858	0.190437
859	0.189068
860	0.187907
861	0.187037
862	0.185788
863	0.184716
864	0.18364
865	0.183054
866	0.182919
867	0.182177
868	0.18024
869	0.178147
870	0.176356
871	0.174928
872	0.173195
873	0.171071
874	0.168862
875	0.167338
876	0.166802
877	0.165919
878	0.164147
879	0.161487
880	0.159471
881	0.158329
882	0.156728
883	0.155047
884	0.153595
885	0.152189
886	0.150921
887	0.149821
888	0.147887
889	0.145892
890	0.144264
891	0.142999
892	0.141018
893	0.138325
894	0.136061
895	0.135436
896	0.135901
897	0.137189
898	0.139178
899	0.141439
900	0.143463
901	0.14502
902	0.146456
903	0.147543
904	0.147994
905	0.148233
906	0.148723
907	0.148712
908	0.148542
909	0.147857
910	0.146737
911	0.145312
912	0.144077
913	0.143004
914	0.143549
915	0.145799
916	0.148104
917	0.150332
918	0.151741
919	0.152233
920	0.15261
921	0.152426
922	0.15132
923	0.149807
924	0.148478
925	0.147183
926	0.14617
927	0.144352
928	0.142602
929	0.141034
930	0.138889
931	0.136999
932	0.135816
933	0.134647
934	0.133038
935	0.132083
936	0.132221
937	0.134922
938	0.141516
939	0.152822
940	0.16656
941	0.168221
942	0.169234
943	0.169545
944	0.169338
945	0.169135
946	0.168705
947	0.167952
948	0.166832
949	0.165314
950	0.163545
951	0.161669
952	0.159845
953	0.158428
954	0.157207
955	0.155262
956	0.153122
957	0.151232
958	0.149829
959	0.148764
960	0.147879
961	0.147144
962	0.146374
963	0.145969
964	0.144932
965	0.144613
966	0.1445
967	0.144404
968	0.144536
969	0.144374
970	0.144388
971	0.144371
972	0.14422
973	0.14381
974	0.142853
975	0.141708
976	0.140781
977	0.13989
978	0.139205
979	0.138746
980	0.1377
981	0.136176
982	0.135186
983	0.134386
984	0.133965
985	0.133112
986	0.132185
987	0.131161
988	0.130245
989	0.128666
990	0.126779
991	0.125352
992	0.124375
993	0.123863
994	0.123258
995	0.122309
996	0.121258
997	0.12056
998	0.11974
999	0.119313
1000	0.118686
1001	0.117578
1002	0.116477
1003	0.115275
1004	0.114571
1005	0.114453
1006	0.11385
1007	0.11308
1008	0.112571
1009	0.112337
1010	0.111856
1011	0.110808
1012	0.109834
1013	0.108486
1014	0.107009
1015	0.105328
1016	0.104153
1017	0.102984
1018	0.102019
1019	0.101386
1020	0.100522
1021	0.0998647
1022	0.100041
1023	0.100706
