0	-0.00044944
1	-0.000394422
2	-0.000493454
3	-0.000441187
4	-0.000270633
5	-4.78113e-05
6	-0.000135839
7	4.84695e-05
8	0.000265789
9	0.000604147
10	0.000650912
11	0.000560133
12	0.000411586
13	0.000164006
14	9.79853e-05
15	-6.54812e-06
16	2.92133e-05
17	-0.000124836
18	-6.98184e-05
19	-0.000141341
20	-0.00010558
21	-0.000100078
22	-0.000179854
23	-0.000108331
24	-0.000160597
25	-0.000179854
26	-0.000190857
27	-3.40569e-05
28	5.9473e-05
29	-1.75516e-05
30	0.000246533
31	0.000133747
32	0.000219024
33	0.00026854
34	0.00023828
35	0.000153003
36	-5.05622e-05
37	-0.000100078
38	3.7466e-05
39	4.02168e-05
40	0.000155754
41	-9.18254e-05
42	-0.00013859
43	-7.53201e-05
44	0.000103487
45	-6.98184e-05
46	-6.54812e-06
47	-6.43166e-05
48	-7.8071e-05
49	-0.000160597
50	-0.000295391
51	-0.000254127
52	-0.000303643
53	-0.000289889
54	-0.000251376
55	-0.000578731
56	-0.000578731
57	-0.00035591
58	-0.000350408
59	-6.98184e-05
60	0.00177327
61	0.00912637
62	0.0333754
63	0.0944504
64	0.215434
65	0.405949
66	0.652733
67	0.924053
68	1.18433
69	1.40596
70	1.57455
71	1.68824
72	1.7541
73	1.78248
74	1.78383
75	1.76787
76	1.74208
77	1.71215
78	1.68174
79	1.65318
80	1.62767
81	1.60589
82	1.58766
83	1.57311
84	1.56112
85	1.55099
86	1.542
87	1.53329
88	1.52472
89	1.51594
90	1.50703
91	1.49758
92	1.48805
93	1.47862
94	1.46924
95	1.45997
96	1.45031
97	1.44063
98	1.4308
99	1.42074
100	1.4103
101	1.39946
102	1.38878
103	1.37783
104	1.36677
105	1.35545
106	1.34437
107	1.33349
108	1.32243
109	1.3113
110	1.30056
111	1.29025
112	1.28037
113	1.27019
114	1.25981
115	1.24945
116	1.23867
117	1.2278
118	1.21675
119	1.2055
120	1.19412
121	1.18267
122	1.17105
123	1.15943
124	1.14816
125	1.13694
126	1.12608
127	1.11536
128	1.10457
129	1.09438
130	1.08431
131	1.07427
132	1.06446
133	1.05463
134	1.045
135	1.03572
136	1.02736
137	1.01986
138	1.0128
139	1.00545
140	0.997559
141	0.98913
142	0.980022
143	0.970306
144	0.960095
145	0.949773
146	0.939449
147	0.92931
148	0.919195
149	0.909556
150	0.90028
151	0.890907
152	0.881513
153	0.872168
154	0.862796
155	0.853539
156	0.844327
157	0.835474
158	0.826897
159	0.818708
160	0.810499
161	0.802296
162	0.794393
163	0.786093
164	0.7775
165	0.768793
166	0.760051
167	0.751633
168	0.74313
169	0.73482
170	0.726647
171	0.718603
172	0.710788
173	0.703396
174	0.696459
175	0.689342
176	0.682217
177	0.674798
178	0.667307
179	0.660111
180	0.653096
181	0.645798
182	0.638302
183	0.63063
184	0.623381
185	0.616328
186	0.609737
187	0.603306
188	0.596852
189	0.590338
190	0.583857
191	0.577626
192	0.571577
193	0.56561
194	0.559798
195	0.553762
196	0.547754
197	0.541689
198	0.535582
199	0.529145
200	0.522705
201	0.516474
202	0.510642
203	0.50481
204	0.49935
205	0.493776
206	0.48855
207	0.483675
208	0.47877
209	0.473797
210	0.468831
211	0.463729
212	0.458805
213	0.453817
214	0.448632
215	0.443592
216	0.438577
217	0.433549
218	0.428702
219	0.424102
220	0.419899
221	0.415599
222	0.411908
223	0.408689
224	0.406221
225	0.404337
226	0.402444
227	0.400568
228	0.39839
229	0.396013
230	0.393075
231	0.389713
232	0.385771
233	0.381961
234	0.378132
235	0.374132
236	0.370083
237	0.365998
238	0.361808
239	0.357842
240	0.353748
241	0.349608
242	0.345617
243	0.341669
244	0.337659
245	0.333788
246	0.330138
247	0.327087
248	0.326006
249	0.32745
250	0.330622
251	0.334787
252	0.338569
253	0.340847
254	0.341623
255	0.34247
256	0.343719
257	0.345826
258	0.348863
259	0.351157
260	0.351627
261	0.349149
262	0.344646
263	0.340434
264	0.337086
265	0.333799
266	0.330426
267	0.326561
268	0.322435
269	0.3186
270	0.315055
271	0.311712
272	0.308915
273	0.30612
274	0.304285
275	0.303184
276	0.302389
277	0.301248
278	0.299556
279	0.297749
280	0.295578
281	0.2931
282	0.2905
283	0.287716
284	0.284935
285	0.282223
286	0.279634
287	0.277139
288	0.275035
289	0.27293
290	0.270507
291	0.268078
292	0.265508
293	0.263165
294	0.261088
295	0.259148
296	0.257195
297	0.255226
298	0.252846
299	0.250398
300	0.247996
301	0.245554
302	0.243235
303	0.240913
304	0.238784
305	0.236665
306	0.234291
307	0.232126
308	0.230173
309	0.228567
310	0.226991
311	0.225497
312	0.223767
313	0.222223
314	0.220578
315	0.218826
316	0.217104
317	0.215486
318	0.214006
319	0.212752
320	0.211577
321	0.210785
322	0.209817
323	0.208799
324	0.207729
325	0.206406
326	0.20475
327	0.203074
328	0.201185
329	0.199286
330	0.197559
331	0.195669
332	0.193675
333	0.191691
334	0.189562
335	0.187458
336	0.185348
337	0.183403
338	0.18159
339	0.179747
340	0.177808
341	0.175909
342	0.174146
343	0.172394
344	0.170749
345	0.169233
346	0.167588
347	0.165803
348	0.164149
349	0.16251
350	0.161044
351	0.15977
352	0.158711
353	0.157542
354	0.156296
355	0.154942
356	0.153814
357	0.152403
358	0.151006
359	0.149705
360	0.148274
361	0.147146
362	0.146178
363	0.144992
364	0.143633
365	0.142541
366	0.141259
367	0.139977
368	0.13885
369	0.137559
370	0.136258
371	0.134905
372	0.133854
373	0.132809
374	0.131565
375	0.130481
376	0.129249
377	0.128339
378	0.127114
379	0.126091
380	0.125227
381	0.124361
382	0.123384
383	0.122716
384	0.121811
385	0.121013
386	0.120053
387	0.118986
388	0.117822
389	0.116741
390	0.115712
391	0.114818
392	0.113748
393	0.112631
394	0.111506
395	0.110378
396	0.109228
397	0.108139
398	0.107088
399	0.106353
400	0.10538
401	0.104601
402	0.103795
403	0.102698
404	0.101666
405	0.100775
406	0.100015
407	0.0991847
408	0.0982136
409	0.0973223
410	0.0963981
411	0.095559
412	0.094665
413	0.094046
414	0.0933638
415	0.092401
416	0.0919939
417	0.0920847
418	0.093196
419	0.0952179
420	0.0971435
421	0.098651
422	0.0997294
423	0.10012
424	0.100318
425	0.0998339
426	0.0989261
427	0.0978038
428	0.0968437
429	0.0957791
430	0.0946898
431	0.0935316
432	0.0925826
433	0.0915483
434	0.0905524
435	0.0899445
436	0.089111
437	0.0882692
438	0.0875705
439	0.0869598
440	0.0860547
441	0.085323
442	0.084374
443	0.0835679
444	0.082839
445	0.0821155
446	0.0813562
447	0.0807455
448	0.0800468
449	0.0794444
450	0.0787787
451	0.0781185
452	0.0774802
453	0.0767073
454	0.0761296
455	0.0756289
456	0.0749797
457	0.074336
458	0.0737803
459	0.0731944
460	0.072746
461	0.0723168
462	0.0717474
463	0.0711862
464	0.070603
465	0.0703087
466	0.0701409
467	0.0709442
468	0.0722976
469	0.0742315
470	0.0763634
471	0.0778241
472	0.0785393
473	0.0786879
474	0.0787044
475	0.0785201
476	0.0779562
477	0.0774252
478	0.0768393
479	0.0760443
480	0.0752328
481	0.0743497
482	0.073585
483	0.0730348
484	0.0723966
485	0.0717034
486	0.0711725
487	0.0706691
488	0.0700969
489	0.0694917
490	0.0689773
491	0.0686169
492	0.0681438
493	0.0678769
494	0.0679705
495	0.0683693
496	0.0691121
497	0.0700419
498	0.0707213
499	0.0712853
500	0.0714778
501	0.0717254
502	0.0716264
503	0.0714393
504	0.07109
505	0.0705838
506	0.0701657
507	0.069654
508	0.0691396
509	0.0685151
510	0.068064
511	0.0674615
512	0.0670187
513	0.0665758
514	0.0665565
515	0.0665483
516	0.0665593
517	0.066397
518	0.0663832
519	0.0668178
520	0.0683446
521	0.0708671
522	0.0743112
523	0.0778076
524	0.0809766
525	0.0832378
526	0.084484
527	0.0851827
528	0.0852405
529	0.0847536
530	0.0842364
531	0.0834277
532	0.0826712
533	0.082044
534	0.0814223
535	0.0811252
536	0.0811912
537	0.0816478
538	0.0822503
539	0.0828197
540	0.0831278
541	0.0833644
542	0.0830893
543	0.0826574
544	0.0818019
545	0.0809711
546	0.0800248
547	0.079172
548	0.0784321
549	0.0776398
550	0.0770759
551	0.0763771
552	0.0757417
553	0.0750347
554	0.0743085
555	0.0739509
556	0.073728
557	0.073486
558	0.0729743
559	0.0722013
560	0.0715686
561	0.0711147
562	0.0706911
563	0.0702454
564	0.0698108
565	0.0691781
566	0.0687352
567	0.0680612
568	0.0674643
569	0.0670572
570	0.0664932
571	0.0658468
572	0.0654644
573	0.065126
574	0.0646914
575	0.0641852
576	0.0635883
577	0.0628896
578	0.0622349
579	0.0615884
580	0.0610245
581	0.060301
582	0.0598223
583	0.0593437
584	0.0590631
585	0.0586065
586	0.0582709
587	0.0579077
588	0.0573906
589	0.0570715
590	0.0566148
591	0.0562352
592	0.0558116
593	0.0551541
594	0.0547057
595	0.05415
596	0.0537264
597	0.0531267
598	0.0527196
599	0.0523014
600	0.0519741
601	0.0516715
602	0.0513689
603	0.0511873
604	0.0511791
605	0.0509838
606	0.0508572
607	0.0507775
608	0.0507637
609	0.0506427
610	0.0503346
611	0.0501668
612	0.050186
613	0.050197
614	0.0501888
615	0.0502108
616	0.0502905
617	0.0503428
618	0.0502355
619	0.0501585
620	0.0503236
621	0.0505409
622	0.0507169
623	0.0507775
624	0.0506702
625	0.0505161
626	0.0503566
627	0.0500402
628	0.0493993
629	0.0490637
630	0.0486208
631	0.0482136
632	0.047889
633	0.0474571
634	0.0471243
635	0.0466456
636	0.0461807
637	0.0457296
638	0.0453445
639	0.0451189
640	0.0446182
641	0.0443514
642	0.0437517
643	0.0433336
644	0.042987
645	0.0425138
646	0.0418784
647	0.0417243
648	0.0417298
649	0.043936
650	0.0505739
651	0.0612776
652	0.074435
653	0.086206
654	0.0925578
655	0.0939415
656	0.0925496
657	0.0902196
658	0.0890037
659	0.0883847
660	0.0879584
661	0.0874109
662	0.0864041
663	0.0854083
664	0.0846958
665	0.0840961
666	0.0834497
667	0.082883
668	0.0824263
669	0.0820852
670	0.0816808
671	0.0814635
672	0.0812682
673	0.0809464
674	0.0806328
675	0.0802091
676	0.0800413
677	0.0797607
678	0.0794939
679	0.0794416
680	0.0793371
681	0.0794251
682	0.0794416
683	0.0793068
684	0.0792738
685	0.079835
686	0.0805007
687	0.0813645
688	0.0820054
689	0.0827784
690	0.0835542
691	0.0843052
692	0.0850094
693	0.0854798
694	0.0858649
695	0.0859722
696	0.0858539
697	0.0855238
698	0.0850589
699	0.0847288
700	0.084385
701	0.0839916
702	0.0835487
703	0.0831581
704	0.0826712
705	0.082275
706	0.0818899
707	0.0816698
708	0.0813975
709	0.0809656
710	0.0806685
711	0.0804787
712	0.0803274
713	0.079857
714	0.0797222
715	0.0793398
716	0.0789575
717	0.0785971
718	0.0781982
719	0.078124
720	0.0778406
721	0.0774968
722	0.0772052
723	0.0769851
724	0.076743
725	0.0767017
726	0.0766715
727	0.0765037
728	0.0764514
729	0.0764212
730	0.0765505
731	0.0766165
732	0.0769053
733	0.0769741
734	0.0769356
735	0.0769466
736	0.0772189
737	0.0785201
738	0.0807318
739	0.0838595
740	0.086814
741	0.0901205
742	0.0934381
743	0.0969702
744	0.100351
745	0.103671
746	0.106568
747	0.109534
748	0.112108
749	0.114614
750	0.117134
751	0.119164
752	0.119618
753	0.119602
754	0.119115
755	0.118226
756	0.117291
757	0.116358
758	0.115503
759	0.114763
760	0.114015
761	0.113247
762	0.112612
763	0.111833
764	0.11103
765	0.110351
766	0.109685
767	0.109044
768	0.108733
769	0.108282
770	0.107616
771	0.107058
772	0.106254
773	0.10549
774	0.10409
775	0.10303
776	0.101933
777	0.100893
778	0.0998009
779	0.0988353
780	0.0978588
781	0.0972178
782	0.0966594
783	0.0960487
784	0.0954958
785	0.0949346
786	0.0943129
787	0.0937325
788	0.0930475
789	0.0922195
790	0.0914217
791	0.0907285
792	0.0900408
793	0.0892595
794	0.0884645
795	0.08762
796	0.0868497
797	0.0863683
798	0.0857989
799	0.0851827
800	0.0847316
801	0.0842832
802	0.083865
803	0.0832296
804	0.0826189
805	0.0819889
806	0.081491
807	0.0815433
808	0.0819092
809	0.0820632
810	0.0822833
811	0.0826904
812	0.0829297
813	0.0830095
814	0.083103
815	0.0830178
816	0.0828445
817	0.0825419
818	0.0821595
819	0.0820907
820	0.0818652
821	0.0816506
822	0.0811499
823	0.0808033
824	0.0804292
825	0.0800331
826	0.0796204
827	0.0793453
828	0.0792051
829	0.0790455
830	0.0786604
831	0.0783523
832	0.0779699
833	0.077582
834	0.0769933
835	0.0762121
836	0.0755849
837	0.0749467
838	0.0745753
839	0.0740609
840	0.0734475
841	0.0729303
842	0.0725204
843	0.0722316
844	0.0716044
845	0.0712413
846	0.0709744
847	0.0711752
848	0.0716401
849	0.0720913
850	0.0724571
851	0.0730073
852	0.0729688
853	0.0728065
854	0.0724461
855	0.0717887
856	0.0707764
857	0.0698603
858	0.0689223
859	0.0680942
860	0.0674313
861	0.0668921
862	0.066507
863	0.0660201
864	0.0655002
865	0.0650408
866	0.0646556
867	0.0643916
868	0.0637038
869	0.0630271
870	0.0624357
871	0.0617975
872	0.061151
873	0.0603945
874	0.05966
875	0.0591924
876	0.0586175
877	0.0579215
878	0.0572448
879	0.0566093
880	0.0560234
881	0.0554264
882	0.054978
883	0.0544169
884	0.0538254
885	0.0529837
886	0.0523372
887	0.0516797
888	0.0512176
889	0.050827
890	0.0505271
891	0.0498972
892	0.0495478
893	0.0491407
894	0.0487556
895	0.0484585
896	0.0489096
897	0.0502465
898	0.0520374
899	0.0542436
900	0.0565323
901	0.0584442
902	0.059671
903	0.0603478
904	0.0606146
905	0.0605458
906	0.0606256
907	0.060312
908	0.0599929
909	0.0595253
910	0.0591484
911	0.0587908
912	0.0583836
913	0.0582048
914	0.057905
915	0.0579215
916	0.0576959
917	0.0576024
918	0.0572668
919	0.0570247
920	0.0566946
921	0.0564195
922	0.0558501
923	0.0553852
924	0.0547772
925	0.0541803
926	0.0536356
927	0.0532092
928	0.0528681
929	0.0526893
930	0.0524115
931	0.0522684
932	0.0518558
933	0.0515642
934	0.0514954
935	0.050948
936	0.0505766
937	0.0505684
938	0.0513716
939	0.0529754
940	0.0554292
941	0.058634
942	0.0616324
943	0.0638606
944	0.0650023
945	0.0654396
946	0.0655524
947	0.0650188
948	0.0642183
949	0.0632224
950	0.0622459
951	0.0614041
952	0.0604908
953	0.0595473
954	0.0586367
955	0.0577839
956	0.0571622
957	0.056491
958	0.0558501
959	0.0550386
960	0.0546012
961	0.0543178
962	0.0541005
963	0.0536136
964	0.0532092
965	0.0528214
966	0.0526068
967	0.0524968
968	0.052439
969	0.052593
970	0.0526618
971	0.0526178
972	0.0529039
973	0.0531652
974	0.0532615
975	0.0532835
976	0.0531707
977	0.0529424
978	0.0527388
979	0.0523867
980	0.0520484
981	0.0514569
982	0.0510498
983	0.0507334
984	0.0503538
985	0.0499137
986	0.0495286
987	0.0491297
988	0.0486263
989	0.0479963
990	0.0473526
991	0.0470445
992	0.0463018
993	0.0456966
994	0.0451904
995	0.0449318
996	0.0444009
997	0.0440213
998	0.0439113
999	0.0436004
1000	0.0432648
1001	0.0430695
1002	0.0427311
1003	0.0424863
1004	0.0421699
1005	0.0418371
1006	0.0415978
1007	0.0411796
1008	0.0409045
1009	0.0406019
1010	0.0400655
1011	0.0396914
1012	0.0390505
1013	0.0388139
1014	0.0385113
1015	0.0381702
1016	0.0376805
1017	0.0373146
1018	0.0370891
1019	0.036748
1020	0.0364206
1021	0.036074
1022	0.0358319
1023	0.0359034
