0	0.000675498
1	0.000548958
2	0.000469182
3	0.000480186
4	0.000339891
5	0.000246361
6	0.000301379
7	0.000414165
8	0.00033714
9	0.000183091
10	-5.62359e-05
11	0.000139077
12	0.000260115
13	0.000218852
14	0.000128073
15	-0.000160769
16	-0.000103001
17	-0.000122257
18	-0.000138762
19	-8.92465e-05
20	-0.000204783
21	-0.000325822
22	-0.000479871
23	-0.000383591
24	-0.000339577
25	-0.000306566
26	-0.000235043
27	-0.000177275
28	-0.000273555
29	-0.00019378
30	-0.000111253
31	-4.79833e-05
32	9.78134e-05
33	0.000139077
34	7.58064e-05
35	5.10484e-05
36	-0.000160769
37	-0.000364334
38	-7.82429e-05
39	-7.54921e-05
40	8.4059e-05
41	1.25361e-05
42	1.80379e-05
43	-0.000155268
44	-0.000199282
45	-0.00016352
46	-4.79833e-05
47	2.62905e-05
48	-0.000155268
49	-9.74991e-05
50	-0.000122257
51	-1.21829e-06
52	6.2052e-05
53	8.68099e-05
54	0.000133575
55	9.23116e-05
56	3.17923e-05
57	-5.07341e-05
58	-0.000369836
59	-0.000422103
60	0.000843302
61	0.00799834
62	0.0322914
63	0.0945961
64	0.216892
65	0.407652
66	0.652909
67	0.919337
68	1.16921
69	1.37482
70	1.52412
71	1.61833
72	1.66705
73	1.6824
74	1.67654
75	1.65847
76	1.63511
77	1.61096
78	1.58839
79	1.56834
80	1.55116
81	1.53676
82	1.52463
83	1.51436
84	1.50532
85	1.49702
86	1.48904
87	1.4812
88	1.47343
89	1.46515
90	1.45615
91	1.4464
92	1.43613
93	1.42553
94	1.41429
95	1.40299
96	1.39209
97	1.38165
98	1.37089
99	1.36021
100	1.34955
101	1.33886
102	1.32817
103	1.31753
104	1.3074
105	1.29749
106	1.28756
107	1.27729
108	1.26709
109	1.25686
110	1.24638
111	1.23607
112	1.22573
113	1.21551
114	1.20529
115	1.1951
116	1.18508
117	1.1751
118	1.16554
119	1.15585
120	1.14612
121	1.13601
122	1.12589
123	1.11547
124	1.10448
125	1.09337
126	1.08249
127	1.07173
128	1.06111
129	1.051
130	1.04082
131	1.03061
132	1.02067
133	1.01077
134	1.00126
135	0.992283
136	0.983758
137	0.976129
138	0.969068
139	0.962625
140	0.956422
141	0.949319
142	0.941757
143	0.93362
144	0.92537
145	0.916565
146	0.907322
147	0.898227
148	0.888973
149	0.879417
150	0.870033
151	0.860579
152	0.850885
153	0.84105
154	0.831287
155	0.821736
156	0.812744
157	0.8039
158	0.795386
159	0.787273
160	0.779199
161	0.771607
162	0.764103
163	0.756656
164	0.749281
165	0.741958
166	0.734346
167	0.72671
168	0.718963
169	0.711126
170	0.703369
171	0.695683
172	0.688321
173	0.68121
174	0.674773
175	0.668094
176	0.661566
177	0.6547
178	0.647925
179	0.641482
180	0.634751
181	0.628336
182	0.62159
183	0.614702
184	0.607919
185	0.601201
186	0.594827
187	0.588585
188	0.582621
189	0.576927
190	0.571164
191	0.565566
192	0.559764
193	0.553542
194	0.547275
195	0.541295
196	0.535271
197	0.529197
198	0.523296
199	0.517668
200	0.512078
201	0.506694
202	0.501432
203	0.496016
204	0.490781
205	0.485749
206	0.480811
207	0.475805
208	0.471051
209	0.46671
210	0.46218
211	0.457454
212	0.452508
213	0.447721
214	0.442932
215	0.437793
216	0.432787
217	0.428176
218	0.423233
219	0.418564
220	0.414188
221	0.410645
222	0.407833
223	0.405443
224	0.403501
225	0.401437
226	0.399116
227	0.396277
228	0.392937
229	0.389196
230	0.385653
231	0.381925
232	0.378055
233	0.374061
234	0.370157
235	0.366207
236	0.362259
237	0.35848
238	0.354906
239	0.35136
240	0.347848
241	0.344214
242	0.340695
243	0.337455
244	0.334217
245	0.331318
246	0.328531
247	0.326523
248	0.32633
249	0.328429
250	0.332033
251	0.336038
252	0.339389
253	0.341416
254	0.342541
255	0.344071
256	0.345564
257	0.348139
258	0.349966
259	0.350659
260	0.350169
261	0.348472
262	0.345966
263	0.342907
264	0.339402
265	0.335848
266	0.332184
267	0.32877
268	0.325175
269	0.321676
270	0.318383
271	0.315052
272	0.311872
273	0.309366
274	0.307311
275	0.305729
276	0.30456
277	0.303143
278	0.301715
279	0.299999
280	0.298208
281	0.295991
282	0.293655
283	0.291179
284	0.288654
285	0.285843
286	0.28348
287	0.281205
288	0.278729
289	0.276264
290	0.273816
291	0.271387
292	0.268845
293	0.26627
294	0.263869
295	0.26153
296	0.259228
297	0.256931
298	0.254722
299	0.252414
300	0.250301
301	0.248263
302	0.2462
303	0.24384
304	0.24165
305	0.239345
306	0.237185
307	0.235119
308	0.233251
309	0.231518
310	0.229725
311	0.227821
312	0.225951
313	0.2243
314	0.222886
315	0.221791
316	0.22032
317	0.218974
318	0.217813
319	0.216611
320	0.215395
321	0.213962
322	0.212548
323	0.211165
324	0.209797
325	0.208284
326	0.206631
327	0.204956
328	0.203289
329	0.201812
330	0.200359
331	0.198725
332	0.197201
333	0.195578
334	0.194274
335	0.192607
336	0.191028
337	0.189402
338	0.187702
339	0.186236
340	0.184679
341	0.18293
342	0.181381
343	0.179612
344	0.177959
345	0.176176
346	0.174484
347	0.173241
348	0.171755
349	0.170366
350	0.168776
351	0.167219
352	0.165726
353	0.164493
354	0.163258
355	0.162034
356	0.160735
357	0.159338
358	0.157985
359	0.156439
360	0.154887
361	0.153396
362	0.151847
363	0.150381
364	0.148901
365	0.147589
366	0.146194
367	0.144998
368	0.143603
369	0.141933
370	0.140497
371	0.139177
372	0.137664
373	0.13633
374	0.134927
375	0.133538
376	0.132379
377	0.131271
378	0.130148
379	0.128913
380	0.127791
381	0.126842
382	0.126248
383	0.125904
384	0.125222
385	0.12455
386	0.123643
387	0.122911
388	0.122237
389	0.121461
390	0.120754
391	0.119885
392	0.118798
393	0.117965
394	0.117073
395	0.115869
396	0.114732
397	0.113706
398	0.112653
399	0.111698
400	0.110455
401	0.109126
402	0.10829
403	0.107421
404	0.106472
405	0.105509
406	0.104653
407	0.103911
408	0.103094
409	0.102221
410	0.101327
411	0.100389
412	0.0995641
413	0.0987884
414	0.0978916
415	0.0972562
416	0.0972562
417	0.0979989
418	0.0995917
419	0.101151
420	0.102461
421	0.103382
422	0.104098
423	0.10401
424	0.103812
425	0.103151
426	0.102571
427	0.101616
428	0.100615
429	0.0996467
430	0.0986206
431	0.0977981
432	0.09675
433	0.0960293
434	0.09516
435	0.0941972
436	0.0933664
437	0.0925632
438	0.0920625
439	0.0912757
440	0.0907696
441	0.0901369
442	0.0898288
443	0.0892538
444	0.0885634
445	0.0879719
446	0.0871494
447	0.0862169
448	0.0853806
449	0.0846406
450	0.0839171
451	0.0832569
452	0.0824482
453	0.0817164
454	0.081037
455	0.0803217
456	0.0798156
457	0.0791719
458	0.078718
459	0.0782696
460	0.0776506
461	0.077117
462	0.0764898
463	0.0758846
464	0.0751198
465	0.0745696
466	0.0737691
467	0.0727926
468	0.0722204
469	0.0723552
470	0.0733785
471	0.0752244
472	0.0772435
473	0.0788555
474	0.0801457
475	0.0808306
476	0.0809682
477	0.0808417
478	0.080363
479	0.079612
480	0.078872
481	0.0777607
482	0.0768639
483	0.0760964
484	0.0753014
485	0.0745504
486	0.0740112
487	0.0733152
488	0.0728668
489	0.0723194
490	0.0722066
491	0.0718408
492	0.0713621
493	0.0710155
494	0.0708587
495	0.0709632
496	0.0713786
497	0.0720471
498	0.0727568
499	0.0732465
500	0.07345
501	0.0735078
502	0.073219
503	0.0727238
504	0.0721104
505	0.071673
506	0.0712273
507	0.0708532
508	0.0701572
509	0.0696951
510	0.0689468
511	0.068636
512	0.0685397
513	0.068515
514	0.0682261
515	0.0681601
516	0.0678713
517	0.0678795
518	0.0680198
519	0.0688836
520	0.0708587
521	0.0735546
522	0.0769657
523	0.0802502
524	0.0828003
525	0.0843078
526	0.0845966
527	0.084338
528	0.08362
529	0.0827783
530	0.0819255
531	0.0810535
532	0.0801182
533	0.0792296
534	0.0785447
535	0.0780963
536	0.0779395
537	0.0780303
538	0.0784841
539	0.0790811
540	0.0794552
541	0.0797303
542	0.0797358
543	0.0794965
544	0.0790811
545	0.0787702
546	0.0784154
547	0.0779752
548	0.0774608
549	0.076553
550	0.0757333
551	0.0748722
552	0.0741295
553	0.073461
554	0.0728724
555	0.07249
556	0.0720443
557	0.0715822
558	0.0710513
559	0.0707982
560	0.0706551
561	0.0702618
562	0.0699482
563	0.0695878
564	0.069321
565	0.0690706
566	0.068581
567	0.0681381
568	0.0675742
569	0.0670102
570	0.0661602
571	0.0654065
572	0.064661
573	0.0641025
574	0.0637587
575	0.0633598
576	0.0628536
577	0.0625923
578	0.0623172
579	0.0620339
580	0.0615745
581	0.0611564
582	0.0604521
583	0.060034
584	0.0596461
585	0.0591812
586	0.0584632
587	0.0581469
588	0.0577095
589	0.0573134
590	0.0570575
591	0.0569585
592	0.0566999
593	0.0562488
594	0.0556271
595	0.0547743
596	0.0542049
597	0.0535144
598	0.0531265
599	0.0528267
600	0.0524443
601	0.0522765
602	0.0524911
603	0.0530385
604	0.0533191
605	0.0534374
606	0.0533328
607	0.0531926
608	0.0528872
609	0.0526699
610	0.0523975
611	0.0522903
612	0.0522738
613	0.0522765
614	0.0521747
615	0.052304
616	0.0524416
617	0.0526176
618	0.0525791
619	0.0524663
620	0.0526121
621	0.0529532
622	0.0531871
623	0.0532283
624	0.053176
625	0.052934
626	0.0526561
627	0.0523865
628	0.0518281
629	0.051421
630	0.0510909
631	0.050593
632	0.0502106
633	0.04982
634	0.0497154
635	0.0491598
636	0.0488021
637	0.0482657
638	0.0479796
639	0.0478724
640	0.0475147
641	0.0473167
642	0.0467885
643	0.0464942
644	0.0461283
645	0.0455561
646	0.0451105
647	0.0447253
648	0.0443485
649	0.0451462
650	0.0486564
651	0.0574619
652	0.0704461
653	0.0847974
654	0.0940761
655	0.0965024
656	0.0982767
657	0.0993083
658	0.0996577
659	0.0991818
660	0.098483
661	0.0977898
662	0.0970223
663	0.0961723
664	0.0955121
665	0.0949702
666	0.0943622
667	0.0938863
668	0.093548
669	0.0931051
670	0.0926869
671	0.0922138
672	0.0918094
673	0.0912427
674	0.0907916
675	0.0903569
676	0.0902056
677	0.0896197
678	0.0893391
679	0.0889788
680	0.0886101
681	0.0884533
682	0.0883378
683	0.0883598
684	0.0884671
685	0.0887312
686	0.089075
687	0.0896995
688	0.09061
689	0.0914353
690	0.0921918
691	0.0927805
692	0.0934104
693	0.0939083
694	0.0943457
695	0.0944117
696	0.094288
697	0.0940266
698	0.0940239
699	0.093592
700	0.0932509
701	0.0929345
702	0.0924971
703	0.0919937
704	0.0917571
705	0.0914325
706	0.0909484
707	0.0906623
708	0.0902717
709	0.0895894
710	0.0890613
711	0.0887504
712	0.0884671
713	0.088192
714	0.0876913
715	0.0872429
716	0.0869624
717	0.0863764
718	0.0859555
719	0.0853668
720	0.0848304
721	0.0843875
722	0.0842335
723	0.0838869
724	0.0832377
725	0.0826985
726	0.0825444
727	0.0823436
728	0.0820383
729	0.0816972
730	0.0813781
731	0.0810562
732	0.0810287
733	0.0810865
734	0.0808527
735	0.0806904
736	0.080308
737	0.0802777
738	0.0805253
739	0.081799
740	0.0840052
741	0.0874465
742	0.0918122
743	0.0968298
744	0.101911
745	0.106169
746	0.109949
747	0.113156
748	0.115423
749	0.116705
750	0.117258
751	0.117291
752	0.11682
753	0.116144
754	0.11545
755	0.114735
756	0.114125
757	0.113231
758	0.112309
759	0.111409
760	0.110466
761	0.109577
762	0.109077
763	0.108716
764	0.108397
765	0.107765
766	0.107192
767	0.106763
768	0.106304
769	0.105949
770	0.105181
771	0.10456
772	0.10401
773	0.103558
774	0.102739
775	0.101985
776	0.101129
777	0.10053
778	0.0997127
779	0.0988049
780	0.0980347
781	0.0975395
782	0.0969068
783	0.0961558
784	0.0957514
785	0.0950747
786	0.0946016
787	0.0937268
788	0.0931353
789	0.0924229
790	0.0918094
791	0.0911987
792	0.0906403
793	0.0899883
794	0.0892016
795	0.0882553
796	0.0873777
797	0.0866598
798	0.0863187
799	0.0858015
800	0.0852321
801	0.0844866
802	0.0838319
803	0.0833229
804	0.0831606
805	0.0826765
806	0.0822611
807	0.0823546
808	0.0825637
809	0.0831826
810	0.0838126
811	0.0840024
812	0.0840079
813	0.0837823
814	0.0833202
815	0.0827645
816	0.0821043
817	0.0815431
818	0.0811608
819	0.0808059
820	0.0805005
821	0.080418
822	0.0800494
823	0.079711
824	0.0792709
825	0.0788968
826	0.0785942
827	0.0787895
828	0.0788775
829	0.078806
830	0.0787015
831	0.078176
832	0.0776726
833	0.077359
834	0.0769959
835	0.076619
836	0.0758708
837	0.0751446
838	0.0743523
839	0.0737829
840	0.0731309
841	0.0724487
842	0.071739
843	0.0711173
844	0.0706799
845	0.0704433
846	0.0704241
847	0.0707019
848	0.0712218
849	0.0716097
850	0.0715904
851	0.0713786
852	0.070955
853	0.0703746
854	0.0695795
855	0.0689523
856	0.0682976
857	0.0675632
858	0.0669415
859	0.0661382
860	0.0655165
861	0.0648948
862	0.0646995
863	0.0642071
864	0.0640503
865	0.0638577
866	0.0636321
867	0.0633323
868	0.0630545
869	0.0627354
870	0.0624658
871	0.0619514
872	0.0614039
873	0.060873
874	0.0602981
875	0.0599322
876	0.0593188
877	0.0587988
878	0.0583587
879	0.0577535
880	0.0571401
881	0.0565019
882	0.0559352
883	0.0552089
884	0.0546615
885	0.0543314
886	0.0538583
887	0.0533824
888	0.0530495
889	0.0526809
890	0.0519244
891	0.0510991
892	0.0506095
893	0.0498172
894	0.0493303
895	0.0495256
896	0.0502959
897	0.0516906
898	0.0533218
899	0.0552365
900	0.0567742
901	0.0578498
902	0.0586393
903	0.0591124
904	0.0591069
905	0.0589446
906	0.0586998
907	0.0584165
908	0.0579956
909	0.0576187
910	0.0573189
911	0.0568815
912	0.0565541
913	0.0559187
914	0.0558829
915	0.0558774
916	0.0558747
917	0.0557756
918	0.0555005
919	0.0552145
920	0.0550742
921	0.0549944
922	0.0549586
923	0.0545817
924	0.0540838
925	0.0535337
926	0.0534264
927	0.0530275
928	0.0527882
929	0.0524663
930	0.052128
931	0.0517511
932	0.0514733
933	0.0509588
934	0.050747
935	0.0502134
936	0.050018
937	0.0502189
938	0.0512669
939	0.0530853
940	0.0557674
941	0.058466
942	0.060994
943	0.0626253
944	0.0633626
945	0.0633516
946	0.0629692
947	0.0623557
948	0.0616185
949	0.060917
950	0.0603476
951	0.0598469
952	0.0591922
953	0.0584825
954	0.0579846
955	0.0576077
956	0.0575087
957	0.0572886
958	0.0569145
959	0.0563726
960	0.0557151
961	0.055297
962	0.0548706
963	0.0543204
964	0.0540123
965	0.0534621
966	0.0530853
967	0.0526479
968	0.0525516
969	0.0524608
970	0.0525929
971	0.0528129
972	0.0531155
973	0.0530963
974	0.0531183
975	0.0529972
976	0.05289
977	0.0527689
978	0.0525433
979	0.0522187
980	0.0517511
981	0.051542
982	0.051311
983	0.0510359
984	0.05067
985	0.0503151
986	0.0498502
987	0.0492478
988	0.0487224
989	0.0483455
990	0.0480319
991	0.0475725
992	0.0469618
993	0.0462191
994	0.0459275
995	0.0455644
996	0.045127
997	0.0447474
998	0.044464
999	0.0441642
1000	0.043768
1001	0.0434352
1002	0.0432096
1003	0.042962
1004	0.0427447
1005	0.0425026
1006	0.0422853
1007	0.0420707
1008	0.0417159
1009	0.0413775
1010	0.0410969
1011	0.0406403
1012	0.0400213
1013	0.0395097
1014	0.0391108
1015	0.0387642
1016	0.0383433
1017	0.038071
1018	0.0378454
1019	0.0375208
1020	0.0371412
1021	0.0369266
1022	0.036503
1023	0.0364122
