0	-0.00208406
1	-0.00265075
2	-0.00254071
3	-0.00213908
4	-0.00135233
5	-0.000980961
6	-0.00193002
7	-0.00290108
8	-0.00233439
9	-0.00136333
10	-0.000505059
11	-0.000408778
12	-0.000604091
13	-0.00114877
14	-0.00163567
15	-0.00151463
16	-0.00127255
17	-0.00133583
18	-0.0006316
19	-0.000199711
20	8.91309e-05
21	-0.000774645
22	-0.00156415
23	-0.00160816
24	-0.000738884
25	-0.000395024
26	-0.000947951
27	-0.00156415
28	-0.0006316
29	0.00049351
30	0.00105469
31	0.0009309
32	0.000432991
33	0.00086763
34	0.0015636
35	0.00247139
36	0.00297756
37	0.0026392
38	0.00220181
39	0.00236961
40	0.00206976
41	0.00192397
42	0.0018772
43	0.0015691
44	0.00160487
45	0.00194322
46	0.00255392
47	0.0024989
48	0.00204776
49	0.00157736
50	0.00162687
51	0.00193497
52	0.00195148
53	0.00156085
54	0.00181943
55	0.00174241
56	0.00117573
57	0.000521019
58	0.000941904
59	0.00233935
60	0.00708462
61	0.0238237
62	0.0704291
63	0.179474
64	0.3865
65	0.691592
66	1.08667
67	1.52426
68	1.94965
69	2.32025
70	2.61254
71	2.82053
72	2.95123
73	3.0178
74	3.03575
75	3.01966
76	2.98121
77	2.93045
78	2.87432
79	2.81774
80	2.76439
81	2.71587
82	2.67299
83	2.6363
84	2.6053
85	2.57953
86	2.55756
87	2.53821
88	2.52055
89	2.50374
90	2.49
91	2.48013
92	2.46864
93	2.4512
94	2.42951
95	2.4077
96	2.38696
97	2.36727
98	2.34729
99	2.32679
100	2.30568
101	2.28504
102	2.26434
103	2.24463
104	2.22582
105	2.20733
106	2.18806
107	2.16827
108	2.14867
109	2.12975
110	2.11127
111	2.09302
112	2.07505
113	2.05741
114	2.04049
115	2.02442
116	2.00807
117	1.99077
118	1.9732
119	1.95587
120	1.93852
121	1.92042
122	1.90192
123	1.88342
124	1.86508
125	1.84702
126	1.82953
127	1.81211
128	1.79503
129	1.77815
130	1.76146
131	1.74548
132	1.72921
133	1.71338
134	1.69767
135	1.68233
136	1.6684
137	1.6593
138	1.65762
139	1.64662
140	1.63062
141	1.6148
142	1.59949
143	1.585
144	1.57112
145	1.55726
146	1.54343
147	1.52963
148	1.51543
149	1.501
150	1.48627
151	1.47118
152	1.4563
153	1.44124
154	1.42623
155	1.41118
156	1.3962
157	1.38161
158	1.36803
159	1.35488
160	1.3417
161	1.32848
162	1.31549
163	1.3023
164	1.28927
165	1.27669
166	1.26447
167	1.25212
168	1.23949
169	1.2275
170	1.21583
171	1.20451
172	1.19367
173	1.18319
174	1.17349
175	1.16415
176	1.15452
177	1.14471
178	1.1345
179	1.12442
180	1.11395
181	1.10275
182	1.09136
183	1.08023
184	1.0691
185	1.05832
186	1.04806
187	1.03835
188	1.02826
189	1.01755
190	1.00715
191	0.997402
192	0.987493
193	0.977581
194	0.96836
195	0.959602
196	0.950947
197	0.942087
198	0.933642
199	0.925628
200	0.918228
201	0.910875
202	0.903663
203	0.896524
204	0.888742
205	0.88091
206	0.872591
207	0.863758
208	0.854939
209	0.846254
210	0.837578
211	0.829554
212	0.822066
213	0.81493
214	0.807195
215	0.799319
216	0.791473
217	0.784016
218	0.776814
219	0.769832
220	0.762699
221	0.755794
222	0.749748
223	0.743911
224	0.737839
225	0.732167
226	0.726742
227	0.72137
228	0.715698
229	0.710135
230	0.704171
231	0.697407
232	0.690626
233	0.683699
234	0.676918
235	0.670558
236	0.664416
237	0.658521
238	0.652928
239	0.647352
240	0.641583
241	0.635276
242	0.628729
243	0.622908
244	0.617502
245	0.612072
246	0.606521
247	0.601938
248	0.59914
249	0.600546
250	0.609255
251	0.611915
252	0.607173
253	0.602405
254	0.597564
255	0.592596
256	0.588629
257	0.586624
258	0.586054
259	0.586288
260	0.586536
261	0.586304
262	0.585237
263	0.582998
264	0.579265
265	0.576209
266	0.572853
267	0.568886
268	0.565557
269	0.564086
270	0.566702
271	0.573653
272	0.573656
273	0.568916
274	0.564515
275	0.560226
276	0.555401
277	0.550835
278	0.54621
279	0.541905
280	0.537628
281	0.533312
282	0.52946
283	0.525821
284	0.522561
285	0.519739
286	0.516281
287	0.512468
288	0.509101
289	0.506529
290	0.504028
291	0.5013
292	0.498384
293	0.494843
294	0.491608
295	0.488689
296	0.485493
297	0.48228
298	0.478993
299	0.475832
300	0.472704
301	0.469799
302	0.466781
303	0.463632
304	0.460083
305	0.456977
306	0.454237
307	0.45177
308	0.449366
309	0.447033
310	0.445396
311	0.444304
312	0.443322
313	0.443173
314	0.443165
315	0.442992
316	0.443143
317	0.443561
318	0.442879
319	0.441886
320	0.440865
321	0.439471
322	0.438101
323	0.437003
324	0.43505
325	0.433163
326	0.431004
327	0.428063
328	0.425895
329	0.423904
330	0.42115
331	0.418182
332	0.415329
333	0.412542
334	0.410642
335	0.408966
336	0.40745
337	0.405137
338	0.40226
339	0.399338
340	0.396876
341	0.395182
342	0.39292
343	0.391008
344	0.389542
345	0.387718
346	0.385633
347	0.383499
348	0.380792
349	0.377956
350	0.374998
351	0.37154
352	0.367937
353	0.364969
354	0.361959
355	0.358485
356	0.355899
357	0.3535
358	0.350628
359	0.348623
360	0.346909
361	0.34538
362	0.343171
363	0.340522
364	0.337636
365	0.334409
366	0.331009
367	0.327562
368	0.324704
369	0.322501
370	0.321472
371	0.320074
372	0.317849
373	0.315434
374	0.313563
375	0.31227
376	0.310823
377	0.309134
378	0.308017
379	0.307706
380	0.306911
381	0.30536
382	0.303685
383	0.301701
384	0.299236
385	0.296436
386	0.294703
387	0.292565
388	0.290797
389	0.289218
390	0.287474
391	0.285606
392	0.283856
393	0.282156
394	0.280371
395	0.278891
396	0.277931
397	0.276685
398	0.27354
399	0.270803
400	0.26814
401	0.266135
402	0.264361
403	0.262391
404	0.260331
405	0.2578
406	0.254931
407	0.252953
408	0.251566
409	0.250062
410	0.248466
411	0.247616
412	0.248862
413	0.256631
414	0.272341
415	0.270187
416	0.267953
417	0.265434
418	0.26345
419	0.262064
420	0.260699
421	0.258383
422	0.257085
423	0.255679
424	0.254303
425	0.252097
426	0.25032
427	0.249074
428	0.247005
429	0.244989
430	0.243336
431	0.242334
432	0.24135
433	0.239806
434	0.238304
435	0.23735
436	0.236816
437	0.235917
438	0.234709
439	0.234197
440	0.232616
441	0.230255
442	0.228126
443	0.226982
444	0.225925
445	0.224638
446	0.223615
447	0.222228
448	0.220842
449	0.220154
450	0.218413
451	0.216429
452	0.215279
453	0.214185
454	0.21263
455	0.211164
456	0.209979
457	0.208576
458	0.207902
459	0.207195
460	0.20591
461	0.204119
462	0.20251
463	0.200953
464	0.200232
465	0.199605
466	0.198274
467	0.196928
468	0.195781
469	0.194095
470	0.19209
471	0.191193
472	0.191006
473	0.19103
474	0.191572
475	0.192301
476	0.192222
477	0.192073
478	0.191572
479	0.190062
480	0.188354
481	0.187408
482	0.186029
483	0.184929
484	0.183818
485	0.182261
486	0.18058
487	0.178951
488	0.177392
489	0.176214
490	0.175216
491	0.173981
492	0.172866
493	0.173095
494	0.175686
495	0.180893
496	0.18752
497	0.193256
498	0.197635
499	0.196502
500	0.195
501	0.193875
502	0.193638
503	0.193223
504	0.192084
505	0.190871
506	0.190755
507	0.190769
508	0.189919
509	0.187771
510	0.18516
511	0.183589
512	0.183397
513	0.183339
514	0.184093
515	0.184406
516	0.184063
517	0.183504
518	0.183672
519	0.186398
520	0.191925
521	0.200518
522	0.210999
523	0.211472
524	0.209574
525	0.207753
526	0.206276
527	0.205049
528	0.204705
529	0.205065
530	0.205294
531	0.205387
532	0.204917
533	0.203148
534	0.201322
535	0.200692
536	0.201082
537	0.202268
538	0.203016
539	0.203013
540	0.202447
541	0.201665
542	0.200694
543	0.199737
544	0.199181
545	0.198375
546	0.19736
547	0.196769
548	0.196452
549	0.195451
550	0.19374
551	0.191713
552	0.190213
553	0.188901
554	0.1876
555	0.187421
556	0.187039
557	0.186299
558	0.185053
559	0.183774
560	0.182539
561	0.181136
562	0.180836
563	0.181045
564	0.180129
565	0.178751
566	0.177601
567	0.177232
568	0.177268
569	0.177084
570	0.175714
571	0.174093
572	0.173604
573	0.173785
574	0.172583
575	0.170933
576	0.169882
577	0.168702
578	0.167167
579	0.166339
580	0.166677
581	0.166897
582	0.16592
583	0.164754
584	0.163629
585	0.16337
586	0.163062
587	0.163271
588	0.164193
589	0.165024
590	0.16539
591	0.165632
592	0.165235
593	0.163472
594	0.162256
595	0.161481
596	0.160036
597	0.158963
598	0.157866
599	0.15599
600	0.154325
601	0.153332
602	0.15314
603	0.153027
604	0.152799
605	0.152359
606	0.151404
607	0.150488
608	0.149209
609	0.148477
610	0.147591
611	0.146739
612	0.14637
613	0.146631
614	0.146461
615	0.145644
616	0.145171
617	0.144576
618	0.144144
619	0.143891
620	0.144791
621	0.145916
622	0.146604
623	0.146838
624	0.146131
625	0.145776
626	0.145036
627	0.144618
628	0.144524
629	0.144296
630	0.143118
631	0.142007
632	0.141517
633	0.140942
634	0.140211
635	0.139828
636	0.138989
637	0.137837
638	0.136811
639	0.135708
640	0.134668
641	0.13423
642	0.134362
643	0.13379
644	0.132038
645	0.130211
646	0.131092
647	0.138767
648	0.155363
649	0.157877
650	0.156518
651	0.156383
652	0.159904
653	0.167502
654	0.177254
655	0.180189
656	0.178808
657	0.178354
658	0.177956
659	0.177898
660	0.177254
661	0.176443
662	0.175802
663	0.176184
664	0.177147
665	0.177826
666	0.177741
667	0.177744
668	0.178255
669	0.178885
670	0.178033
671	0.176531
672	0.176294
673	0.176833
674	0.177524
675	0.177312
676	0.176443
677	0.176002
678	0.175623
679	0.174756
680	0.173956
681	0.173937
682	0.17809
683	0.186783
684	0.19823
685	0.201333
686	0.200029
687	0.198837
688	0.198516
689	0.199115
690	0.198848
691	0.198007
692	0.198169
693	0.198444
694	0.19807
695	0.197605
696	0.196799
697	0.195657
698	0.195561
699	0.195971
700	0.19544
701	0.193055
702	0.190571
703	0.189275
704	0.188689
705	0.18861
706	0.188214
707	0.187022
708	0.18552
709	0.184519
710	0.183892
711	0.183353
712	0.182461
713	0.181215
714	0.180247
715	0.180126
716	0.179727
717	0.178423
718	0.177601
719	0.176426
720	0.17507
721	0.173576
722	0.172349
723	0.171948
724	0.171849
725	0.171202
726	0.169733
727	0.167967
728	0.166561
729	0.165816
730	0.165929
731	0.165975
732	0.165202
733	0.163962
734	0.163269
735	0.162892
736	0.162826
737	0.163789
738	0.165461
739	0.167524
740	0.170823
741	0.176649
742	0.186516
743	0.199979
744	0.206336
745	0.207508
746	0.208419
747	0.210245
748	0.212124
749	0.212724
750	0.212292
751	0.211225
752	0.210529
753	0.209604
754	0.209024
755	0.208823
756	0.208284
757	0.207483
758	0.206559
759	0.205915
760	0.205511
761	0.205181
762	0.204405
763	0.203558
764	0.202238
765	0.200898
766	0.199371
767	0.197891
768	0.196455
769	0.195187
770	0.19404
771	0.19245
772	0.19064
773	0.189253
774	0.188326
775	0.188101
776	0.187809
777	0.187501
778	0.186596
779	0.185245
780	0.184332
781	0.183793
782	0.183633
783	0.183196
784	0.182406
785	0.18165
786	0.18138
787	0.180786
788	0.179422
789	0.177887
790	0.17685
791	0.176195
792	0.176121
793	0.175617
794	0.173981
795	0.17236
796	0.171926
797	0.171601
798	0.171136
799	0.170597
800	0.170668
801	0.170226
802	0.169447
803	0.16995
804	0.172561
805	0.178269
806	0.187262
807	0.197451
808	0.198337
809	0.198304
810	0.199932
811	0.202774
812	0.205131
813	0.207572
814	0.210078
815	0.211197
816	0.210743
817	0.210317
818	0.209918
819	0.209835
820	0.2101
821	0.211131
822	0.212782
823	0.215145
824	0.218036
825	0.221252
826	0.223747
827	0.225177
828	0.226393
829	0.226731
830	0.226671
831	0.227232
832	0.228145
833	0.227614
834	0.226338
835	0.22515
836	0.224184
837	0.222627
838	0.221579
839	0.220421
840	0.218564
841	0.217084
842	0.215414
843	0.213101
844	0.210906
845	0.209357
846	0.2072
847	0.205723
848	0.205142
849	0.20501
850	0.205387
851	0.205577
852	0.205519
853	0.205418
854	0.204818
855	0.203555
856	0.202097
857	0.20111
858	0.200136
859	0.198692
860	0.198172
861	0.197789
862	0.196832
863	0.195685
864	0.193941
865	0.192667
866	0.191861
867	0.191036
868	0.189526
869	0.188656
870	0.188156
871	0.187267
872	0.18593
873	0.185127
874	0.184203
875	0.182808
876	0.180819
877	0.179694
878	0.178566
879	0.177004
880	0.175389
881	0.174074
882	0.172611
883	0.171177
884	0.169824
885	0.16852
886	0.167563
887	0.166473
888	0.164988
889	0.16285
890	0.160545
891	0.159525
892	0.158735
893	0.157349
894	0.156248
895	0.155638
896	0.155816
897	0.156774
898	0.158345
899	0.161068
900	0.163623
901	0.165772
902	0.167134
903	0.168834
904	0.170193
905	0.17126
906	0.171208
907	0.169708
908	0.167849
909	0.166515
910	0.165211
911	0.163808
912	0.163445
913	0.164427
914	0.165882
915	0.167398
916	0.169472
917	0.171711
918	0.172998
919	0.172283
920	0.170465
921	0.168633
922	0.16709
923	0.166113
924	0.165068
925	0.163513
926	0.161214
927	0.159093
928	0.157602
929	0.155891
930	0.154953
931	0.153751
932	0.151448
933	0.150045
934	0.151151
935	0.156413
936	0.165942
937	0.174671
938	0.174333
939	0.174473
940	0.174762
941	0.175375
942	0.176522
943	0.177012
944	0.176789
945	0.176621
946	0.176068
947	0.174693
948	0.173397
949	0.172093
950	0.170407
951	0.168327
952	0.166627
953	0.165252
954	0.163577
955	0.162622
956	0.162135
957	0.160487
958	0.158207
959	0.156733
960	0.155423
961	0.153971
962	0.152942
963	0.152001
964	0.151833
965	0.151233
966	0.150612
967	0.150859
968	0.151379
969	0.152161
970	0.152323
971	0.151935
972	0.151987
973	0.15177
974	0.151165
975	0.149858
976	0.148992
977	0.148147
978	0.147501
979	0.146956
980	0.145933
981	0.145193
982	0.144741
983	0.143066
984	0.141556
985	0.139996
986	0.138007
987	0.136932
988	0.136885
989	0.137006
990	0.136181
991	0.134632
992	0.132888
993	0.131834
994	0.131048
995	0.13009
996	0.129705
997	0.128935
998	0.127832
999	0.126189
1000	0.125084
1001	0.124583
1002	0.124349
1003	0.124382
1004	0.124264
1005	0.122886
1006	0.121769
1007	0.121571
1008	0.121241
1009	0.120061
1010	0.118949
1011	0.11816
1012	0.117389
1013	0.116542
1014	0.115519
1015	0.114245
1016	0.113071
1017	0.111976
1018	0.111249
1019	0.110397
1020	0.10999
1021	0.109382
1022	0.109335
1023	0.109676
