0	-0.00016276
1	-0.000358073
2	-0.00113932
3	-0.00126953
4	-0.00126953
5	-0.00120443
6	-0.000683594
7	-0.000683594
8	-0.000488281
9	-9.76563e-05
10	-0.00016276
11	9.76563e-05
12	-3.25521e-05
13	3.25521e-05
14	-0.00016276
15	-3.25521e-05
16	-0.000292969
17	-9.76563e-05
18	-0.000423177
19	-0.000553385
20	3.25521e-05
21	0.000358073
22	0.00094401
23	0.00146484
24	0.00172526
25	0.00192057
26	0.00146484
27	0.00133464
28	0.00113932
29	0.000488281
30	9.76563e-05
31	0.000227865
32	0.00139974
33	0.000878906
34	0.000292969
35	0.000423177
36	0.00016276
37	-0.000227865
38	-3.25521e-05
39	-0.000878906
40	-0.00152995
41	-0.00113932
42	-0.000748698
43	-0.00100911
44	-0.000488281
45	-0.00016276
46	0.000292969
47	3.25521e-05
48	-0.000292969
49	0.000813802
50	0.000488281
51	0.000748698
52	0.000423177
53	0.000553385
54	0.000683594
55	0.000227865
56	9.76563e-05
57	0.000488281
58	0.000813802
59	0.000813802
60	0.000423177
61	-0.00016276
62	0.000292969
63	0.000358073
64	0.00061849
65	-9.76563e-05
66	0.00257161
67	0.0238607
68	0.122819
69	0.345345
70	0.647884
71	0.944108
72	1.18551
73	1.37139
74	1.51566
75	1.62464
76	1.69456
77	1.7264
78	1.72334
79	1.69476
80	1.64743
81	1.58415
82	1.51175
83	1.43356
84	1.35374
85	1.27601
86	1.2012
87	1.13141
88	1.06859
89	1.02074
90	0.988249
91	0.964421
92	0.944824
93	0.923405
94	0.900033
95	0.874121
96	0.847233
97	0.818783
98	0.788444
99	0.757064
100	0.725879
101	0.694889
102	0.665202
103	0.636751
104	0.610124
105	0.58571
106	0.563314
107	0.544043
108	0.525423
109	0.50778
110	0.492285
111	0.480306
112	0.468913
113	0.458952
114	0.44821
115	0.4361
116	0.424902
117	0.414421
118	0.403874
119	0.392415
120	0.37998
121	0.367806
122	0.356217
123	0.34502
124	0.333822
125	0.32321
126	0.312272
127	0.302311
128	0.293587
129	0.284603
130	0.276595
131	0.269108
132	0.261361
133	0.254395
134	0.247168
135	0.240267
136	0.233366
137	0.227181
138	0.221517
139	0.215853
140	0.209993
141	0.205306
142	0.199967
143	0.193522
144	0.188314
145	0.184017
146	0.178678
147	0.173861
148	0.169043
149	0.164811
150	0.160189
151	0.155046
152	0.151009
153	0.146452
154	0.141634
155	0.137272
156	0.133496
157	0.129915
158	0.1264
159	0.123145
160	0.119629
161	0.116504
162	0.113249
163	0.11084
164	0.107585
165	0.104785
166	0.103027
167	0.0995117
168	0.0971029
169	0.0948893
170	0.0931315
171	0.090332
172	0.0870768
173	0.0847331
174	0.0819336
175	0.0793945
176	0.0763997
177	0.0746419
178	0.0726237
179	0.0708008
180	0.0679362
181	0.0661133
182	0.0640951
183	0.0617513
184	0.0604492
185	0.0591471
186	0.0571289
187	0.0555013
188	0.0536133
189	0.0519206
190	0.0508789
191	0.0504883
192	0.0495117
193	0.0483398
194	0.0466471
195	0.0457357
196	0.0446289
197	0.0439128
198	0.0422201
199	0.0407878
200	0.0400716
201	0.0390299
202	0.0383789
203	0.0368815
204	0.035319
205	0.0344076
206	0.0332357
207	0.0314128
208	0.0297201
209	0.0283529
210	0.027832
211	0.0270508
212	0.0263997
213	0.0250326
214	0.0232096
215	0.0227539
216	0.0226237
217	0.0210612
218	0.0201497
219	0.0195638
220	0.0187826
221	0.0176107
222	0.0160482
223	0.0158529
224	0.014681
225	0.0135091
226	0.0135742
227	0.0135091
228	0.013444
229	0.0127279
230	0.0126628
231	0.0127279
232	0.0123372
233	0.0124674
234	0.0131185
235	0.0137044
236	0.0129883
237	0.0129883
238	0.0131185
239	0.0127279
240	0.0124674
241	0.0124023
242	0.0121419
243	0.0116211
244	0.0101888
245	0.00966797
246	0.0085612
247	0.00830078
248	0.00869141
249	0.00843099
250	0.00758464
251	0.00673828
252	0.00615234
253	0.00563151
254	0.00485026
255	0.00517578
256	0.00432943
257	0.00406901
258	0.00354818
259	0.00315755
260	0.00302734
261	0.00244141
262	0.00218099
263	0.00185547
264	0.00205078
265	0.000813802
266	0.000553385
267	0.00100911
268	0.000553385
269	0.000488281
270	0.00061849
271	0.00126953
272	0.00250651
273	0.00374349
274	0.00367839
275	0.00367839
276	0.0038737
277	0.00413411
278	0.00426432
279	0.00406901
280	0.00361328
281	0.00328776
282	0.00302734
283	0.00276693
284	0.00179036
285	0.00094401
286	0.00126953
287	0.000683594
288	-0.000683594
289	-0.00120443
290	-0.00166016
291	-0.00289714
292	-0.00257161
293	-0.00341797
294	-0.00367839
295	-0.00445964
296	-0.00458984
297	-0.00426432
298	-0.0039388
299	-0.00283203
300	-0.00361328
301	-0.00257161
302	-0.00211589
303	-0.0023112
304	-0.00218099
305	-0.00205078
306	-0.00172526
307	-0.00224609
308	-0.00224609
309	-0.0023763
310	-0.00257161
311	-0.00289714
312	-0.00354818
313	-0.00504557
314	-0.00465495
315	-0.00511068
316	-0.00582682
317	-0.00667318
318	-0.00732422
319	-0.00680339
320	-0.00738932
321	-0.00745443
322	-0.00693359
323	-0.00634766
324	-0.00654297
325	-0.00732422
326	-0.00732422
327	-0.00686849
328	-0.00745443
329	-0.00823568
330	-0.00849609
331	-0.00777995
332	-0.00836589
333	-0.00895182
334	-0.00979818
335	-0.0104492
336	-0.0106445
337	-0.0116862
338	-0.0111654
339	-0.0109049
340	-0.010319
341	-0.0105794
342	-0.0111003
343	-0.0102539
344	-0.00966797
345	-0.010319
346	-0.0110352
347	-0.0109701
348	-0.0111654
349	-0.0114909
350	-0.0119466
351	-0.0107747
352	-0.0104492
353	-0.0105794
354	-0.0111003
355	-0.0110352
356	-0.0107747
357	-0.0108398
358	-0.0121419
359	-0.0117513
360	-0.0105143
361	-0.0100586
362	-0.0109701
363	-0.0114258
364	-0.0105143
365	-0.010319
366	-0.0113607
367	-0.0114909
368	-0.0122721
369	-0.0109049
370	-0.011556
371	-0.0126628
372	-0.0128581
373	-0.0120117
374	-0.0112956
375	-0.0121419
376	-0.0125977
377	-0.0114258
378	-0.011556
379	-0.0118815
380	-0.0125977
381	-0.0114909
382	-0.0111003
383	-0.0126628
384	-0.0133789
385	-0.0128581
386	-0.0126628
387	-0.0130534
388	-0.0135742
389	-0.013444
390	-0.0130534
391	-0.0127279
392	-0.0135742
393	-0.0140299
394	-0.0131836
395	-0.0126628
396	-0.0139648
397	-0.0136393
398	-0.0133138
399	-0.0132487
400	-0.014681
401	-0.015332
402	-0.0145508
403	-0.0142904
404	-0.0152018
405	-0.015918
406	-0.0155273
407	-0.015332
408	-0.0158529
409	-0.0166341
410	-0.0173503
411	-0.0163086
412	-0.0167643
413	-0.0174805
414	-0.0174154
415	-0.0169596
416	-0.0165039
417	-0.0175456
418	-0.0179362
419	-0.0180013
420	-0.0175456
421	-0.0179362
422	-0.0181315
423	-0.0180013
424	-0.0170247
425	-0.0174805
426	-0.0181315
427	-0.0182617
428	-0.0175456
429	-0.0174805
430	-0.0182617
431	-0.0187174
432	-0.017806
433	-0.0173503
434	-0.017806
435	-0.0174154
436	-0.0169596
437	-0.0168294
438	-0.0168294
439	-0.0163737
440	-0.0162435
441	-0.0152669
442	-0.015332
443	-0.0156576
444	-0.015332
445	-0.0153971
446	-0.0157227
447	-0.0163737
448	-0.0156576
449	-0.015918
450	-0.015918
451	-0.015918
452	-0.0158529
453	-0.0160482
454	-0.0152669
455	-0.0157227
456	-0.0157878
457	-0.0153971
458	-0.0148763
459	-0.0147461
460	-0.0148112
461	-0.0147461
462	-0.0144857
463	-0.0149414
464	-0.0144206
465	-0.0140951
466	-0.0140299
467	-0.0143555
468	-0.014681
469	-0.0154622
470	-0.0161133
471	-0.0157878
472	-0.0155924
473	-0.0157878
474	-0.0163737
475	-0.0166341
476	-0.0161784
477	-0.0171549
478	-0.0174805
479	-0.0171549
480	-0.0176107
481	-0.0177409
482	-0.0169596
483	-0.0166341
484	-0.0168294
485	-0.0173503
486	-0.0176107
487	-0.0166992
488	-0.0170247
489	-0.0174154
490	-0.0176758
491	-0.018457
492	-0.018457
493	-0.0183919
494	-0.0185221
495	-0.0187826
496	-0.0183919
497	-0.0172201
498	-0.0175456
499	-0.0176107
500	-0.0172201
501	-0.0161784
502	-0.0157227
503	-0.0157227
504	-0.0156576
505	-0.0157878
506	-0.0154622
507	-0.0157878
508	-0.0159831
509	-0.0150065
510	-0.0156576
511	-0.0160482
512	-0.0152669
513	-0.0157227
514	-0.015918
515	-0.0168294
516	-0.0157878
517	-0.0156576
518	-0.0157878
519	-0.0161784
520	-0.0164388
521	-0.0162435
522	-0.0161133
523	-0.0161133
524	-0.0171549
525	-0.0168294
526	-0.0163086
527	-0.0160482
528	-0.0167643
529	-0.0174805
530	-0.0169596
531	-0.0177409
532	-0.0181966
533	-0.0179362
534	-0.0176758
535	-0.0173503
536	-0.0174154
537	-0.0168945
538	-0.0161133
539	-0.0162435
540	-0.0157227
541	-0.0157878
542	-0.0150716
543	-0.0143555
544	-0.0148112
545	-0.0153971
546	-0.015332
547	-0.0155273
548	-0.0160482
549	-0.0161784
550	-0.0155924
551	-0.0156576
552	-0.0157227
553	-0.015918
554	-0.0170247
555	-0.0168945
556	-0.016569
557	-0.0167643
558	-0.0163737
559	-0.015918
560	-0.0157227
561	-0.0156576
562	-0.0163737
563	-0.0157227
564	-0.0158529
565	-0.0153971
566	-0.0159831
567	-0.0161133
568	-0.0167643
569	-0.0168294
570	-0.0171549
571	-0.0171549
572	-0.0166992
573	-0.0163737
574	-0.0172852
575	-0.0186523
576	-0.0182617
577	-0.0174805
578	-0.0173503
579	-0.0183919
580	-0.0189128
581	-0.0181966
582	-0.0181315
583	-0.0183268
584	-0.0185872
585	-0.0185221
586	-0.0173503
587	-0.0174154
588	-0.0183919
589	-0.0187174
590	-0.017806
591	-0.0177409
592	-0.017806
593	-0.0179362
594	-0.0189128
595	-0.0191732
596	-0.0204102
597	-0.0202148
598	-0.0193685
599	-0.0180664
600	-0.0183268
601	-0.0189779
602	-0.0189779
603	-0.0180664
604	-0.0187826
605	-0.0192383
606	-0.0191732
607	-0.0179362
608	-0.0177409
609	-0.0175456
610	-0.0172852
611	-0.0172201
612	-0.0178711
613	-0.0176758
614	-0.0195638
615	-0.0181966
616	-0.0179362
617	-0.0179362
618	-0.0189779
619	-0.0179362
620	-0.0171549
621	-0.0179362
622	-0.0181966
623	-0.0180664
624	-0.0164388
625	-0.0164388
626	-0.0172201
627	-0.0173503
628	-0.0170898
629	-0.0174805
630	-0.0170247
631	-0.0171549
632	-0.0170898
633	-0.0176107
634	-0.0183268
635	-0.0180013
636	-0.0177409
637	-0.0176107
638	-0.0188477
639	-0.019043
640	-0.0191732
641	-0.0189128
642	-0.0185221
643	-0.0181966
644	-0.0189128
645	-0.0189128
646	-0.0191732
647	-0.018457
648	-0.0188477
649	-0.019043
650	-0.0189779
651	-0.0191081
652	-0.0192383
653	-0.0187826
654	-0.0179362
655	-0.0164388
656	-0.0148112
657	-0.0137044
658	-0.0131185
659	-0.0124674
660	-0.0108398
661	-0.0108398
662	-0.0107747
663	-0.0107096
664	-0.0103841
665	-0.0102539
666	-0.010319
667	-0.00979818
668	-0.0102539
669	-0.0105143
670	-0.0108398
671	-0.00986328
672	-0.00992839
673	-0.0102539
674	-0.00973307
675	-0.00973307
676	-0.00940755
677	-0.00869141
678	-0.00901693
679	-0.00908203
680	-0.0085612
681	-0.00927734
682	-0.00921224
683	-0.00940755
684	-0.00947266
685	-0.00960286
686	-0.00908203
687	-0.00992839
688	-0.00973307
689	-0.00940755
690	-0.00986328
691	-0.00953776
692	-0.00921224
693	-0.00804036
694	-0.00830078
695	-0.00823568
696	-0.00777995
697	-0.0085612
698	-0.00836589
699	-0.00843099
700	-0.00843099
701	-0.00823568
702	-0.00830078
703	-0.00804036
704	-0.00888672
705	-0.0100586
706	-0.00986328
707	-0.00979818
708	-0.0105143
709	-0.010319
710	-0.0116862
711	-0.0112305
712	-0.0112305
713	-0.0121419
714	-0.0128581
715	-0.0126628
716	-0.0131185
717	-0.0136393
718	-0.0129883
719	-0.0133138
720	-0.0129883
721	-0.0135091
722	-0.0132487
723	-0.0132487
724	-0.0135091
725	-0.0130534
726	-0.0136393
727	-0.0137044
728	-0.0132487
729	-0.0133138
730	-0.0129883
731	-0.0133138
732	-0.0132487
733	-0.0120117
734	-0.0124023
735	-0.012793
736	-0.0125326
737	-0.0118815
738	-0.0125977
739	-0.012793
740	-0.0121419
741	-0.0114258
742	-0.0121419
743	-0.0142904
744	-0.0148112
745	-0.0138997
746	-0.0132487
747	-0.0138346
748	-0.0138346
749	-0.0139648
750	-0.0135091
751	-0.0132487
752	-0.0141602
753	-0.0142253
754	-0.0144206
755	-0.0144206
756	-0.0155273
757	-0.0155924
758	-0.014681
759	-0.0154622
760	-0.0162435
761	-0.0163086
762	-0.0151367
763	-0.0154622
764	-0.0157227
765	-0.0162435
766	-0.0163086
767	-0.015918
768	-0.0157227
769	-0.0162435
770	-0.0156576
771	-0.0154622
772	-0.0166992
773	-0.0166992
774	-0.0159831
775	-0.0158529
776	-0.0159831
777	-0.0157878
778	-0.0142253
779	-0.0145508
780	-0.0142904
781	-0.0131836
782	-0.0139648
783	-0.0147461
784	-0.0142904
785	-0.0144206
786	-0.0149414
787	-0.0145508
788	-0.0138346
789	-0.0142904
790	-0.0146159
791	-0.0139648
792	-0.0137695
793	-0.0147461
794	-0.0149414
795	-0.0141602
796	-0.0142904
797	-0.0145508
798	-0.0144206
799	-0.014681
800	-0.0150065
801	-0.0152669
802	-0.0160482
803	-0.0162435
804	-0.0161133
805	-0.0157227
806	-0.015332
807	-0.0157227
808	-0.015918
809	-0.0172852
810	-0.0171549
811	-0.0166341
812	-0.0165039
813	-0.0166992
814	-0.0173503
815	-0.0172201
816	-0.0170247
817	-0.0168294
818	-0.0175456
819	-0.0159831
820	-0.0158529
821	-0.0153971
822	-0.015332
823	-0.0144206
824	-0.0144857
825	-0.014681
826	-0.0144857
827	-0.0150716
828	-0.0147461
829	-0.0150716
830	-0.0150065
831	-0.015332
832	-0.0150716
833	-0.0153971
834	-0.0148112
835	-0.0161133
836	-0.0162435
837	-0.016569
838	-0.0175456
839	-0.0170247
840	-0.0161784
841	-0.0165039
842	-0.0177409
843	-0.0171549
844	-0.0157227
845	-0.0156576
846	-0.0171549
847	-0.0176758
848	-0.0168945
849	-0.0167643
850	-0.0173503
851	-0.0168294
852	-0.0168945
853	-0.0166992
854	-0.0175456
855	-0.0178711
856	-0.0180013
857	-0.0172201
858	-0.0180664
859	-0.0187174
860	-0.0185221
861	-0.0182617
862	-0.0185221
863	-0.0189779
864	-0.0189779
865	-0.0189779
866	-0.0181966
867	-0.0185221
868	-0.0187826
869	-0.019043
870	-0.0185221
871	-0.0185872
872	-0.0189779
873	-0.0185221
874	-0.0181315
875	-0.0176758
876	-0.0181315
877	-0.0181966
878	-0.0182617
879	-0.0181966
880	-0.018457
881	-0.0181966
882	-0.0179362
883	-0.0179362
884	-0.018457
885	-0.0185872
886	-0.0183268
887	-0.0160482
888	-0.0155273
889	-0.0163086
890	-0.0156576
891	-0.0150716
892	-0.0152669
893	-0.014681
894	-0.0148112
895	-0.0144206
896	-0.0141602
897	-0.0141602
898	-0.0150065
899	-0.014681
900	-0.0150716
901	-0.0145508
902	-0.0150716
903	-0.0150065
904	-0.0152018
905	-0.0157878
906	-0.0157878
907	-0.0151367
908	-0.0147461
909	-0.0147461
910	-0.0150716
911	-0.0144206
912	-0.0138997
913	-0.0129883
914	-0.0126628
915	-0.0117513
916	-0.011556
917	-0.0120768
918	-0.0120117
919	-0.0121419
920	-0.0119466
921	-0.0119466
922	-0.0129883
923	-0.0137044
924	-0.0137695
925	-0.0133138
926	-0.0136393
927	-0.0137044
928	-0.0145508
929	-0.015332
930	-0.0150716
931	-0.0157878
932	-0.0155924
933	-0.0163737
934	-0.0154622
935	-0.0153971
936	-0.0155924
937	-0.0157227
938	-0.0156576
939	-0.0161784
940	-0.0165039
941	-0.0162435
942	-0.0161784
943	-0.0157878
944	-0.0162435
945	-0.0155924
946	-0.0155924
947	-0.0158529
948	-0.0158529
949	-0.0170898
950	-0.016569
951	-0.0170898
952	-0.0173503
953	-0.0176107
954	-0.0177409
955	-0.0176107
956	-0.0181966
957	-0.0182617
958	-0.0168294
959	-0.0182617
960	-0.0183268
961	-0.0186523
962	-0.0178711
963	-0.017806
964	-0.0185221
965	-0.0191081
966	-0.0185221
967	-0.018457
968	-0.0178711
969	-0.0188477
970	-0.018457
971	-0.0179362
972	-0.0183919
973	-0.0194987
974	-0.0197591
975	-0.0191732
976	-0.0182617
977	-0.0180013
978	-0.0191081
979	-0.0185872
980	-0.0191732
981	-0.0191732
982	-0.0191081
983	-0.0183919
984	-0.0181966
985	-0.0187826
986	-0.0189779
987	-0.0188477
988	-0.0185221
989	-0.0194336
990	-0.0191081
991	-0.0187826
992	-0.0181315
993	-0.0183919
994	-0.0189779
995	-0.0183919
996	-0.0182617
997	-0.0187826
998	-0.0191732
999	-0.0185872
1000	-0.0182617
1001	-0.0191732
1002	-0.0193034
1003	-0.019694
1004	-0.0192383
1005	-0.0189779
1006	-0.0191081
1007	-0.0196289
1008	-0.0197591
1009	-0.0199544
1010	-0.0193034
1011	-0.0198893
1012	-0.0203451
1013	-0.0189779
1014	-0.0187174
1015	-0.0189779
1016	-0.0185872
1017	-0.0198242
1018	-0.0189128
1019	-0.019694
1020	-0.019043
1021	-0.0181966
1022	-0.0179362
1023	-0.0186523
