0	-0.00166962
1	-0.00155408
2	-0.0014413
3	-0.0014468
4	-0.00126249
5	-0.00128174
6	-0.00135877
7	-0.00127349
8	-0.00120472
9	-0.00111669
10	-0.00117171
11	-0.0011552
12	-0.00121847
13	-0.00108368
14	-0.000841604
15	-0.000717815
16	-0.000533506
17	-0.000417969
18	-0.000291428
19	-0.00023641
20	-8.51121e-05
21	4.69302e-05
22	9.09443e-05
23	0.000145962
24	0.000258748
25	0.000338523
26	0.000382538
27	0.00026425
28	0.000522832
29	0.000586103
30	0.00064112
31	0.000619113
32	0.000682384
33	0.000976728
34	0.00103175
35	0.00108126
36	0.00104275
37	0.00113078
38	0.00107301
39	0.00115553
40	0.00104
41	0.00110327
42	0.000973977
43	0.000863942
44	0.000817177
45	0.00089145
46	0.00079517
47	0.000918959
48	0.000916208
49	0.000971226
50	0.000899703
51	0.00142787
52	0.00163969
53	0.00202206
54	0.0023054
55	0.00282257
56	0.0038569
57	0.00660778
58	0.0152703
59	0.0404051
60	0.0956923
61	0.186953
62	0.305235
63	0.434441
64	0.56228
65	0.682133
66	0.791043
67	0.887651
68	0.971738
69	1.04291
70	1.10235
71	1.15069
72	1.1891
73	1.21935
74	1.24259
75	1.26026
76	1.27342
77	1.28307
78	1.29004
79	1.29547
80	1.30149
81	1.30984
82	1.31997
83	1.33112
84	1.34209
85	1.35221
86	1.36064
87	1.3677
88	1.37292
89	1.37661
90	1.3784
91	1.37867
92	1.3772
93	1.37466
94	1.37055
95	1.36551
96	1.35985
97	1.35349
98	1.34651
99	1.33939
100	1.33208
101	1.32478
102	1.3176
103	1.31069
104	1.3038
105	1.29716
106	1.29037
107	1.28357
108	1.27652
109	1.26915
110	1.26155
111	1.25379
112	1.24575
113	1.23732
114	1.22876
115	1.21983
116	1.21096
117	1.20187
118	1.19269
119	1.18349
120	1.17423
121	1.16483
122	1.15536
123	1.14615
124	1.13673
125	1.12724
126	1.11765
127	1.108
128	1.09838
129	1.08886
130	1.07911
131	1.06934
132	1.05954
133	1.04997
134	1.04014
135	1.03047
136	1.02081
137	1.01147
138	1.00174
139	0.992168
140	0.982747
141	0.97327
142	0.963705
143	0.954091
144	0.94471
145	0.935646
146	0.926376
147	0.917245
148	0.907994
149	0.89876
150	0.889407
151	0.879943
152	0.870857
153	0.861568
154	0.852492
155	0.843428
156	0.834257
157	0.825289
158	0.816448
159	0.807672
160	0.799101
161	0.790581
162	0.782279
163	0.773856
164	0.765598
165	0.757639
166	0.749486
167	0.741549
168	0.73355
169	0.725691
170	0.717741
171	0.709515
172	0.701615
173	0.693811
174	0.686125
175	0.678431
176	0.670816
177	0.663108
178	0.65567
179	0.648039
180	0.640589
181	0.633421
182	0.626359
183	0.619309
184	0.612077
185	0.604996
186	0.598088
187	0.59112
188	0.5844
189	0.57752
190	0.570684
191	0.563818
192	0.55702
193	0.550259
194	0.543769
195	0.537052
196	0.530727
197	0.524502
198	0.518181
199	0.512145
200	0.506366
201	0.500729
202	0.495219
203	0.489616
204	0.483932
205	0.478263
206	0.472802
207	0.467218
208	0.461656
209	0.456214
210	0.450828
211	0.445723
212	0.44054
213	0.435715
214	0.430813
215	0.425814
216	0.420841
217	0.416225
218	0.412976
219	0.411103
220	0.410134
221	0.409576
222	0.408564
223	0.407472
224	0.40614
225	0.403414
226	0.399645
227	0.39572
228	0.391657
229	0.387668
230	0.383737
231	0.3796
232	0.375495
233	0.371251
234	0.367108
235	0.362946
236	0.358952
237	0.35496
238	0.350968
239	0.346999
240	0.343134
241	0.33936
242	0.335797
243	0.332276
244	0.328747
245	0.325217
246	0.321595
247	0.318093
248	0.314583
249	0.311394
250	0.308203
251	0.305243
252	0.302492
253	0.299882
254	0.29767
255	0.295079
256	0.292716
257	0.290312
258	0.287836
259	0.285445
260	0.283008
261	0.280298
262	0.277823
263	0.275179
264	0.272648
265	0.270101
266	0.267518
267	0.264899
268	0.262022
269	0.259328
270	0.25669
271	0.254033
272	0.251326
273	0.248809
274	0.246394
275	0.243896
276	0.241448
277	0.239071
278	0.236788
279	0.234414
280	0.232037
281	0.229905
282	0.22755
283	0.2253
284	0.223011
285	0.220739
286	0.218558
287	0.216285
288	0.21412
289	0.211881
290	0.209821
291	0.207568
292	0.205221
293	0.202966
294	0.200649
295	0.198385
296	0.196069
297	0.194116
298	0.191789
299	0.189775
300	0.18777
301	0.185885
302	0.183712
303	0.181489
304	0.17947
305	0.177198
306	0.175094
307	0.17316
308	0.171086
309	0.16924
310	0.167083
311	0.165023
312	0.162775
313	0.160602
314	0.158481
315	0.156611
316	0.154347
317	0.152399
318	0.150666
319	0.14874
320	0.147024
321	0.14509
322	0.143335
323	0.141472
324	0.139629
325	0.137745
326	0.136017
327	0.134221
328	0.132496
329	0.130791
330	0.128931
331	0.127234
332	0.12538
333	0.123625
334	0.121955
335	0.120285
336	0.118527
337	0.11675
338	0.115089
339	0.113557
340	0.111958
341	0.110652
342	0.108919
343	0.107315
344	0.105832
345	0.104355
346	0.102663
347	0.101304
348	0.0999149
349	0.0983937
350	0.0969522
351	0.0954612
352	0.0938382
353	0.0922812
354	0.0908397
355	0.0894175
356	0.0881824
357	0.0867162
358	0.085382
359	0.083957
360	0.0825486
361	0.0813987
362	0.0801856
363	0.0790247
364	0.0775035
365	0.0761555
366	0.0750222
367	0.0737513
368	0.0727665
369	0.0716001
370	0.0703539
371	0.0691848
372	0.0679717
373	0.0667255
374	0.065738
375	0.0645358
376	0.0634245
377	0.0622333
378	0.0613943
379	0.060272
380	0.0592706
381	0.05814
382	0.0569791
383	0.0558733
384	0.0548582
385	0.0537441
386	0.0525007
387	0.0514911
388	0.0503743
389	0.0493014
390	0.0484212
391	0.0473346
392	0.0462397
393	0.0453072
394	0.0442013
395	0.0431367
396	0.0420584
397	0.0409388
398	0.0400007
399	0.0390076
400	0.0381769
401	0.0371673
402	0.036309
403	0.0354453
404	0.0343367
405	0.0332198
406	0.0322542
407	0.0312859
408	0.0303671
409	0.0293768
410	0.028447
411	0.0278913
412	0.0270853
413	0.0265599
414	0.0257402
415	0.0254513
416	0.0249892
417	0.0246591
418	0.0242079
419	0.0236935
420	0.0232809
421	0.0229205
422	0.022219
423	0.0215478
424	0.0209399
425	0.0204722
426	0.0198203
427	0.0192123
428	0.0184778
429	0.0178616
430	0.0173362
431	0.0164092
432	0.0158177
433	0.015174
434	0.0145248
435	0.0139279
436	0.0132594
437	0.0127615
438	0.0122003
439	0.0116942
440	0.0113008
441	0.0107176
442	0.0102637
443	0.00976029
444	0.00921837
445	0.00873971
446	0.00813177
447	0.00755683
448	0.00705892
449	0.00670131
450	0.00624741
451	0.00546892
452	0.00500677
453	0.0044951
454	0.00395043
455	0.00351854
456	0.00279781
457	0.00243469
458	0.00193954
459	0.00157917
460	0.000998735
461	0.00073465
462	0.00026425
463	-0.000332691
464	-0.000660046
465	-0.00109744
466	-0.00151282
467	-0.00148256
468	-0.00174114
469	-0.00203824
470	-0.00229132
471	-0.00248663
472	-0.00258566
473	-0.00288001
474	-0.00320186
475	-0.00353472
476	-0.00391709
477	-0.00436548
478	-0.00474785
479	-0.00505595
480	-0.00544933
481	-0.00580144
482	-0.00633236
483	-0.00664871
484	-0.00717963
485	-0.00758676
486	-0.00808742
487	-0.0083405
488	-0.00884391
489	-0.00902272
490	-0.00934733
491	-0.00939134
492	-0.00935833
493	-0.00936933
494	-0.00907499
495	-0.00902822
496	-0.00917952
497	-0.00920153
498	-0.00928406
499	-0.0094326
500	-0.00955089
501	-0.00976271
502	-0.00994427
503	-0.0101313
504	-0.0103954
505	-0.0106677
506	-0.0110061
507	-0.0113115
508	-0.011592
509	-0.0119854
510	-0.0123348
511	-0.0126896
512	-0.0130473
513	-0.0132343
514	-0.0136112
515	-0.0138203
516	-0.0140788
517	-0.0142054
518	-0.0144502
519	-0.0147088
520	-0.0148683
521	-0.0149976
522	-0.0151572
523	-0.0153387
524	-0.0155451
525	-0.0157651
526	-0.0158944
527	-0.0164143
528	-0.0168545
529	-0.0168737
530	-0.016948
531	-0.0171241
532	-0.0173331
533	-0.0174514
534	-0.0178613
535	-0.017842
536	-0.0180126
537	-0.0179796
538	-0.0183179
539	-0.0186233
540	-0.0189837
541	-0.0190469
542	-0.019201
543	-0.0194651
544	-0.0197897
545	-0.0200758
546	-0.0204279
547	-0.0207607
548	-0.0211403
549	-0.0215145
550	-0.0218006
551	-0.0220234
552	-0.0224608
553	-0.0226863
554	-0.0228431
555	-0.0229642
556	-0.0233328
557	-0.0235364
558	-0.023938
559	-0.0243946
560	-0.0247468
561	-0.024821
562	-0.0249751
563	-0.0253574
564	-0.0257151
565	-0.0261139
566	-0.0263918
567	-0.0266724
568	-0.0268952
569	-0.0272528
570	-0.0275224
571	-0.0278167
572	-0.0280286
573	-0.0283339
574	-0.028697
575	-0.0289446
576	-0.0292142
577	-0.0296461
578	-0.0300642
579	-0.0304026
580	-0.0307959
581	-0.0311728
582	-0.0311701
583	-0.0312361
584	-0.031679
585	-0.0316267
586	-0.0316597
587	-0.0317257
588	-0.0318303
589	-0.0319293
590	-0.0319568
591	-0.0320696
592	-0.0319953
593	-0.031877
594	-0.0321356
595	-0.0320613
596	-0.0314121
597	-0.0295911
598	-0.0268154
599	-0.0234924
600	-0.0202381
601	-0.0171983
602	-0.0147143
603	-0.0123568
604	-0.0102414
605	-0.00859634
606	-0.00729242
607	-0.00603252
608	-0.0050422
609	-0.00447552
610	-0.00400787
611	-0.00350721
612	-0.00336966
613	-0.00325138
614	-0.00296253
615	-0.00227481
616	-0.00194471
617	-0.00128725
618	-0.000569268
619	-8.78636e-05
620	0.000355028
621	0.000916208
622	0.00123531
623	0.00130408
624	0.00145263
625	0.0013536
626	0.00125732
627	0.00108401
628	0.00102074
629	0.000877695
630	0.000616362
631	0.000286256
632	0.000206481
633	-5.48531e-05
634	-0.00051425
635	-0.000869114
636	-0.00104792
637	-0.00129275
638	-0.00141929
639	-0.00178516
640	-0.00208775
641	-0.00242061
642	-0.00279473
643	-0.0030038
644	-0.00322112
645	-0.00359799
646	-0.00383731
647	-0.0039611
648	-0.00398861
649	-0.00431872
650	-0.00445076
651	-0.00444801
652	-0.00422794
653	-0.00454979
654	-0.00451128
655	-0.00468458
656	-0.00486889
657	-0.00502569
658	-0.00511647
659	-0.00561988
660	-0.00591698
661	-0.00614255
662	-0.00641214
663	-0.00668447
664	-0.00697882
665	-0.00703109
666	-0.00733368
667	-0.00775457
668	-0.00825798
669	-0.00837352
670	-0.00861284
671	-0.00898971
672	-0.00913276
673	-0.00957565
674	-0.00985624
675	-0.0102661
676	-0.0105825
677	-0.0108025
678	-0.0111849
679	-0.0115453
680	-0.0119689
681	-0.0122027
682	-0.0124751
683	-0.0127612
684	-0.0129372
685	-0.013039
686	-0.013083
687	-0.0131188
688	-0.0133223
689	-0.0135837
690	-0.0138945
691	-0.0140101
692	-0.0141861
693	-0.0143924
694	-0.0148381
695	-0.0150499
696	-0.0152975
697	-0.0156716
698	-0.0160897
699	-0.0163593
700	-0.0168132
701	-0.0171131
702	-0.0175615
703	-0.0180731
704	-0.018494
705	-0.0187031
706	-0.0191845
707	-0.0196301
708	-0.0198859
709	-0.0201665
710	-0.0203619
711	-0.0206534
712	-0.0208818
713	-0.0211679
714	-0.0215062
715	-0.0217015
716	-0.0218858
717	-0.022271
718	-0.0226616
719	-0.0230109
720	-0.0232778
721	-0.0237179
722	-0.0240233
723	-0.0244001
724	-0.0248568
725	-0.0250659
726	-0.0251841
727	-0.0255638
728	-0.0259104
729	-0.0264055
730	-0.0265046
731	-0.0267026
732	-0.0270465
733	-0.0273628
734	-0.0277012
735	-0.027792
736	-0.0279323
737	-0.0282266
738	-0.0279268
739	-0.0271675
740	-0.0257783
741	-0.0239628
742	-0.022293
743	-0.0207332
744	-0.0191377
745	-0.0179768
746	-0.017036
747	-0.0159412
748	-0.0149151
749	-0.0143814
750	-0.0136442
751	-0.0129015
752	-0.0124448
753	-0.012167
754	-0.0119221
755	-0.0118231
756	-0.0116966
757	-0.0116085
758	-0.011493
759	-0.0114407
760	-0.0115095
761	-0.0114875
762	-0.0113995
763	-0.0114325
764	-0.0111464
765	-0.0108383
766	-0.0108328
767	-0.0110419
768	-0.0110639
769	-0.0112427
770	-0.011438
771	-0.0117103
772	-0.0120074
773	-0.0122192
774	-0.0124613
775	-0.0126814
776	-0.0129345
777	-0.0131518
778	-0.0135397
779	-0.013878
780	-0.0141146
781	-0.0142246
782	-0.0143677
783	-0.0147776
784	-0.0150912
785	-0.0153938
786	-0.0154708
787	-0.0159659
788	-0.0164308
789	-0.0168022
790	-0.0172258
791	-0.0174954
792	-0.0181254
793	-0.0184307
794	-0.0189341
795	-0.0193303
796	-0.0197787
797	-0.0200813
798	-0.0206617
799	-0.0208515
800	-0.0212366
801	-0.021531
802	-0.0215502
803	-0.0216052
804	-0.0215227
805	-0.0211844
806	-0.0211211
807	-0.0210111
808	-0.0210908
809	-0.0211954
810	-0.0211981
811	-0.0210771
812	-0.0211569
813	-0.0210688
814	-0.0209093
815	-0.0208295
816	-0.020703
817	-0.0208295
818	-0.0208955
819	-0.0208845
820	-0.0208653
821	-0.0210578
822	-0.0210633
823	-0.0207607
824	-0.020692
825	-0.0207662
826	-0.0209835
827	-0.0211706
828	-0.0212421
829	-0.0212146
830	-0.0216713
831	-0.0219739
832	-0.0221197
833	-0.022348
834	-0.0226066
835	-0.0228762
836	-0.0230825
837	-0.0233493
838	-0.0235996
839	-0.0238087
840	-0.0241883
841	-0.0243644
842	-0.0245679
843	-0.0248705
844	-0.0249421
845	-0.0247082
846	-0.0246285
847	-0.0244717
848	-0.0243506
849	-0.0241085
850	-0.0242406
851	-0.0242268
852	-0.0245707
853	-0.0245955
854	-0.0245845
855	-0.0247578
856	-0.0249888
857	-0.0253519
858	-0.0256793
859	-0.0260039
860	-0.0263258
861	-0.0265843
862	-0.0268539
863	-0.0271648
864	-0.0273546
865	-0.0274591
866	-0.0276077
867	-0.0279653
868	-0.0282651
869	-0.0285347
870	-0.0287493
871	-0.0289171
872	-0.029283
873	-0.0296461
874	-0.0297176
875	-0.0300037
876	-0.0303118
877	-0.0304383
878	-0.0307464
879	-0.031071
880	-0.0312443
881	-0.0314754
882	-0.0317725
883	-0.0321081
884	-0.0322512
885	-0.0324327
886	-0.0327106
887	-0.0327326
888	-0.0328784
889	-0.0331039
890	-0.0332222
891	-0.0325758
892	-0.0295333
893	-0.0245019
894	-0.0187911
895	-0.0134379
896	-0.00886867
897	-0.00596925
898	-0.00478362
899	-0.00422244
900	-0.00354297
901	-0.00302855
902	-0.00265443
903	-0.00277822
904	-0.00279473
905	-0.00284975
906	-0.00289651
907	-0.00293227
908	-0.00307532
909	-0.00298454
910	-0.00303956
911	-0.00327888
912	-0.00316885
913	-0.00288001
914	-0.00257191
915	-0.00231608
916	-0.00201898
917	-0.00174389
918	-0.00161185
919	-0.00171914
920	-0.00169988
921	-0.00187318
922	-0.00198872
923	-0.00217578
924	-0.00236559
925	-0.00273696
926	-0.00275622
927	-0.00282774
928	-0.00294603
929	-0.00332015
930	-0.00358698
931	-0.00345769
932	-0.00371077
933	-0.00393084
934	-0.00420868
935	-0.0042582
936	-0.00416467
937	-0.00404088
938	-0.00356773
939	-0.00322112
940	-0.00299279
941	-0.0027012
942	-0.0025499
943	-0.00236009
944	-0.00234359
945	-0.00220604
946	-0.00221704
947	-0.00228307
948	-0.00260217
949	-0.00264618
950	-0.00258841
951	-0.00261317
952	-0.00261867
953	-0.00267919
954	-0.00298179
955	-0.00305881
956	-0.00308632
957	-0.00328989
958	-0.00337241
959	-0.00350996
960	-0.00358973
961	-0.00376579
962	-0.00400787
963	-0.00413991
964	-0.00416192
965	-0.00421693
966	-0.00423344
967	-0.00416467
968	-0.00418668
969	-0.00431046
970	-0.00439024
971	-0.00431046
972	-0.00421693
973	-0.00419768
974	-0.00429946
975	-0.00429121
976	-0.00414266
977	-0.00414541
978	-0.00439574
979	-0.0045718
980	-0.0048799
981	-0.00484414
982	-0.00489365
983	-0.00507521
984	-0.00502294
985	-0.00502569
986	-0.00522926
987	-0.00528978
988	-0.0053613
989	-0.00539431
990	-0.00546308
991	-0.00542182
992	-0.00558412
993	-0.00571616
994	-0.00571892
995	-0.00581795
996	-0.00593348
997	-0.00586196
998	-0.00610679
999	-0.0061288
1000	-0.00616731
1001	-0.00608203
1002	-0.00617281
1003	-0.00627184
1004	-0.00662396
1005	-0.00665146
1006	-0.00674224
1007	-0.00688254
1008	-0.00713562
1009	-0.0072264
1010	-0.00713562
1011	-0.00736669
1012	-0.00750974
1013	-0.00733643
1014	-0.0075345
1015	-0.00767479
1016	-0.00787285
1017	-0.00801865
1018	-0.00795813
1019	-0.00806542
1020	-0.00807917
1021	-0.00808192
1022	-0.00793888
1023	-0.00783984
