0	0.000326937
1	2.97225e-05
2	-0.000375056
3	-0.000324104
4	-0.000100486
5	-5.23654e-05
6	-0.000259
7	-0.000307121
8	-0.000191066
9	0.000123133
10	0.000355243
11	0.000176915
12	3.25531e-05
13	-1.8398e-05
14	0.000165592
15	-0.000171251
16	-0.000462805
17	-0.000510925
18	-0.000561876
19	-0.000556215
20	-0.000426007
21	-0.000193896
22	-0.000131623
23	2.68919e-05
24	0.000256172
25	0.000309953
26	0.000230696
27	0.000275986
28	0.000493944
29	0.000901552
30	0.00108271
31	0.00104591
32	0.000768513
33	0.000612829
34	0.000485452
35	0.000205221
36	-7.0755e-06
37	-0.000233525
38	-0.00044299
39	-0.000652456
40	-0.000598674
41	-0.000179743
42	-0.000106147
43	-3.53817e-05
44	-0.000125961
45	5.80287e-05
46	-2.40592e-05
47	-0.000185404
48	-0.000428837
49	-0.00030146
50	-0.000377886
51	-0.000321274
52	-0.000219372
53	9.19961e-05
54	0.000573201
55	0.0010629
56	0.00159505
57	0.00211306
58	0.00285468
59	0.00351421
60	0.00459834
61	0.0101662
62	0.0389111
63	0.146387
64	0.425785
65	0.953817
66	1.71989
67	2.61951
68	3.50351
69	4.24333
70	4.77712
71	5.10729
72	5.27173
73	5.31594
74	5.27974
75	5.1947
76	5.08729
77	4.9763
78	4.87312
79	4.78328
80	4.70833
81	4.64683
82	4.59793
83	4.55845
84	4.52547
85	4.4976
86	4.47302
87	4.45008
88	4.42783
89	4.40579
90	4.38334
91	4.3583
92	4.3293
93	4.29937
94	4.27128
95	4.2458
96	4.22147
97	4.19633
98	4.16949
99	4.14208
100	4.11344
101	4.08416
102	4.05398
103	4.02385
104	3.99385
105	3.9643
106	3.93505
107	3.9062
108	3.87754
109	3.84855
110	3.81895
111	3.78939
112	3.76126
113	3.73429
114	3.7087
115	3.68339
116	3.65745
117	3.63128
118	3.6056
119	3.57968
120	3.55331
121	3.5262
122	3.49838
123	3.47001
124	3.44178
125	3.41306
126	3.38361
127	3.35314
128	3.32234
129	3.2919
130	3.26145
131	3.23114
132	3.20081
133	3.17174
134	3.14338
135	3.11467
136	3.08515
137	3.05518
138	3.02588
139	2.99695
140	2.96734
141	2.93703
142	2.90667
143	2.8775
144	2.84953
145	2.82244
146	2.79628
147	2.77078
148	2.74606
149	2.72125
150	2.6959
151	2.6695
152	2.64259
153	2.61575
154	2.58923
155	2.56169
156	2.53418
157	2.50724
158	2.48138
159	2.45609
160	2.4316
161	2.40846
162	2.38661
163	2.36505
164	2.34328
165	2.32155
166	2.29925
167	2.27555
168	2.25083
169	2.22693
170	2.20409
171	2.18127
172	2.15794
173	2.13453
174	2.11064
175	2.08694
176	2.0645
177	2.04319
178	2.02268
179	2.00242
180	1.98256
181	1.96283
182	1.94436
183	1.92655
184	1.90882
185	1.89101
186	1.87317
187	1.856
188	1.83915
189	1.82312
190	1.80779
191	1.79235
192	1.77664
193	1.7607
194	1.74501
195	1.72917
196	1.71173
197	1.69344
198	1.67467
199	1.65583
200	1.63715
201	1.61903
202	1.60144
203	1.58355
204	1.56623
205	1.55032
206	1.53603
207	1.52277
208	1.50955
209	1.49599
210	1.48182
211	1.46805
212	1.45412
213	1.43982
214	1.42536
215	1.41143
216	1.39768
217	1.38364
218	1.36961
219	1.35586
220	1.34162
221	1.32675
222	1.31209
223	1.29745
224	1.28302
225	1.26865
226	1.25477
227	1.24152
228	1.22896
229	1.21656
230	1.20504
231	1.19379
232	1.18281
233	1.17188
234	1.16087
235	1.15001
236	1.1394
237	1.12836
238	1.11791
239	1.10774
240	1.09742
241	1.08719
242	1.07714
243	1.06682
244	1.05714
245	1.04811
246	1.04299
247	1.04785
248	1.0574
249	1.04907
250	1.04069
251	1.03179
252	1.02249
253	1.01302
254	1.00418
255	0.995784
256	0.987651
257	0.979536
258	0.97135
259	0.96313
260	0.955006
261	0.946378
262	0.937456
263	0.928585
264	0.9197
265	0.911089
266	0.901756
267	0.892313
268	0.882678
269	0.873006
270	0.863385
271	0.854049
272	0.84496
273	0.836539
274	0.828593
275	0.820739
276	0.813263
277	0.806217
278	0.799311
279	0.792625
280	0.78601
281	0.779414
282	0.772907
283	0.766453
284	0.760025
285	0.753206
286	0.746126
287	0.739135
288	0.732449
289	0.725902
290	0.71951
291	0.713472
292	0.70733
293	0.70087
294	0.69451
295	0.688317
296	0.682426
297	0.676635
298	0.670572
299	0.664293
300	0.657491
301	0.650429
302	0.644054
303	0.638342
304	0.632701
305	0.627164
306	0.621837
307	0.61666
308	0.611797
309	0.606645
310	0.601555
311	0.596568
312	0.591781
313	0.586975
314	0.582672
315	0.57854
316	0.574503
317	0.570617
318	0.566631
319	0.5627
320	0.558556
321	0.554165
322	0.549701
323	0.545322
324	0.540813
325	0.53627
326	0.531707
327	0.526946
328	0.521973
329	0.517158
330	0.512371
331	0.507763
332	0.503398
333	0.499512
334	0.496022
335	0.492328
336	0.488787
337	0.485005
338	0.481039
339	0.477189
340	0.473538
341	0.469728
342	0.465442
343	0.460843
344	0.456195
345	0.451926
346	0.447966
347	0.444493
348	0.441294
349	0.438201
350	0.434858
351	0.431628
352	0.428449
353	0.425477
354	0.422168
355	0.418522
356	0.414743
357	0.411066
358	0.407916
359	0.40487
360	0.401969
361	0.399288
362	0.396565
363	0.393423
364	0.390508
365	0.387748
366	0.384991
367	0.381871
368	0.378242
369	0.374866
370	0.371684
371	0.368822
372	0.36615
373	0.363854
374	0.361446
375	0.359175
376	0.356619
377	0.353741
378	0.350842
379	0.348195
380	0.345399
381	0.342551
382	0.340397
383	0.337935
384	0.335469
385	0.333063
386	0.330326
387	0.327623
388	0.325092
389	0.322556
390	0.320396
391	0.318072
392	0.31553
393	0.313017
394	0.310772
395	0.308799
396	0.306973
397	0.30549
398	0.305
399	0.305909
400	0.308454
401	0.313285
402	0.319419
403	0.325718
404	0.330634
405	0.33349
406	0.334204
407	0.333604
408	0.331608
409	0.328871
410	0.325848
411	0.323077
412	0.320492
413	0.318052
414	0.316212
415	0.314602
416	0.313571
417	0.312609
418	0.31148
419	0.309784
420	0.307797
421	0.305643
422	0.303426
423	0.301114
424	0.298773
425	0.296449
426	0.29404
427	0.292019
428	0.29004
429	0.288124
430	0.286301
431	0.284456
432	0.282822
433	0.281237
434	0.279839
435	0.278497
436	0.276909
437	0.275607
438	0.273974
439	0.272046
440	0.270155
441	0.26844
442	0.266696
443	0.264837
444	0.262847
445	0.261063
446	0.259198
447	0.257548
448	0.255881
449	0.254162
450	0.252648
451	0.251159
452	0.250055
453	0.248821
454	0.2474
455	0.246245
456	0.245311
457	0.244318
458	0.243958
459	0.243749
460	0.243683
461	0.243372
462	0.2425
463	0.240898
464	0.239146
465	0.237309
466	0.235288
467	0.233366
468	0.231764
469	0.230337
470	0.229225
471	0.228602
472	0.228271
473	0.228013
474	0.227376
475	0.226471
476	0.22557
477	0.22443
478	0.223295
479	0.222295
480	0.221542
481	0.221797
482	0.22253
483	0.223255
484	0.223408
485	0.22302
486	0.222417
487	0.22167
488	0.220509
489	0.219117
490	0.217956
491	0.216801
492	0.215683
493	0.214562
494	0.213302
495	0.212484
496	0.211296
497	0.210177
498	0.209105
499	0.208029
500	0.207052
501	0.206113
502	0.206005
503	0.209362
504	0.221401
505	0.242863
506	0.241728
507	0.240595
508	0.239186
509	0.237668
510	0.236358
511	0.234977
512	0.233541
513	0.231809
514	0.230365
515	0.22923
516	0.22801
517	0.226822
518	0.225811
519	0.224676
520	0.223178
521	0.221647
522	0.220402
523	0.219519
524	0.218732
525	0.217724
526	0.216476
527	0.2154
528	0.214392
529	0.21377
530	0.21315
531	0.212527
532	0.211737
533	0.210936
534	0.209829
535	0.208918
536	0.207644
537	0.206818
538	0.205951
539	0.205139
540	0.204335
541	0.203591
542	0.202976
543	0.202195
544	0.201369
545	0.200485
546	0.199611
547	0.198697
548	0.197556
549	0.196432
550	0.195444
551	0.1947
552	0.193774
553	0.192809
554	0.191705
555	0.190717
556	0.189766
557	0.188959
558	0.188314
559	0.187649
560	0.186751
561	0.185868
562	0.184858
563	0.183751
564	0.182961
565	0.182084
566	0.181348
567	0.18066
568	0.180181
569	0.180272
570	0.180433
571	0.180705
572	0.181155
573	0.181475
574	0.181379
575	0.180943
576	0.180286
577	0.179672
578	0.178854
579	0.177897
580	0.177
581	0.176329
582	0.175749
583	0.175183
584	0.174713
585	0.174464
586	0.174798
587	0.175463
588	0.176315
589	0.17754
590	0.178913
591	0.180043
592	0.180813
593	0.181028
594	0.180799
595	0.18038
596	0.179533
597	0.178902
598	0.17837
599	0.177591
600	0.176643
601	0.1758
602	0.175174
603	0.17437
604	0.173623
605	0.172544
606	0.171624
607	0.170823
608	0.170003
609	0.169286
610	0.168584
611	0.167797
612	0.167042
613	0.166303
614	0.165782
615	0.165029
616	0.163956
617	0.16294
618	0.161748
619	0.160568
620	0.159376
621	0.15819
622	0.156999
623	0.156016
624	0.155017
625	0.153959
626	0.153265
627	0.152518
628	0.151485
629	0.150819
630	0.150132
631	0.149942
632	0.149506
633	0.149014
634	0.148583
635	0.148246
636	0.147748
637	0.147083
638	0.146262
639	0.145249
640	0.14436
641	0.143463
642	0.142602
643	0.141764
644	0.141442
645	0.140799
646	0.140055
647	0.139234
648	0.138636
649	0.139644
650	0.144966
651	0.157613
652	0.177388
653	0.176935
654	0.175902
655	0.17516
656	0.174466
657	0.173561
658	0.172553
659	0.171633
660	0.171075
661	0.170755
662	0.170297
663	0.169504
664	0.168814
665	0.167984
666	0.167364
667	0.167294
668	0.16724
669	0.16748
670	0.167871
671	0.168049
672	0.168148
673	0.168248
674	0.168248
675	0.168361
676	0.168587
677	0.168533
678	0.168284
679	0.168146
680	0.168089
681	0.168242
682	0.1681
683	0.167342
684	0.166637
685	0.166159
686	0.165949
687	0.165309
688	0.164443
689	0.163719
690	0.162615
691	0.161567
692	0.160579
693	0.159484
694	0.158372
695	0.15763
696	0.157033
697	0.156342
698	0.155623
699	0.155043
700	0.154644
701	0.154281
702	0.153732
703	0.153115
704	0.152778
705	0.152368
706	0.151485
707	0.150729
708	0.14997
709	0.149121
710	0.148413
711	0.147813
712	0.146942
713	0.146067
714	0.145662
715	0.145184
716	0.145022
717	0.145393
718	0.146579
719	0.147723
720	0.148694
721	0.149461
722	0.149716
723	0.149653
724	0.148994
725	0.148413
726	0.147813
727	0.147117
728	0.146112
729	0.145153
730	0.143848
731	0.142911
732	0.14188
733	0.141057
734	0.139958
735	0.138849
736	0.137926
737	0.136995
738	0.136216
739	0.135378
740	0.134484
741	0.133754
742	0.133663
743	0.134229
744	0.134971
745	0.135466
746	0.135676
747	0.135891
748	0.135962
749	0.13599
750	0.135936
751	0.135749
752	0.135322
753	0.134413
754	0.133258
755	0.1325
756	0.131911
757	0.131133
758	0.130303
759	0.129485
760	0.128446
761	0.127614
762	0.126671
763	0.125508
764	0.124549
765	0.123974
766	0.123612
767	0.123563
768	0.123258
769	0.123017
770	0.122213
771	0.121174
772	0.120373
773	0.1197
774	0.11925
775	0.118426
776	0.117495
777	0.116351
778	0.115247
779	0.114234
780	0.113144
781	0.112136
782	0.111296
783	0.110565
784	0.109889
785	0.109065
786	0.10838
787	0.107568
788	0.106868
789	0.106642
790	0.106305
791	0.105637
792	0.104836
793	0.104338
794	0.103616
795	0.102798
796	0.102116
797	0.101366
798	0.100647
799	0.0999193
800	0.0990786
801	0.0984984
802	0.0982662
803	0.09817
804	0.0980681
805	0.0974256
806	0.0966641
807	0.0961631
808	0.0957753
809	0.0949969
810	0.0940232
811	0.0930579
812	0.0923503
813	0.0917813
814	0.0911642
815	0.0906859
816	0.0902103
817	0.0899216
818	0.0896725
819	0.0893441
820	0.0888573
821	0.0880619
822	0.0873514
823	0.0866381
824	0.0857181
825	0.0849227
826	0.0843141
827	0.0833602
828	0.0825337
829	0.0818798
830	0.0813618
831	0.0806004
832	0.0799691
833	0.0794908
834	0.0789813
835	0.0785029
836	0.0780981
837	0.0781632
838	0.0791426
839	0.0826894
840	0.0888771
841	0.0961405
842	0.103209
843	0.108737
844	0.112391
845	0.11435
846	0.115275
847	0.114961
848	0.114605
849	0.114129
850	0.113634
851	0.112963
852	0.111913
853	0.110373
854	0.109051
855	0.108009
856	0.106942
857	0.106291
858	0.105983
859	0.105487
860	0.104678
861	0.103755
862	0.102886
863	0.10309
864	0.10594
865	0.113645
866	0.125539
867	0.139834
868	0.139539
869	0.139152
870	0.138319
871	0.137657
872	0.137029
873	0.136219
874	0.135328
875	0.134549
876	0.13379
877	0.13295
878	0.132333
879	0.132174
880	0.132381
881	0.133329
882	0.134042
883	0.134826
884	0.135424
885	0.13522
886	0.135019
887	0.134897
888	0.135158
889	0.136015
890	0.137595
891	0.139772
892	0.142251
893	0.144663
894	0.146367
895	0.146871
896	0.146893
897	0.146404
898	0.145518
899	0.14447
900	0.143502
901	0.142707
902	0.141985
903	0.141365
904	0.140358
905	0.139013
906	0.137898
907	0.136896
908	0.136242
909	0.135438
910	0.134807
911	0.133972
912	0.133606
913	0.133103
914	0.132432
915	0.132126
916	0.131656
917	0.131107
918	0.130555
919	0.130473
920	0.130351
921	0.130221
922	0.129873
923	0.129627
924	0.129471
925	0.128976
926	0.128101
927	0.126974
928	0.126122
929	0.124622
930	0.123549
931	0.123079
932	0.122986
933	0.12298
934	0.122825
935	0.123071
936	0.122997
937	0.122556
938	0.121848
939	0.120971
940	0.120274
941	0.119544
942	0.118633
943	0.117772
944	0.116795
945	0.115802
946	0.114831
947	0.114016
948	0.113311
949	0.112722
950	0.112091
951	0.111112
952	0.110095
953	0.109328
954	0.108728
955	0.107885
956	0.107327
957	0.106724
958	0.105813
959	0.10476
960	0.10397
961	0.103177
962	0.102727
963	0.102119
964	0.101502
965	0.101086
966	0.100669
967	0.100078
968	0.0995457
969	0.098906
970	0.0979124
971	0.0970038
972	0.0961574
973	0.0957102
974	0.0953337
975	0.0947025
976	0.0941958
977	0.0933523
978	0.0923163
979	0.091569
980	0.0904905
981	0.0896357
982	0.0889196
983	0.0881157
984	0.0873089
985	0.0864399
986	0.0855398
987	0.0847501
988	0.0840792
989	0.0835159
990	0.0830857
991	0.0828592
992	0.0821063
993	0.0812061
994	0.0807051
995	0.0802522
996	0.0798956
997	0.0796889
998	0.0799125
999	0.0797484
1000	0.0804475
1001	0.0879543
1002	0.106812
1003	0.117727
1004	0.117062
1005	0.11643
1006	0.115564
1007	0.114607
1008	0.113566
1009	0.112719
1010	0.111898
1011	0.110962
1012	0.11033
1013	0.10979
1014	0.109308
1015	0.108949
1016	0.108878
1017	0.108513
1018	0.107955
1019	0.107403
1020	0.106563
1021	0.105504
1022	0.104511
1023	0.103545
