0	0.00211154
1	0.00156901
2	0.00156901
3	0.00189453
4	0.00178602
5	0.00124349
6	0.00102647
7	0.00124349
8	-5.8598e-05
9	0.000158416
10	-0.000492626
11	0.00102647
12	4.9909e-05
13	0.000483937
14	0.000158416
15	0.000266923
16	0.000483937
17	0.000158416
18	-5.8598e-05
19	0.00102647
20	0.00102647
21	-5.8598e-05
22	0.000158416
23	-0.000275612
24	-0.000384119
25	4.9909e-05
26	-0.000275612
27	0.000158416
28	-0.000492626
29	0.000266923
30	0.00037543
31	0.000158416
32	-0.000818147
33	-0.000384119
34	-5.8598e-05
35	4.9909e-05
36	0.000158416
37	-0.00125217
38	-0.000818147
39	-0.00114367
40	-0.00136068
41	-0.000384119
42	-0.00125217
43	-0.000818147
44	-0.0015777
45	-0.000167105
46	-0.00070964
47	-0.0015777
48	-0.00190322
49	-0.00233724
50	-0.00244575
51	-0.00266276
52	-0.00244575
53	-0.00190322
54	-0.000601133
55	-0.000492626
56	-0.000384119
57	-0.000384119
58	-0.000926654
59	-0.000167105
60	-0.000492626
61	-0.000167105
62	0.000266923
63	-0.000492626
64	-0.000492626
65	0.00384765
66	0.0224023
67	0.0707964
68	0.194386
69	0.430605
70	0.73985
71	1.0415
72	1.28846
73	1.47835
74	1.62646
75	1.73584
76	1.80712
77	1.84033
78	1.83837
79	1.81005
80	1.75862
81	1.69341
82	1.618
83	1.53846
84	1.45535
85	1.37396
86	1.29703
87	1.22705
88	1.16444
89	1.11572
90	1.0836
91	1.06081
92	1.03987
93	1.01752
94	0.992237
95	0.964677
96	0.937441
97	0.90554
98	0.872229
99	0.837181
100	0.803218
101	0.76969
102	0.737463
103	0.706973
104	0.679303
105	0.651417
106	0.627003
107	0.604976
108	0.586204
109	0.568843
110	0.553761
111	0.542259
112	0.531951
113	0.522185
114	0.511335
115	0.50005
116	0.488548
117	0.477155
118	0.465436
119	0.45502
120	0.445688
121	0.43679
122	0.428218
123	0.419429
124	0.410532
125	0.401743
126	0.391868
127	0.381452
128	0.37212
129	0.363223
130	0.354868
131	0.345102
132	0.336855
133	0.329803
134	0.32275
135	0.314395
136	0.306039
137	0.299312
138	0.291391
139	0.282493
140	0.275007
141	0.26893
142	0.261877
143	0.254716
144	0.248531
145	0.243539
146	0.237029
147	0.229976
148	0.222815
149	0.216521
150	0.208926
151	0.20209
152	0.196339
153	0.191565
154	0.18755
155	0.184186
156	0.179629
157	0.176157
158	0.174529
159	0.172901
160	0.170189
161	0.166934
162	0.163136
163	0.159121
164	0.154998
165	0.150875
166	0.147836
167	0.143713
168	0.138939
169	0.134273
170	0.131018
171	0.128197
172	0.123965
173	0.121144
174	0.118865
175	0.117454
176	0.115501
177	0.113765
178	0.113006
179	0.112572
180	0.110835
181	0.10758
182	0.105085
183	0.104217
184	0.102914
185	0.0997678
186	0.0979232
187	0.0952105
188	0.0932574
189	0.0916298
190	0.0890256
191	0.0875065
192	0.0889171
193	0.0934744
194	0.0987912
195	0.104651
196	0.109208
197	0.112355
198	0.114199
199	0.115284
200	0.116369
201	0.115718
202	0.115284
203	0.114633
204	0.113982
205	0.113331
206	0.111161
207	0.112355
208	0.11561
209	0.119299
210	0.121252
211	0.122771
212	0.124399
213	0.125484
214	0.125267
215	0.124399
216	0.122337
217	0.121361
218	0.118648
219	0.115718
220	0.112246
221	0.107363
222	0.104976
223	0.100636
224	0.0966211
225	0.0923893
226	0.0888086
227	0.0856619
228	0.0832747
229	0.0816471
230	0.0804536
231	0.0782834
232	0.0767643
233	0.0753537
234	0.0748112
235	0.0730751
236	0.07199
237	0.072207
238	0.0735091
239	0.0740516
240	0.0731836
241	0.0718815
242	0.0720985
243	0.0714475
244	0.0705794
245	0.0693858
246	0.0677582
247	0.0675412
248	0.0656966
249	0.063852
250	0.0628754
251	0.0610308
252	0.0592947
253	0.0572331
254	0.0558225
255	0.0543034
256	0.0524588
257	0.0508312
258	0.0489865
259	0.04801
260	0.0458398
261	0.0446463
262	0.0424761
263	0.0418251
264	0.040089
265	0.0384614
266	0.0366167
267	0.0358572
268	0.0348806
269	0.0349891
270	0.0349891
271	0.0350977
272	0.0353147
273	0.0350977
274	0.0363997
275	0.0377018
276	0.0365082
277	0.0359657
278	0.0356402
279	0.0353147
280	0.0331445
281	0.0346636
282	0.0350977
283	0.0340126
284	0.032819
285	0.0316254
286	0.0316254
287	0.0303233
288	0.0290213
289	0.0276107
290	0.0264171
291	0.0262001
292	0.024898
293	0.0245725
294	0.0240299
295	0.024464
296	0.0245725
297	0.0237044
298	0.0218598
299	0.0228364
300	0.0225108
301	0.0208832
302	0.0207747
303	0.0221853
304	0.0226194
305	0.0212088
306	0.0205577
307	0.0224023
308	0.0230534
309	0.0225108
310	0.0215343
311	0.0227279
312	0.0225108
313	0.0222938
314	0.0201237
315	0.0194727
316	0.0186046
317	0.016977
318	0.0156749
319	0.0135048
320	0.0132878
321	0.0128537
322	0.0123112
323	0.0117687
324	0.0115516
325	0.0112261
326	0.0110091
327	0.00959852
328	0.009273
329	0.00949001
330	0.00949001
331	0.00873046
332	0.00710286
333	0.00656033
334	0.00634331
335	0.00601779
336	0.00471571
337	0.00330512
338	0.0030881
339	0.00156901
340	0.00200303
341	0.00189453
342	0.000266923
343	4.9909e-05
344	0.00037543
345	0.000592444
346	-0.000601133
347	-0.00136068
348	-5.8598e-05
349	0.00037543
350	-0.00103516
351	0.000483937
352	0.00200303
353	0.000809458
354	-0.000818147
355	-0.000926654
356	0.000700951
357	-0.000275612
358	-0.000818147
359	-0.000384119
360	-0.00070964
361	-0.000492626
362	-0.000601133
363	-0.00103516
364	-0.00070964
365	0.000483937
366	0.00113498
367	-0.000818147
368	-0.000926654
369	-0.000601133
370	0.00037543
371	-0.00136068
372	-0.00125217
373	-0.00190322
374	-0.00201172
375	-0.00385634
376	-0.0047244
377	-0.00537544
378	-0.00559245
379	-0.00700304
380	-0.00722006
381	-0.00678603
382	-0.00700304
383	-0.00700304
384	-0.0079796
385	-0.00700304
386	-0.00580947
387	-0.00504992
388	-0.00548395
389	-0.00591797
390	-0.00450738
391	-0.00407335
392	-0.00309679
393	-0.00277127
394	-0.00146919
395	-0.00146919
396	-0.00114367
397	-0.00179471
398	-0.00212023
399	-0.00266276
400	-0.00233724
401	-0.00233724
402	-0.00244575
403	-0.00190322
404	-0.00266276
405	-0.00233724
406	-0.00222874
407	-0.00298829
408	-0.00255426
409	-0.00233724
410	-0.00353082
411	-0.0032053
412	-0.00331381
413	-0.00439888
414	-0.00504992
415	-0.00591797
416	-0.00559245
417	-0.00656901
418	-0.00852214
419	-0.00873915
420	-0.00852214
421	-0.00863065
422	-0.00928169
423	-0.00982422
424	-0.0117773
425	-0.0111263
426	-0.0106923
427	-0.0105838
428	-0.0112348
429	-0.0104753
430	-0.00993273
431	-0.00982422
432	-0.0104753
433	-0.0101497
434	-0.00993273
435	-0.0102583
436	-0.0108008
437	-0.0103668
438	-0.0112348
439	-0.0124284
440	-0.0135135
441	-0.0139475
442	-0.0132964
443	-0.0135135
444	-0.0139475
445	-0.0153581
446	-0.0161176
447	-0.0159006
448	-0.0153581
449	-0.0157921
450	-0.0155751
451	-0.0141645
452	-0.0145985
453	-0.0151411
454	-0.0151411
455	-0.0145985
456	-0.01449
457	-0.0166602
458	-0.0157921
459	-0.0157921
460	-0.0166602
461	-0.0169857
462	-0.0155751
463	-0.0169857
464	-0.0173112
465	-0.0172027
466	-0.0176367
467	-0.0183963
468	-0.0178537
469	-0.0177452
470	-0.0177452
471	-0.0190473
472	-0.0198069
473	-0.0198069
474	-0.0200239
475	-0.0202409
476	-0.0194813
477	-0.0204579
478	-0.0206749
479	-0.0199154
480	-0.0202409
481	-0.0196984
482	-0.0190473
483	-0.0186133
484	-0.0192643
485	-0.0188303
486	-0.0193728
487	-0.0195898
488	-0.0202409
489	-0.0208919
490	-0.0200239
491	-0.0203494
492	-0.0200239
493	-0.0194813
494	-0.0211089
495	-0.022411
496	-0.021543
497	-0.0205664
498	-0.021977
499	-0.0216515
500	-0.0225195
501	-0.022628
502	-0.0238216
503	-0.0234961
504	-0.0227365
505	-0.022411
506	-0.0239301
507	-0.0241471
508	-0.0230621
509	-0.0216515
510	-0.0227365
511	-0.0230621
512	-0.0218685
513	-0.0212175
514	-0.0214345
515	-0.0220855
516	-0.0220855
517	-0.0211089
518	-0.0214345
519	-0.0211089
520	-0.0207834
521	-0.0203494
522	-0.02176
523	-0.0228451
524	-0.0234961
525	-0.021977
526	-0.0218685
527	-0.0231706
528	-0.0238216
529	-0.0231706
530	-0.0220855
531	-0.022628
532	-0.0225195
533	-0.0225195
534	-0.0227365
535	-0.0214345
536	-0.0210004
537	-0.0211089
538	-0.0196984
539	-0.0183963
540	-0.0181793
541	-0.0187218
542	-0.0181793
543	-0.0181793
544	-0.0191558
545	-0.0192643
546	-0.0179622
547	-0.0163346
548	-0.0163346
549	-0.014924
550	-0.0143815
551	-0.0131879
552	-0.0116688
553	-0.0109093
554	-0.0108008
555	-0.0114518
556	-0.0115603
557	-0.0114518
558	-0.0103668
559	-0.0105838
560	-0.0108008
561	-0.0124284
562	-0.0139475
563	-0.0143815
564	-0.0141645
565	-0.013839
566	-0.014273
567	-0.0154666
568	-0.0156836
569	-0.0151411
570	-0.0154666
571	-0.0175282
572	-0.0167687
573	-0.0156836
574	-0.0163346
575	-0.0182878
576	-0.0186133
577	-0.0168772
578	-0.0162261
579	-0.0172027
580	-0.0167687
581	-0.0161176
582	-0.0165517
583	-0.0173112
584	-0.0176367
585	-0.0170942
586	-0.0175282
587	-0.0174197
588	-0.0177452
589	-0.0179622
590	-0.0165517
591	-0.0153581
592	-0.0162261
593	-0.0174197
594	-0.0165517
595	-0.0169857
596	-0.0176367
597	-0.0188303
598	-0.0178537
599	-0.0180708
600	-0.0199154
601	-0.0212175
602	-0.0205664
603	-0.0194813
604	-0.0207834
605	-0.0214345
606	-0.021326
607	-0.0208919
608	-0.0206749
609	-0.0201324
610	-0.021543
611	-0.0208919
612	-0.0210004
613	-0.021543
614	-0.0204579
615	-0.0198069
616	-0.0196984
617	-0.0205664
618	-0.0201324
619	-0.0186133
620	-0.0176367
621	-0.0191558
622	-0.0199154
623	-0.0186133
624	-0.0189388
625	-0.0189388
626	-0.0193728
627	-0.0185048
628	-0.0180708
629	-0.0195898
630	-0.0203494
631	-0.0198069
632	-0.0194813
633	-0.0200239
634	-0.0201324
635	-0.0193728
636	-0.0189388
637	-0.0189388
638	-0.0193728
639	-0.0194813
640	-0.0189388
641	-0.0187218
642	-0.0204579
643	-0.0211089
644	-0.0202409
645	-0.0207834
646	-0.02176
647	-0.022411
648	-0.0214345
649	-0.0211089
650	-0.0214345
651	-0.021326
652	-0.021326
653	-0.0205664
654	-0.0208919
655	-0.021543
656	-0.021326
657	-0.021326
658	-0.0223025
659	-0.0227365
660	-0.022411
661	-0.022194
662	-0.0225195
663	-0.0228451
664	-0.0227365
665	-0.0220855
666	-0.0234961
667	-0.0233876
668	-0.0234961
669	-0.02176
670	-0.021543
671	-0.0214345
672	-0.0225195
673	-0.0212175
674	-0.0212175
675	-0.022411
676	-0.0223025
677	-0.022411
678	-0.0237131
679	-0.0233876
680	-0.0230621
681	-0.0229536
682	-0.0225195
683	-0.0232791
684	-0.0238216
685	-0.0239301
686	-0.0239301
687	-0.0233876
688	-0.0238216
689	-0.0240386
690	-0.0240386
691	-0.0231706
692	-0.0239301
693	-0.0237131
694	-0.0237131
695	-0.0236046
696	-0.0245812
697	-0.0249067
698	-0.0244727
699	-0.0251237
700	-0.0257747
701	-0.0246897
702	-0.0247982
703	-0.0244727
704	-0.0252322
705	-0.0262088
706	-0.0251237
707	-0.0244727
708	-0.0250152
709	-0.0268598
710	-0.0258833
711	-0.0247982
712	-0.0251237
713	-0.0258833
714	-0.0259918
715	-0.0255577
716	-0.0258833
717	-0.0265343
718	-0.0261003
719	-0.0256662
720	-0.0251237
721	-0.0255577
722	-0.0250152
723	-0.0251237
724	-0.0246897
725	-0.0250152
726	-0.0268598
727	-0.0264258
728	-0.0262088
729	-0.0266428
730	-0.0266428
731	-0.0259918
732	-0.0254492
733	-0.0250152
734	-0.0234961
735	-0.0228451
736	-0.022411
737	-0.0229536
738	-0.0225195
739	-0.0223025
740	-0.0216515
741	-0.0212175
742	-0.0212175
743	-0.0210004
744	-0.0210004
745	-0.021326
746	-0.021543
747	-0.0214345
748	-0.021326
749	-0.021543
750	-0.021326
751	-0.02176
752	-0.0218685
753	-0.0218685
754	-0.0218685
755	-0.0220855
756	-0.0223025
757	-0.022411
758	-0.022628
759	-0.022411
760	-0.0236046
761	-0.0251237
762	-0.0245812
763	-0.0236046
764	-0.0241471
765	-0.0247982
766	-0.0247982
767	-0.0244727
768	-0.0237131
769	-0.0239301
770	-0.0239301
771	-0.0236046
772	-0.0238216
773	-0.0243642
774	-0.0237131
775	-0.0249067
776	-0.0242556
777	-0.0238216
778	-0.0246897
779	-0.0256662
780	-0.0239301
781	-0.0234961
782	-0.0241471
783	-0.0241471
784	-0.0244727
785	-0.0241471
786	-0.0244727
787	-0.0244727
788	-0.0241471
789	-0.0236046
790	-0.0244727
791	-0.0249067
792	-0.0249067
793	-0.0238216
794	-0.0241471
795	-0.0245812
796	-0.0255577
797	-0.0243642
798	-0.0249067
799	-0.0254492
800	-0.0254492
801	-0.0240386
802	-0.0241471
803	-0.0241471
804	-0.0249067
805	-0.0253407
806	-0.0261003
807	-0.0256662
808	-0.0259918
809	-0.0250152
810	-0.0240386
811	-0.0238216
812	-0.0243642
813	-0.0241471
814	-0.0233876
815	-0.0227365
816	-0.0232791
817	-0.0230621
818	-0.0231706
819	-0.0227365
820	-0.022628
821	-0.0236046
822	-0.022628
823	-0.0220855
824	-0.0225195
825	-0.0236046
826	-0.0242556
827	-0.0244727
828	-0.0237131
829	-0.0237131
830	-0.0242556
831	-0.0246897
832	-0.0242556
833	-0.0239301
834	-0.0250152
835	-0.0246897
836	-0.0246897
837	-0.0246897
838	-0.0242556
839	-0.0237131
840	-0.0238216
841	-0.0244727
842	-0.0230621
843	-0.0246897
844	-0.0256662
845	-0.0256662
846	-0.0257747
847	-0.0259918
848	-0.0254492
849	-0.0250152
850	-0.0238216
851	-0.0246897
852	-0.0246897
853	-0.0253407
854	-0.0241471
855	-0.0242556
856	-0.0244727
857	-0.0243642
858	-0.0249067
859	-0.0247982
860	-0.0238216
861	-0.0232791
862	-0.0232791
863	-0.0233876
864	-0.0232791
865	-0.0237131
866	-0.0233876
867	-0.0227365
868	-0.0232791
869	-0.0230621
870	-0.0230621
871	-0.0229536
872	-0.0233876
873	-0.0231706
874	-0.0232791
875	-0.022628
876	-0.0231706
877	-0.0234961
878	-0.0234961
879	-0.0228451
880	-0.0223025
881	-0.0228451
882	-0.0228451
883	-0.0234961
884	-0.0236046
885	-0.0249067
886	-0.0252322
887	-0.0246897
888	-0.0240386
889	-0.0245812
890	-0.0244727
891	-0.0233876
892	-0.0237131
893	-0.0246897
894	-0.0247982
895	-0.0251237
896	-0.0245812
897	-0.0252322
898	-0.0255577
899	-0.0244727
900	-0.0244727
901	-0.0250152
902	-0.0249067
903	-0.0253407
904	-0.0247982
905	-0.0232791
906	-0.0237131
907	-0.0243642
908	-0.0240386
909	-0.0232791
910	-0.0237131
911	-0.0234961
912	-0.0240386
913	-0.0229536
914	-0.021977
915	-0.0223025
916	-0.0231706
917	-0.0230621
918	-0.0233876
919	-0.0236046
920	-0.0234961
921	-0.0238216
922	-0.0241471
923	-0.0238216
924	-0.0236046
925	-0.0234961
926	-0.0233876
927	-0.0242556
928	-0.0242556
929	-0.0243642
930	-0.0245812
931	-0.0237131
932	-0.0236046
933	-0.0233876
934	-0.0228451
935	-0.0220855
936	-0.0211089
937	-0.0214345
938	-0.021326
939	-0.0216515
940	-0.0208919
941	-0.0210004
942	-0.021326
943	-0.0207834
944	-0.0218685
945	-0.0227365
946	-0.0223025
947	-0.0225195
948	-0.0223025
949	-0.021977
950	-0.022194
951	-0.0223025
952	-0.022628
953	-0.0216515
954	-0.022411
955	-0.021326
956	-0.022194
957	-0.022411
958	-0.0236046
959	-0.0228451
960	-0.022194
961	-0.02176
962	-0.0230621
963	-0.022411
964	-0.0227365
965	-0.0228451
966	-0.0228451
967	-0.0214345
968	-0.021326
969	-0.0232791
970	-0.0234961
971	-0.022411
972	-0.0227365
973	-0.0229536
974	-0.0229536
975	-0.0242556
976	-0.0228451
977	-0.0232791
978	-0.0236046
979	-0.0230621
980	-0.0227365
981	-0.0236046
982	-0.0240386
983	-0.0240386
984	-0.0240386
985	-0.0230621
986	-0.0230621
987	-0.0238216
988	-0.0231706
989	-0.0227365
990	-0.0229536
991	-0.0233876
992	-0.021977
993	-0.021977
994	-0.0225195
995	-0.0225195
996	-0.0230621
997	-0.0220855
998	-0.0220855
999	-0.022628
1000	-0.0234961
1001	-0.0232791
1002	-0.0228451
1003	-0.02176
1004	-0.021977
1005	-0.0228451
1006	-0.0225195
1007	-0.0229536
1008	-0.022411
1009	-0.022628
1010	-0.021543
1011	-0.0203494
1012	-0.0211089
1013	-0.02176
1014	-0.021543
1015	-0.0204579
1016	-0.0207834
1017	-0.0211089
1018	-0.0203494
1019	-0.0205664
1020	-0.0212175
1021	-0.0225195
1022	-0.021977
1023	-0.0218685
