0	-8.50304e-05
1	5.08391e-05
2	0.00033107
3	0.000455617
4	0.000478262
5	0.000271627
6	0.000365038
7	0.000348054
8	0.000206523
9	6.49922e-05
10	-5.1063e-05
11	6.49922e-05
12	-0.00013032
13	-0.000260529
14	-0.000263359
15	-0.000184102
16	-8.21998e-05
17	-0.000152965
18	-0.000246376
19	-0.00012749
20	-8.21998e-05
21	-5.77318e-06
22	-0.000118998
23	-0.000184102
24	-9.06917e-05
25	-0.000102014
26	-0.000427535
27	-0.000351108
28	-0.000283174
29	-0.000150135
30	-5.38937e-05
31	0.000141419
32	0.000141419
33	5.36697e-05
34	-0.000144473
35	-0.000302988
36	-0.000271851
37	-1.99263e-05
38	0.000113113
39	0.000277288
40	0.000274458
41	0.000231999
42	-9.91835e-05
43	-7.08774e-05
44	6.21616e-05
45	6.49922e-05
46	-4.82324e-05
47	-0.000152965
48	0.000169725
49	0.00037636
50	0.00046694
51	0.000534874
52	0.000274458
53	0.00046977
54	0.000444295
55	0.00083775
56	0.00121422
57	0.00247668
58	0.00730288
59	0.0219796
60	0.0587267
61	0.13007
62	0.238247
63	0.371145
64	0.512435
65	0.649892
66	0.777267
67	0.891938
68	0.992422
69	1.07841
70	1.14953
71	1.20699
72	1.25136
73	1.28384
74	1.30631
75	1.32095
76	1.33098
77	1.33891
78	1.34686
79	1.35496
80	1.36326
81	1.37082
82	1.37608
83	1.37801
84	1.37705
85	1.37473
86	1.37225
87	1.37062
88	1.3709
89	1.37298
90	1.37493
91	1.3753
92	1.37235
93	1.36548
94	1.35557
95	1.34366
96	1.33206
97	1.32261
98	1.31596
99	1.31215
100	1.30957
101	1.3062
102	1.3005
103	1.29117
104	1.27822
105	1.26328
106	1.24877
107	1.2365
108	1.22749
109	1.22124
110	1.21678
111	1.21208
112	1.20558
113	1.1963
114	1.18476
115	1.17186
116	1.15936
117	1.14835
118	1.1395
119	1.13212
120	1.12475
121	1.11601
122	1.10513
123	1.09253
124	1.07857
125	1.0655
126	1.05487
127	1.04793
128	1.04374
129	1.04041
130	1.03557
131	1.02749
132	1.01482
133	0.998084
134	0.979515
135	0.96218
136	0.948316
137	0.939711
138	0.936382
139	0.936679
140	0.937896
141	0.936863
142	0.931052
143	0.919169
144	0.901322
145	0.880002
146	0.85856
147	0.840897
148	0.829886
149	0.82575
150	0.826596
151	0.829843
152	0.831791
153	0.829373
154	0.820641
155	0.806128
156	0.788247
157	0.769687
158	0.753051
159	0.74069
160	0.734041
161	0.732235
162	0.733902
163	0.736172
164	0.736351
165	0.733115
166	0.725577
167	0.714948
168	0.701984
169	0.688335
170	0.675458
171	0.664323
172	0.655534
173	0.648788
174	0.644013
175	0.640209
176	0.636764
177	0.633061
178	0.628997
179	0.624156
180	0.617637
181	0.608783
182	0.597676
183	0.584613
184	0.571278
185	0.559485
186	0.550954
187	0.546597
188	0.546657
189	0.549009
190	0.551322
191	0.551158
192	0.546929
193	0.537919
194	0.525006
195	0.509395
196	0.494223
197	0.482042
198	0.475096
199	0.474221
200	0.47817
201	0.48442
202	0.489696
203	0.490614
204	0.485603
205	0.474923
206	0.460448
207	0.444876
208	0.431536
209	0.422147
210	0.418453
211	0.419593
212	0.42361
213	0.427966
214	0.429911
215	0.428204
216	0.421934
217	0.412508
218	0.401019
219	0.389648
220	0.379818
221	0.372458
222	0.368673
223	0.367906
224	0.368863
225	0.370409
226	0.371167
227	0.370177
228	0.367003
229	0.361614
230	0.354874
231	0.347509
232	0.339866
233	0.332396
234	0.325374
235	0.320457
236	0.317507
237	0.316477
238	0.317083
239	0.318597
240	0.319673
241	0.318396
242	0.314501
243	0.307679
244	0.298579
245	0.289187
246	0.280972
247	0.275396
248	0.273078
249	0.274371
250	0.278224
251	0.282657
252	0.285618
253	0.285635
254	0.281728
255	0.273851
256	0.263833
257	0.253666
258	0.245162
259	0.24043
260	0.239931
261	0.243543
262	0.248927
263	0.253776
264	0.25574
265	0.253651
266	0.247011
267	0.237503
268	0.226995
269	0.217938
270	0.211668
271	0.208976
272	0.20957
273	0.212842
274	0.216729
275	0.219492
276	0.220103
277	0.217683
278	0.212203
279	0.204942
280	0.197183
281	0.190574
282	0.18564
283	0.183047
284	0.182795
285	0.184267
286	0.186235
287	0.187902
288	0.188225
289	0.18716
290	0.184519
291	0.180285
292	0.174844
293	0.169251
294	0.164023
295	0.159825
296	0.157529
297	0.157065
298	0.158093
299	0.15987
300	0.16132
301	0.161829
302	0.160558
303	0.157388
304	0.152355
305	0.146184
306	0.140333
307	0.135637
308	0.132999
309	0.132425
310	0.1338
311	0.136189
312	0.138386
313	0.139348
314	0.138544
315	0.135651
316	0.130868
317	0.124932
318	0.119673
319	0.116072
320	0.11479
321	0.115141
322	0.116542
323	0.118951
324	0.12059
325	0.120811
326	0.11933
327	0.116265
328	0.11218
329	0.107906
330	0.103784
331	0.100795
332	0.0993177
333	0.0993149
334	0.100099
335	0.10126
336	0.102296
337	0.102378
338	0.100976
339	0.0985704
340	0.0949982
341	0.0909929
342	0.0871404
343	0.0841937
344	0.0825293
345	0.0822916
346	0.0827529
347	0.0836135
348	0.0847514
349	0.0853769
350	0.0847174
351	0.0825123
352	0.0794496
353	0.0756255
354	0.0720928
355	0.0690018
356	0.0670911
357	0.0667685
358	0.06798
359	0.069718
360	0.0716116
361	0.0725401
362	0.0720928
363	0.0700039
364	0.0666411
365	0.0627462
366	0.0593834
367	0.0565952
368	0.0547298
369	0.0543534
370	0.0554262
371	0.0573793
372	0.0589418
373	0.0597542
374	0.0594994
375	0.0574784
376	0.0537929
377	0.0493715
378	0.045737
379	0.0428752
380	0.041559
381	0.0415788
382	0.0433225
383	0.0456945
384	0.0474976
385	0.0482817
386	0.0476533
387	0.045754
388	0.0425695
389	0.0388246
390	0.0358157
391	0.0340324
392	0.0334719
393	0.0339616
394	0.0352014
395	0.0366337
396	0.0377886
397	0.0381594
398	0.0372027
399	0.0358072
400	0.0338597
401	0.0317
402	0.0298799
403	0.0288835
404	0.0284702
405	0.0287759
406	0.0294779
407	0.0305932
408	0.0315981
409	0.0325322
410	0.0325633
411	0.0319943
412	0.0309697
413	0.029376
414	0.0271512
415	0.0250169
416	0.0233355
417	0.0225769
418	0.0228628
419	0.0238422
420	0.0251669
421	0.0267209
422	0.0275022
423	0.0273663
424	0.0264067
425	0.0240913
426	0.0214022
427	0.0184923
428	0.0164854
429	0.0155202
430	0.016375
431	0.0179375
432	0.0196698
433	0.021204
434	0.0218551
435	0.0209323
436	0.018999
437	0.0167203
438	0.0143907
439	0.0124376
440	0.0110421
441	0.0109515
442	0.0116564
443	0.0131283
444	0.0143992
445	0.0149342
446	0.0145974
447	0.0136661
448	0.0122508
449	0.0104052
450	0.00867856
451	0.00760575
452	0.0070368
453	0.00710473
454	0.00760858
455	0.00828793
456	0.00883707
457	0.00914278
458	0.00903521
459	0.00854269
460	0.00752083
461	0.0065188
462	0.0054743
463	0.00447792
464	0.00360892
465	0.00285598
466	0.00234364
467	0.00241157
468	0.00309658
469	0.00403352
470	0.00463927
471	0.0046053
472	0.00384953
473	0.00256726
474	0.000894363
475	-0.000651154
476	-0.00189946
477	-0.00247407
478	-0.00210609
479	-0.00102763
480	9.6129e-05
481	0.00133028
482	0.00208322
483	0.0019332
484	0.000795291
485	-0.000761548
486	-0.00225045
487	-0.00347328
488	-0.00454325
489	-0.00455457
490	-0.00392901
491	-0.00316191
492	-0.00204099
493	-0.00146071
494	-0.00162205
495	-0.00240047
496	-0.00368557
497	-0.00506408
498	-0.00647656
499	-0.00663508
500	-0.00549151
501	-0.00356669
502	-0.00116633
503	0.00142652
504	0.00365138
505	0.00540636
506	0.00663202
507	0.007518
508	0.00773596
509	0.00807564
510	0.0086361
511	0.00894747
512	0.00917958
513	0.0090805
514	0.00898143
515	0.00890501
516	0.008738
517	0.00871819
518	0.00855401
519	0.00838983
520	0.00836436
521	0.00817188
522	0.00774728
523	0.00719531
524	0.00646218
525	0.00595833
526	0.00553374
527	0.00513179
528	0.00489119
529	0.00484307
530	0.00470154
531	0.00458832
532	0.00433922
533	0.00357779
534	0.00266916
535	0.00137557
536	0.000226337
537	-0.000472825
538	-0.000750225
539	-0.000597372
540	1.97024e-05
541	0.000701881
542	0.0012765
543	0.00101608
544	0.000274458
545	-0.00081816
546	-0.00178057
547	-0.00244576
548	-0.00285903
549	-0.00215704
550	-0.00151732
551	-0.0010163
552	-0.000959691
553	-0.00119746
554	-0.00186266
555	-0.00305435
556	-0.00462817
557	-0.00572928
558	-0.00622464
559	-0.00641429
560	-0.0061199
561	-0.00544905
562	-0.0047046
563	-0.00401676
564	-0.00401676
565	-0.00454325
566	-0.00542923
567	-0.00638032
568	-0.00723234
569	-0.00799377
570	-0.00847781
571	-0.00874105
572	-0.00867595
573	-0.00859669
574	-0.00840138
575	-0.00853159
576	-0.00859386
577	-0.00942323
578	-0.00996105
579	-0.0106772
580	-0.0108584
581	-0.0109206
582	-0.0106489
583	-0.00987047
584	-0.00875238
585	-0.00787772
586	-0.00712477
587	-0.00646807
588	-0.00602366
589	-0.00586232
590	-0.00603499
591	-0.00615104
592	-0.00621898
593	-0.00620765
594	-0.00655016
595	-0.00646807
596	-0.00626143
597	-0.00600385
598	-0.00571229
599	-0.00556793
600	-0.00531601
601	-0.00553114
602	-0.00612273
603	-0.00700306
604	-0.00791734
605	-0.00846931
606	-0.0087637
607	-0.00915149
608	-0.00932133
609	-0.00859386
610	-0.00777581
611	-0.00726347
612	-0.00677095
613	-0.00648505
614	-0.0067115
615	-0.00746445
616	-0.00863066
617	-0.00954212
618	-0.0101422
619	-0.0104592
620	-0.010513
621	-0.0098082
622	-0.00870709
623	-0.00778997
624	-0.00749558
625	-0.00786639
626	-0.00853725
627	-0.00995256
628	-0.0114188
629	-0.0126332
630	-0.0131455
631	-0.0132389
632	-0.0130294
633	-0.0127237
634	-0.0125029
635	-0.0122369
636	-0.0121435
637	-0.0127719
638	-0.0134087
639	-0.0144164
640	-0.0151977
641	-0.0159478
642	-0.0167177
643	-0.016913
644	-0.0170121
645	-0.0170376
646	-0.0166611
647	-0.0157553
648	-0.0151354
649	-0.0144447
650	-0.0139522
651	-0.0134795
652	-0.0133295
653	-0.0133663
654	-0.0136635
655	-0.0139494
656	-0.0142409
657	-0.0140003
658	-0.0135673
659	-0.0129558
660	-0.0124916
661	-0.0123105
662	-0.0125454
663	-0.0130323
664	-0.0137428
665	-0.0147363
666	-0.0152571
667	-0.0158346
668	-0.0158459
669	-0.0154213
670	-0.0148524
671	-0.0141504
672	-0.013706
673	-0.0135446
674	-0.0137286
675	-0.0141221
676	-0.0144221
677	-0.0149005
678	-0.0151779
679	-0.0150137
680	-0.0144929
681	-0.0139607
682	-0.013287
683	-0.0126416
684	-0.0125709
685	-0.0125397
686	-0.012919
687	-0.0134823
688	-0.0142381
689	-0.0146655
690	-0.0149939
691	-0.0148976
692	-0.0148184
693	-0.0142409
694	-0.0137201
695	-0.0134937
696	-0.0137626
697	-0.0141419
698	-0.0146655
699	-0.0154185
700	-0.0159393
701	-0.0162931
702	-0.0164828
703	-0.0166271
704	-0.0166781
705	-0.0167007
706	-0.0167942
707	-0.0167998
708	-0.0169555
709	-0.0169838
710	-0.0172584
711	-0.0175811
712	-0.0179292
713	-0.0182378
714	-0.0186001
715	-0.0187728
716	-0.0189369
717	-0.0189992
718	-0.0189822
719	-0.0189822
720	-0.0191379
721	-0.0194295
722	-0.0200607
723	-0.0207146
724	-0.0212297
725	-0.0216458
726	-0.0218836
727	-0.0219091
728	-0.0218128
729	-0.0214817
730	-0.021309
731	-0.021476
732	-0.0216826
733	-0.022345
734	-0.0230215
735	-0.023582
736	-0.0239698
737	-0.02425
738	-0.0244
739	-0.0241113
740	-0.0235678
741	-0.0227639
742	-0.0221355
743	-0.022011
744	-0.0222261
745	-0.0225714
746	-0.0229677
747	-0.0234461
748	-0.0234121
749	-0.0233555
750	-0.023415
751	-0.0235254
752	-0.0231857
753	-0.0229791
754	-0.0229196
755	-0.023047
756	-0.0235254
757	-0.0239358
758	-0.0242642
759	-0.0249605
760	-0.0253738
761	-0.0254077
762	-0.0251728
763	-0.0251388
764	-0.0251077
765	-0.0250397
766	-0.0246944
767	-0.0248048
768	-0.0253143
769	-0.025671
770	-0.0257219
771	-0.0261833
772	-0.0266221
773	-0.0267523
774	-0.0268259
775	-0.0269164
776	-0.0267862
777	-0.0267466
778	-0.0264607
779	-0.0265145
780	-0.0269787
781	-0.0275731
782	-0.0281846
783	-0.028612
784	-0.0291328
785	-0.0294329
786	-0.0294668
787	-0.0292007
788	-0.0287507
789	-0.0282695
790	-0.0280459
791	-0.0280827
792	-0.0283827
793	-0.0291158
794	-0.0296055
795	-0.0305821
796	-0.0311256
797	-0.0316096
798	-0.0314086
799	-0.0310095
800	-0.0302877
801	-0.0296933
802	-0.0292998
803	-0.0293196
804	-0.0295404
805	-0.0298291
806	-0.0302849
807	-0.0309812
808	-0.0314652
809	-0.0311878
810	-0.031001
811	-0.030885
812	-0.0304066
813	-0.0299735
814	-0.0298518
815	-0.030299
816	-0.0306472
817	-0.0311425
818	-0.0315926
819	-0.0320625
820	-0.0321927
821	-0.0324078
822	-0.032255
823	-0.0319153
824	-0.0316039
825	-0.0311454
826	-0.0311171
827	-0.0313492
828	-0.0315332
829	-0.032071
830	-0.0326286
831	-0.032906
832	-0.0331579
833	-0.0328664
834	-0.0322663
835	-0.0314907
836	-0.0309387
837	-0.0302594
838	-0.0293762
839	-0.0290281
840	-0.0288894
841	-0.0293083
842	-0.0295376
843	-0.0297782
844	-0.0297018
845	-0.0293338
846	-0.0286743
847	-0.0276496
848	-0.0267155
849	-0.0261607
850	-0.025603
851	-0.0253483
852	-0.0253794
853	-0.0254757
854	-0.0259993
855	-0.0265881
856	-0.0272391
857	-0.0277685
858	-0.0279751
859	-0.0278421
860	-0.0273071
861	-0.0265485
862	-0.0257983
863	-0.0250426
864	-0.0239245
865	-0.0226281
866	-0.0216005
867	-0.0209353
868	-0.0202871
869	-0.0193162
870	-0.0182972
871	-0.0172555
872	-0.0160044
873	-0.014575
874	-0.0137343
875	-0.0133295
876	-0.0130521
877	-0.0131795
878	-0.0133691
879	-0.013805
880	-0.0142749
881	-0.0147957
882	-0.0147391
883	-0.0146457
884	-0.0144193
885	-0.0140343
886	-0.0134654
887	-0.0130861
888	-0.0131738
889	-0.0134625
890	-0.0136776
891	-0.0141079
892	-0.0148269
893	-0.0151949
894	-0.0151213
895	-0.0152571
896	-0.0158317
897	-0.0158289
898	-0.0155006
899	-0.015093
900	-0.0150024
901	-0.0153024
902	-0.0156279
903	-0.0157582
904	-0.0164828
905	-0.017131
906	-0.0176716
907	-0.0180594
908	-0.0180198
909	-0.0179179
910	-0.017833
911	-0.0177962
912	-0.0176122
913	-0.0177
914	-0.0178868
915	-0.0182859
916	-0.0186397
917	-0.0192596
918	-0.0197069
919	-0.0196106
920	-0.0197295
921	-0.0196502
922	-0.0196446
923	-0.019336
924	-0.0190785
925	-0.0187246
926	-0.018368
927	-0.0185208
928	-0.0188662
929	-0.0190983
930	-0.0191634
931	-0.0190134
932	-0.0189228
933	-0.0187614
934	-0.0185859
935	-0.0187105
936	-0.018685
937	-0.0188832
938	-0.0191521
939	-0.0194974
940	-0.0197606
941	-0.0200409
942	-0.0201626
943	-0.0202334
944	-0.0203437
945	-0.0205759
946	-0.0209014
947	-0.0212326
948	-0.0213911
949	-0.0216034
950	-0.0214449
951	-0.0212948
952	-0.0213854
953	-0.0217279
954	-0.0219006
955	-0.022328
956	-0.0228573
957	-0.0231942
958	-0.0235565
959	-0.0239896
960	-0.0242217
961	-0.0241283
962	-0.0241594
963	-0.0241311
964	-0.0243123
965	-0.0244057
966	-0.0244821
967	-0.024935
968	-0.0251954
969	-0.0255436
970	-0.0258125
971	-0.026189
972	-0.0264013
973	-0.0263079
974	-0.0261635
975	-0.0258351
976	-0.0257587
977	-0.0256993
978	-0.0257927
979	-0.0262796
980	-0.0266447
981	-0.0270495
982	-0.0271316
983	-0.0271401
984	-0.0273439
985	-0.0274429
986	-0.0275363
987	-0.0273495
988	-0.0271089
989	-0.0268966
990	-0.0267126
991	-0.026339
992	-0.0260814
993	-0.0264749
994	-0.0270948
995	-0.0273099
996	-0.0273524
997	-0.0266843
998	-0.0252181
999	-0.0233782
1000	-0.021275
1001	-0.0195087
1002	-0.0175471
1003	-0.0161261
1004	-0.0149627
1005	-0.0141758
1006	-0.0137399
1007	-0.0133436
1008	-0.0130776
1009	-0.0128964
1010	-0.0129021
1011	-0.012786
1012	-0.012452
1013	-0.0121406
1014	-0.011801
1015	-0.0116594
1016	-0.011433
1017	-0.0114273
1018	-0.0119368
1019	-0.012636
1020	-0.0134852
1021	-0.0139098
1022	-0.0142834
1023	-0.0143796
