0	8.16915e-05
1	-7.11617e-05
2	-4.0025e-05
3	5.2649e-06
4	0.000112828
5	0.000163779
6	0.000109998
7	9.58446e-05
8	0.000169441
9	0.000146796
10	0.000152457
11	0.000158118
12	0.000135473
13	9.58446e-05
14	4.20629e-05
15	7.60303e-05
16	5.33854e-05
17	-2.30413e-05
18	-0.000139097
19	-8.81454e-05
20	5.2649e-06
21	-3.43637e-05
22	-0.000170233
23	-0.000178725
24	2.50792e-05
25	8.73528e-05
26	1.65874e-05
27	-1.738e-05
28	1.9418e-05
29	-0.00020137
30	-7.39923e-05
31	-2.58719e-05
32	0.000183594
33	0.000194916
34	0.000126981
35	0.000104336
36	6.18772e-05
37	0.000155288
38	-8.24842e-05
39	-5.98393e-05
40	-0.000147588
41	6.18772e-05
42	6.47078e-05
43	-7.6823e-05
44	-0.000348562
45	-0.000311764
46	-0.000260813
47	-5.70086e-05
48	-0.00015608
49	-0.000141927
50	-8.88818e-06
51	0.000109998
52	8.16915e-05
53	0.000271343
54	0.000376076
55	0.0004893
56	0.00122809
57	0.00363978
58	0.0112796
59	0.033834
60	0.0846435
61	0.173938
62	0.296475
63	0.435173
64	0.573853
65	0.703705
66	0.820796
67	0.924009
68	1.01276
69	1.08721
70	1.14821
71	1.1971
72	1.2354
73	1.26444
74	1.2863
75	1.30226
76	1.3135
77	1.32093
78	1.32595
79	1.32934
80	1.33261
81	1.33786
82	1.34578
83	1.35575
84	1.3666
85	1.37683
86	1.38584
87	1.39325
88	1.39873
89	1.40193
90	1.40303
91	1.40235
92	1.39993
93	1.39593
94	1.39088
95	1.38494
96	1.37838
97	1.37124
98	1.3634
99	1.35525
100	1.34696
101	1.33858
102	1.33024
103	1.32202
104	1.31425
105	1.30654
106	1.29886
107	1.29112
108	1.28334
109	1.27529
110	1.26748
111	1.25941
112	1.251
113	1.24242
114	1.23363
115	1.22474
116	1.21554
117	1.2065
118	1.19728
119	1.18775
120	1.17795
121	1.16808
122	1.15823
123	1.14849
124	1.13859
125	1.12886
126	1.11903
127	1.10916
128	1.09939
129	1.0893
130	1.0794
131	1.06937
132	1.05918
133	1.04916
134	1.03923
135	1.02943
136	1.0197
137	1.00991
138	1.00008
139	0.990087
140	0.980143
141	0.970239
142	0.960337
143	0.950707
144	0.941225
145	0.93185
146	0.922616
147	0.913346
148	0.904013
149	0.894851
150	0.885779
151	0.876721
152	0.867555
153	0.858486
154	0.849363
155	0.840231
156	0.831516
157	0.822662
158	0.813946
159	0.805304
160	0.796756
161	0.787975
162	0.779319
163	0.77057
164	0.76231
165	0.754285
166	0.746484
167	0.738838
168	0.731235
169	0.723567
170	0.716219
171	0.708854
172	0.701596
173	0.694418
174	0.686979
175	0.67965
176	0.672531
177	0.66522
178	0.65799
179	0.650625
180	0.643246
181	0.636308
182	0.629328
183	0.62235
184	0.615435
185	0.608707
186	0.602258
187	0.595901
188	0.589801
189	0.583718
190	0.577706
191	0.571852
192	0.56614
193	0.560379
194	0.554367
195	0.548641
196	0.54277
197	0.536846
198	0.531213
199	0.525801
200	0.520315
201	0.515008
202	0.50959
203	0.504059
204	0.498715
205	0.493665
206	0.488431
207	0.483288
208	0.477997
209	0.472967
210	0.467883
211	0.46272
212	0.457475
213	0.452128
214	0.446951
215	0.441822
216	0.436812
217	0.431688
218	0.42674
219	0.421982
220	0.417346
221	0.412664
222	0.408073
223	0.403459
224	0.39889
225	0.394406
226	0.389923
227	0.38562
228	0.381567
229	0.377445
230	0.373508
231	0.369587
232	0.365763
233	0.362024
234	0.358169
235	0.354455
236	0.350498
237	0.346923
238	0.342875
239	0.339048
240	0.335442
241	0.331739
242	0.328108
243	0.325068
244	0.322684
245	0.321272
246	0.320182
247	0.31905
248	0.317697
249	0.316044
250	0.314269
251	0.312488
252	0.310563
253	0.30837
254	0.305853
255	0.303263
256	0.300413
257	0.297605
258	0.294726
259	0.291828
260	0.288771
261	0.285696
262	0.282838
263	0.279622
264	0.2768
265	0.273998
266	0.271116
267	0.268532
268	0.265944
269	0.263134
270	0.260433
271	0.2576
272	0.255015
273	0.252369
274	0.249663
275	0.247135
276	0.244503
277	0.241638
278	0.238847
279	0.236144
280	0.233223
281	0.230426
282	0.227505
283	0.224773
284	0.222093
285	0.219412
286	0.216751
287	0.214368
288	0.211769
289	0.209315
290	0.206708
291	0.204223
292	0.201828
293	0.199674
294	0.197401
295	0.195029
296	0.192504
297	0.190228
298	0.187845
299	0.185668
300	0.183381
301	0.181179
302	0.17909
303	0.176924
304	0.17479
305	0.172902
306	0.170771
307	0.168673
308	0.166618
309	0.164739
310	0.162695
311	0.160657
312	0.158678
313	0.156629
314	0.154568
315	0.152612
316	0.15073
317	0.148805
318	0.146943
319	0.145038
320	0.143198
321	0.141448
322	0.139617
323	0.137938
324	0.135985
325	0.134403
326	0.132693
327	0.131182
328	0.129636
329	0.127938
330	0.126418
331	0.124869
332	0.123332
333	0.121586
334	0.119805
335	0.11809
336	0.116428
337	0.114685
338	0.113057
339	0.111588
340	0.109836
341	0.108347
342	0.106745
343	0.105253
344	0.103861
345	0.102369
346	0.100877
347	0.0995807
348	0.0981654
349	0.0967501
350	0.0954197
351	0.0941261
352	0.0925466
353	0.091052
354	0.0897245
355	0.088496
356	0.0871882
357	0.0857418
358	0.0845246
359	0.0835537
360	0.0824441
361	0.0813968
362	0.0801938
363	0.079121
364	0.0779265
365	0.0770093
366	0.0761715
367	0.0753591
368	0.0745042
369	0.073355
370	0.0723501
371	0.071484
372	0.0704027
373	0.0696271
374	0.0685486
375	0.0678523
376	0.0667031
377	0.0658539
378	0.0648547
379	0.0638158
380	0.0627713
381	0.0617382
382	0.0606427
383	0.0595614
384	0.0586018
385	0.0576989
386	0.0566629
387	0.0557316
388	0.0549079
389	0.0539823
390	0.0529519
391	0.0521339
392	0.0511856
393	0.0501893
394	0.0493429
395	0.0488419
396	0.0488843
397	0.0493231
398	0.0501242
399	0.0508233
400	0.0513498
401	0.0519329
402	0.0522301
403	0.0524622
404	0.0525924
405	0.052366
406	0.0521339
407	0.0517914
408	0.0513045
409	0.0505686
410	0.0498524
411	0.0491363
412	0.0484937
413	0.0479814
414	0.047152
415	0.0462037
416	0.0454055
417	0.0445507
418	0.0439336
419	0.0433675
420	0.0428834
421	0.0425834
422	0.0418842
423	0.0410266
424	0.0402227
425	0.0395207
426	0.0389404
427	0.0383318
428	0.0377232
429	0.0370807
430	0.0362824
431	0.035504
432	0.0349804
433	0.0343123
434	0.0335169
435	0.0326876
436	0.0319346
437	0.0312071
438	0.0303891
439	0.0298201
440	0.0289766
441	0.0281331
442	0.0274877
443	0.0266555
444	0.0260979
445	0.0256959
446	0.0250987
447	0.024558
448	0.0238617
449	0.0233946
450	0.0228115
451	0.0222454
452	0.0216453
453	0.0212773
454	0.0209122
455	0.0205131
456	0.0200913
457	0.0194629
458	0.0189421
459	0.0184269
460	0.0179655
461	0.0173994
462	0.0166549
463	0.0160832
464	0.0156444
465	0.0150472
466	0.014365
467	0.0137196
468	0.0131676
469	0.0126638
470	0.0122505
471	0.0115853
472	0.011056
473	0.0107956
474	0.0104729
475	0.00998602
476	0.00968597
477	0.00920194
478	0.00872073
479	0.00832728
480	0.00785173
481	0.00745545
482	0.0067393
483	0.00609109
484	0.00535513
485	0.0048258
486	0.00453991
487	0.0039936
488	0.00346994
489	0.0030227
490	0.00261226
491	0.00207445
492	0.00169797
493	0.00114883
494	0.00067329
495	0.000155288
496	-0.000408005
497	-0.000875057
498	-0.00120907
499	-0.00187143
500	-0.00219978
501	-0.00245737
502	-0.00284517
503	-0.00299519
504	-0.0030518
505	-0.00315087
506	-0.00318767
507	-0.00344809
508	-0.00359528
509	-0.00363774
510	-0.00372266
511	-0.00407082
512	-0.00434539
513	-0.00461147
514	-0.00488887
515	-0.00538989
516	-0.00574655
517	-0.00589374
518	-0.0064542
519	-0.00691842
520	-0.00726942
521	-0.00756946
522	-0.00800255
523	-0.00841299
524	-0.0087838
525	-0.00938955
526	-0.00974904
527	-0.0101566
528	-0.0104086
529	-0.010785
530	-0.0109407
531	-0.0113653
532	-0.0117475
533	-0.0121098
534	-0.012356
535	-0.012741
536	-0.0129674
537	-0.0134062
538	-0.0134798
539	-0.0138364
540	-0.014111
541	-0.0145866
542	-0.0147819
543	-0.0152489
544	-0.0156565
545	-0.0158405
546	-0.0162085
547	-0.0165737
548	-0.0167605
549	-0.0169303
550	-0.0173266
551	-0.0178163
552	-0.0180795
553	-0.018323
554	-0.0185523
555	-0.0188693
556	-0.0191382
557	-0.0194439
558	-0.0196987
559	-0.0198883
560	-0.0202563
561	-0.0205988
562	-0.0210743
563	-0.0212328
564	-0.0215131
565	-0.0215272
566	-0.0211847
567	-0.0206158
568	-0.0196845
569	-0.0188098
570	-0.0180343
571	-0.0173323
572	-0.0168397
573	-0.0166472
574	-0.0163387
575	-0.0161972
576	-0.0161292
577	-0.0161264
578	-0.0162595
579	-0.0163925
580	-0.0166246
581	-0.0167888
582	-0.0167265
583	-0.0169473
584	-0.0172219
585	-0.01742
586	-0.0176181
587	-0.0178446
588	-0.0178701
589	-0.017754
590	-0.0178191
591	-0.0178814
592	-0.0179465
593	-0.0179975
594	-0.0181588
595	-0.018173
596	-0.0182041
597	-0.0184985
598	-0.018606
599	-0.0188268
600	-0.0190929
601	-0.0193929
602	-0.0198543
603	-0.020078
604	-0.0202648
605	-0.0206865
606	-0.0208903
607	-0.0209809
608	-0.0211055
609	-0.0214508
610	-0.0217508
611	-0.0220226
612	-0.0221868
613	-0.0225179
614	-0.022801
615	-0.0231577
616	-0.0233898
617	-0.0236219
618	-0.0239021
619	-0.0242361
620	-0.0245192
621	-0.0250117
622	-0.0251929
623	-0.0253174
624	-0.0253967
625	-0.0256628
626	-0.0258496
627	-0.0261213
628	-0.0263902
629	-0.0267356
630	-0.0268601
631	-0.0271375
632	-0.0272479
633	-0.0274489
634	-0.0277886
635	-0.0280263
636	-0.0282471
637	-0.0284283
638	-0.0286887
639	-0.028867
640	-0.0292803
641	-0.0292633
642	-0.0293511
643	-0.0294501
644	-0.0293114
645	-0.0294105
646	-0.0294275
647	-0.0292208
648	-0.0291784
649	-0.0293256
650	-0.0293709
651	-0.0294671
652	-0.0294954
653	-0.0297756
654	-0.0298181
655	-0.0300672
656	-0.0301408
657	-0.030288
658	-0.030455
659	-0.0307862
660	-0.0308343
661	-0.0309136
662	-0.0311004
663	-0.0310891
664	-0.0310777
665	-0.0310636
666	-0.0310806
667	-0.0309673
668	-0.0308173
669	-0.030772
670	-0.030922
671	-0.0309532
672	-0.0310664
673	-0.0310975
674	-0.0313042
675	-0.0315986
676	-0.031692
677	-0.0319213
678	-0.0320854
679	-0.0320911
680	-0.0323685
681	-0.0325044
682	-0.032578
683	-0.0327167
684	-0.0328101
685	-0.0329176
686	-0.0329544
687	-0.0331554
688	-0.0332262
689	-0.0334186
690	-0.0334809
691	-0.033614
692	-0.0337753
693	-0.0340074
694	-0.0341801
695	-0.0343697
696	-0.0344405
697	-0.0345849
698	-0.0346358
699	-0.0346896
700	-0.0348141
701	-0.0350321
702	-0.0351736
703	-0.0353152
704	-0.0355388
705	-0.0356746
706	-0.0358926
707	-0.0358417
708	-0.0360143
709	-0.0361813
710	-0.0363342
711	-0.0366456
712	-0.036671
713	-0.0366427
714	-0.0367475
715	-0.0368494
716	-0.0370135
717	-0.0372173
718	-0.0373221
719	-0.0376589
720	-0.0378825
721	-0.038041
722	-0.0381429
723	-0.0384345
724	-0.03846
725	-0.0385874
726	-0.0388195
727	-0.039077
728	-0.0392016
729	-0.0392865
730	-0.0393658
731	-0.039663
732	-0.0397479
733	-0.0398583
734	-0.0400678
735	-0.0402772
736	-0.0402093
737	-0.04013
738	-0.0399602
739	-0.0398215
740	-0.0398215
741	-0.0397507
742	-0.0397338
743	-0.0396743
744	-0.0399319
745	-0.0400564
746	-0.0398923
747	-0.0399008
748	-0.0400338
749	-0.0400536
750	-0.0401046
751	-0.0401074
752	-0.0401442
753	-0.0401782
754	-0.0402942
755	-0.0403338
756	-0.0405914
757	-0.0407499
758	-0.040815
759	-0.0410189
760	-0.0408349
761	-0.0409934
762	-0.0410245
763	-0.0411802
764	-0.0413104
765	-0.0414208
766	-0.0414519
767	-0.0416076
768	-0.0416671
769	-0.0416359
770	-0.0418199
771	-0.0418624
772	-0.0420209
773	-0.0421936
774	-0.042403
775	-0.0424427
776	-0.0425078
777	-0.0425785
778	-0.0425162
779	-0.0426436
780	-0.0426748
781	-0.0431475
782	-0.0431333
783	-0.0431305
784	-0.043272
785	-0.0433484
786	-0.0434645
787	-0.0434588
788	-0.0434645
789	-0.04349
790	-0.0434588
791	-0.0434787
792	-0.0434871
793	-0.0435636
794	-0.0435098
795	-0.0434843
796	-0.0433626
797	-0.0434305
798	-0.0432182
799	-0.0432154
800	-0.0433117
801	-0.043422
802	-0.0434617
803	-0.0433937
804	-0.0434249
805	-0.0436287
806	-0.0436004
807	-0.0436994
808	-0.0437617
809	-0.0437589
810	-0.0437023
811	-0.0437674
812	-0.04364
813	-0.0436457
814	-0.043773
815	-0.044008
816	-0.0439655
817	-0.044141
818	-0.0441863
819	-0.0444835
820	-0.0444609
821	-0.0444722
822	-0.0446024
823	-0.0446534
824	-0.0446505
825	-0.0449477
826	-0.0452365
827	-0.0452195
828	-0.0451855
829	-0.0452959
830	-0.0452676
831	-0.045412
832	-0.0453242
833	-0.0450525
834	-0.0446534
835	-0.0440816
836	-0.0435523
837	-0.0429918
838	-0.0424059
839	-0.0418539
840	-0.0413302
841	-0.0409934
842	-0.0407245
843	-0.0405631
844	-0.0402036
845	-0.039997
846	-0.0397422
847	-0.0395328
848	-0.0389355
849	-0.0382505
850	-0.0372626
851	-0.0361219
852	-0.0350859
853	-0.0341829
854	-0.0331214
855	-0.0322609
856	-0.0316891
857	-0.0310891
858	-0.0305484
859	-0.0300587
860	-0.0292067
861	-0.0274744
862	-0.0243635
863	-0.0200751
864	-0.0154952
865	-0.0113851
866	-0.00756097
867	-0.00415857
868	-0.00109018
869	0.00143473
870	0.00284437
871	0.00353504
872	0.00412947
873	0.00478618
874	0.0055193
875	0.00608826
876	0.00654965
877	0.00670533
878	0.00704784
879	0.00722334
880	0.00727712
881	0.00727995
882	0.00745828
883	0.00778946
884	0.00821405
885	0.00849711
886	0.00877168
887	0.00903776
888	0.0093463
889	0.00943405
890	0.00955859
891	0.00944254
892	0.00932365
893	0.00914532
894	0.0088934
895	0.00882263
896	0.00876036
897	0.00842069
898	0.00825085
899	0.00804988
900	0.00786872
901	0.00747809
902	0.00714691
903	0.00709313
904	0.00693461
905	0.00691763
906	0.00681573
907	0.00662891
908	0.00669967
909	0.00662891
910	0.00636283
911	0.00617318
912	0.00586464
913	0.00551647
914	0.00519378
915	0.00501262
916	0.00492204
917	0.00458237
918	0.00431912
919	0.00394831
920	0.00360581
921	0.00350957
922	0.00325481
923	0.00302836
924	0.00263774
925	0.00237732
926	0.0020518
927	0.00184233
928	0.00163287
929	0.00129036
930	0.00101863
931	0.000868603
932	0.000642153
933	0.000189255
934	-4.28556e-05
935	-0.000306103
936	-0.000923177
937	-0.0012119
938	-0.00150911
939	-0.00184596
940	-0.00222526
941	-0.00259607
942	-0.00320182
943	-0.00338298
944	-0.00384437
945	-0.00427746
946	-0.00443597
947	-0.0047898
948	-0.00493133
949	-0.00538423
950	-0.00565314
951	-0.00597017
952	-0.00610603
953	-0.00623341
954	-0.00654195
955	-0.00695522
956	-0.00722979
957	-0.00761475
958	-0.00808464
959	-0.00857716
960	-0.00873568
961	-0.00914612
962	-0.00958486
963	-0.00995001
964	-0.0102076
965	-0.0106152
966	-0.0109237
967	-0.0110936
968	-0.0114757
969	-0.011821
970	-0.0122513
971	-0.0127523
972	-0.0131571
973	-0.0135053
974	-0.0140119
975	-0.0144111
976	-0.0148611
977	-0.0152461
978	-0.0156452
979	-0.0160726
980	-0.0166274
981	-0.0170435
982	-0.0173096
983	-0.0175417
984	-0.0179748
985	-0.0182013
986	-0.0184871
987	-0.0186683
988	-0.018841
989	-0.0191127
990	-0.0191806
991	-0.0194722
992	-0.0198204
993	-0.0201968
994	-0.020596
995	-0.0208847
996	-0.0212612
997	-0.0213885
998	-0.0216348
999	-0.0215782
1000	-0.021046
1001	-0.0202818
1002	-0.019509
1003	-0.018957
1004	-0.0184928
1005	-0.0180682
1006	-0.0176465
1007	-0.0172983
1008	-0.0170096
1009	-0.0170549
1010	-0.0171794
1011	-0.0172219
1012	-0.0173945
1013	-0.0174483
1014	-0.0176521
1015	-0.0178248
1016	-0.0178446
1017	-0.0177455
1018	-0.0177738
1019	-0.0176719
1020	-0.0176861
1021	-0.0176436
1022	-0.0176861
1023	-0.0177427
