0	0.00034652
1	0.000380488
2	0.000349351
3	0.000420116
4	0.000524849
5	0.000615429
6	0.000516357
7	0.000434269
8	0.000522019
9	0.000629582
10	0.000363504
11	0.000369165
12	0.000227634
13	0.000210651
14	0.000360673
15	0.000287077
16	-6.95802e-05
17	-0.00020545
18	-0.000157329
19	-0.000236587
20	-0.000182805
21	-0.000247909
22	-0.000349811
23	-0.000134684
24	-0.000177144
25	-4.69353e-05
26	-1.64543e-06
27	-8.09027e-05
28	-0.000143176
29	-0.000188466
30	-4.69353e-05
31	0.000219143
32	0.000289908
33	0.000227634
34	0.000196498
35	-6.10884e-05
36	-0.000363964
37	-0.00029886
38	-0.000341319
39	-0.000352642
40	-0.000310183
41	-0.000245078
42	-0.000307352
43	-0.000440391
44	-0.00038944
45	-0.000457375
46	-0.00034415
47	-0.000369626
48	-0.000386609
49	-0.000553616
50	-0.000647026
51	-0.00038944
52	-0.000262062
53	-0.000338489
54	-0.000562107
55	-0.000658348
56	-0.00061872
57	-0.000168652
58	-1.01373e-05
59	0.000683364
60	0.00267329
61	0.00987154
62	0.0324174
63	0.0900884
64	0.205493
65	0.388721
66	0.627594
67	0.891606
68	1.14497
69	1.3604
70	1.52435
71	1.63594
72	1.7014
73	1.73061
74	1.73328
75	1.71906
76	1.69503
77	1.66663
78	1.6373
79	1.60931
80	1.58388
81	1.56164
82	1.54252
83	1.526
84	1.51159
85	1.49928
86	1.4886
87	1.4793
88	1.47043
89	1.46163
90	1.45295
91	1.44408
92	1.43514
93	1.42612
94	1.41744
95	1.40869
96	1.39994
97	1.39077
98	1.38123
99	1.37143
100	1.36143
101	1.35103
102	1.34048
103	1.33019
104	1.32004
105	1.31036
106	1.30068
107	1.29093
108	1.2807
109	1.27042
110	1.26011
111	1.24967
112	1.23871
113	1.2271
114	1.21535
115	1.20356
116	1.19219
117	1.18131
118	1.17096
119	1.16081
120	1.15088
121	1.14088
122	1.13079
123	1.1204
124	1.10987
125	1.09925
126	1.0887
127	1.07827
128	1.06775
129	1.05721
130	1.0466
131	1.03602
132	1.02533
133	1.01485
134	1.00428
135	0.993961
136	0.983569
137	0.973283
138	0.962787
139	0.9526
140	0.942506
141	0.932729
142	0.92302
143	0.913362
144	0.90361
145	0.89434
146	0.885135
147	0.876264
148	0.867392
149	0.858785
150	0.850383
151	0.8425
152	0.834532
153	0.826592
154	0.818754
155	0.810565
156	0.802322
157	0.794204
158	0.785913
159	0.778013
160	0.77022
161	0.762541
162	0.754884
163	0.747397
164	0.739766
165	0.732024
166	0.724112
167	0.716266
168	0.708734
169	0.701567
170	0.694331
171	0.687184
172	0.679884
173	0.67281
174	0.665807
175	0.659178
176	0.652305
177	0.645546
178	0.638919
179	0.632666
180	0.627192
181	0.622779
182	0.619054
183	0.615813
184	0.612201
185	0.608448
186	0.60419
187	0.60001
188	0.596002
189	0.591634
190	0.587312
191	0.582454
192	0.576954
193	0.571132
194	0.564969
195	0.558739
196	0.552452
197	0.54629
198	0.540236
199	0.534175
200	0.528138
201	0.522318
202	0.516824
203	0.511117
204	0.505561
205	0.500112
206	0.494793
207	0.489638
208	0.484441
209	0.479437
210	0.474234
211	0.469012
212	0.463931
213	0.45917
214	0.454499
215	0.449596
216	0.445164
217	0.440972
218	0.436516
219	0.432083
220	0.427772
221	0.423156
222	0.418596
223	0.41416
224	0.409798
225	0.405085
226	0.40055
227	0.39588
228	0.391464
229	0.387077
230	0.382981
231	0.379295
232	0.375601
233	0.372275
234	0.368734
235	0.365219
236	0.361737
237	0.357918
238	0.354567
239	0.351111
240	0.347219
241	0.34344
242	0.339505
243	0.335489
244	0.331724
245	0.328036
246	0.325573
247	0.326589
248	0.331183
249	0.338081
250	0.34466
251	0.347606
252	0.344498
253	0.340168
254	0.334124
255	0.329309
256	0.325624
257	0.322691
258	0.319793
259	0.3169
260	0.313585
261	0.310421
262	0.307426
263	0.304372
264	0.301742
265	0.299189
266	0.296488
267	0.29387
268	0.291308
269	0.288619
270	0.286134
271	0.283901
272	0.281546
273	0.279154
274	0.27696
275	0.274537
276	0.272083
277	0.269671
278	0.267441
279	0.265012
280	0.262739
281	0.260531
282	0.258943
283	0.25742
284	0.256112
285	0.254731
286	0.253194
287	0.251575
288	0.249814
289	0.24772
290	0.245458
291	0.243044
292	0.240972
293	0.238803
294	0.236762
295	0.234971
296	0.233473
297	0.231993
298	0.230628
299	0.229043
300	0.227758
301	0.226496
302	0.225123
303	0.223427
304	0.221542
305	0.219748
306	0.217891
307	0.216402
308	0.214463
309	0.212861
310	0.211233
311	0.209651
312	0.208017
313	0.206475
314	0.204754
315	0.203211
316	0.201649
317	0.199964
318	0.197295
319	0.195263
320	0.193983
321	0.192964
322	0.191696
323	0.190236
324	0.188716
325	0.187283
326	0.185808
327	0.18432
328	0.182884
329	0.181616
330	0.180476
331	0.179165
332	0.177603
333	0.175949
334	0.1742
335	0.172592
336	0.17116
337	0.169651
338	0.167857
339	0.166201
340	0.164338
341	0.162699
342	0.161474
343	0.159872
344	0.158538
345	0.157222
346	0.15579
347	0.154558
348	0.153469
349	0.152653
350	0.151765
351	0.150669
352	0.149594
353	0.148076
354	0.146587
355	0.145186
356	0.143983
357	0.142698
358	0.14154
359	0.140507
360	0.139236
361	0.137951
362	0.136777
363	0.135497
364	0.13432
365	0.133085
366	0.132222
367	0.13111
368	0.13
369	0.128774
370	0.127532
371	0.126501
372	0.125406
373	0.124144
374	0.123028
375	0.122012
376	0.120939
377	0.11975
378	0.118502
379	0.11718
380	0.116249
381	0.11512
382	0.113928
383	0.112665
384	0.11161
385	0.11054
386	0.109518
387	0.108436
388	0.10718
389	0.105906
390	0.104683
391	0.1038
392	0.102789
393	0.102147
394	0.101521
395	0.101235
396	0.101501
397	0.102285
398	0.103803
399	0.105711
400	0.107596
401	0.10913
402	0.109982
403	0.110599
404	0.11078
405	0.110571
406	0.110143
407	0.109223
408	0.108151
409	0.107001
410	0.105838
411	0.104819
412	0.104043
413	0.103098
414	0.102254
415	0.101462
416	0.100876
417	0.100177
418	0.0994181
419	0.0988293
420	0.0983566
421	0.0974621
422	0.0965365
423	0.0958317
424	0.0950108
425	0.0939861
426	0.0931766
427	0.0923161
428	0.0917103
429	0.0909998
430	0.0900431
431	0.0890071
432	0.0881296
433	0.0873229
434	0.0864199
435	0.0856669
436	0.0847781
437	0.0841611
438	0.0835044
439	0.0827344
440	0.0819843
441	0.0815994
442	0.0810927
443	0.0805067
444	0.0800652
445	0.0796406
446	0.0794311
447	0.0789386
448	0.0784687
449	0.0780583
450	0.0775318
451	0.0771128
452	0.0766288
453	0.0761051
454	0.0756013
455	0.0750493
456	0.0746757
457	0.0743133
458	0.0740671
459	0.073968
460	0.0735378
461	0.0733056
462	0.0728301
463	0.0723744
464	0.0719271
465	0.0714742
466	0.0709449
467	0.0703024
468	0.0696626
469	0.0694532
470	0.0693966
471	0.0691333
472	0.0690824
473	0.0688163
474	0.068805
475	0.0684851
476	0.0681794
477	0.0677944
478	0.0671774
479	0.066883
480	0.0668773
481	0.0674491
482	0.0686097
483	0.0695947
484	0.0704184
485	0.0708855
486	0.071177
487	0.0711431
488	0.0707128
489	0.0701354
490	0.069272
491	0.0685049
492	0.0681143
493	0.0674689
494	0.066682
495	0.0661442
496	0.0656092
497	0.0652073
498	0.0646893
499	0.0642675
500	0.0638769
501	0.063775
502	0.0634608
503	0.0634381
504	0.0655073
505	0.071078
506	0.079516
507	0.0894883
508	0.0983085
509	0.101892
510	0.101252
511	0.0983509
512	0.0951806
513	0.0935729
514	0.0930407
515	0.0926416
516	0.0921406
517	0.0911527
518	0.090462
519	0.0897091
520	0.0890354
521	0.0882202
522	0.0877163
523	0.0872408
524	0.0865869
525	0.0860859
526	0.0855141
527	0.0851772
528	0.0847555
529	0.0845715
530	0.084396
531	0.0839289
532	0.0838016
533	0.0839601
534	0.084212
535	0.0845856
536	0.0847215
537	0.0848432
538	0.0846366
539	0.0843167
540	0.0841639
541	0.0838893
542	0.0836204
543	0.0832666
544	0.0829382
545	0.0828335
546	0.0826552
547	0.0824514
548	0.0824231
549	0.0823042
550	0.0820607
551	0.0820098
552	0.0818484
553	0.0816843
554	0.0816135
555	0.0813106
556	0.0811323
557	0.0810615
558	0.0810304
559	0.0809879
560	0.0809087
561	0.0807898
562	0.0806511
563	0.0805067
564	0.0802775
565	0.0798953
566	0.0795273
567	0.0790603
568	0.0776393
569	0.0759155
570	0.0747125
571	0.0743756
572	0.0743275
573	0.0742171
574	0.0737048
575	0.0734896
576	0.0730084
577	0.0723914
578	0.0718818
579	0.0716299
580	0.0711883
581	0.0705769
582	0.0698523
583	0.0694787
584	0.0690597
585	0.0688842
586	0.0687314
587	0.0688616
588	0.0685813
589	0.0685276
590	0.0683775
591	0.0682134
592	0.0681228
593	0.0677576
594	0.0674859
595	0.0668915
596	0.0665461
597	0.0659744
598	0.0653346
599	0.064995
600	0.0645336
601	0.064075
602	0.0636476
603	0.0633419
604	0.0629739
605	0.0626116
606	0.0621558
607	0.0620483
608	0.061618
609	0.0612982
610	0.0608311
611	0.0604377
612	0.0598885
613	0.0594554
614	0.0590167
615	0.058677
616	0.0583685
617	0.0578703
618	0.0573891
619	0.0567522
620	0.0561946
621	0.0556426
622	0.0549887
623	0.0547
624	0.0540999
625	0.0535338
626	0.0530045
627	0.0526676
628	0.0521213
629	0.0518694
630	0.0515637
631	0.0511306
632	0.0506522
633	0.050205
634	0.0496672
635	0.0492794
636	0.0489482
637	0.0484245
638	0.0479745
639	0.0476461
640	0.0472357
641	0.0469328
642	0.0465224
643	0.0459845
644	0.0456505
645	0.0452259
646	0.0447476
647	0.0443569
648	0.0441616
649	0.0452939
650	0.048433
651	0.0531262
652	0.0586119
653	0.0635061
654	0.0669396
655	0.068754
656	0.069289
657	0.0693767
658	0.0688955
659	0.0680492
660	0.0670783
661	0.0658753
662	0.0648449
663	0.063959
664	0.0631551
665	0.062538
666	0.0622917
667	0.0622804
668	0.0627276
669	0.0631211
670	0.0634155
671	0.0634098
672	0.0638203
673	0.0638316
674	0.0637495
675	0.0633475
676	0.0628578
677	0.0622974
678	0.0619747
679	0.0615444
680	0.0609953
681	0.060565
682	0.0603046
683	0.0599593
684	0.0596338
685	0.0592941
686	0.0588214
687	0.0582128
688	0.0577486
689	0.0572872
690	0.0568513
691	0.0564578
692	0.055971
693	0.0554331
694	0.055017
695	0.0546434
696	0.0543575
697	0.0540235
698	0.0538791
699	0.0535791
700	0.0536159
701	0.0535763
702	0.0534715
703	0.0531828
704	0.052778
705	0.0524497
706	0.052093
707	0.0513486
708	0.0507853
709	0.0502078
710	0.0498398
711	0.0494634
712	0.0489369
713	0.0483085
714	0.0478527
715	0.0474791
716	0.04708
717	0.046695
718	0.0463978
719	0.0461346
720	0.0459025
721	0.0458741
722	0.0454722
723	0.0452712
724	0.044974
725	0.0445806
726	0.044289
727	0.0437823
728	0.043587
729	0.0433691
730	0.0430379
731	0.0425001
732	0.0420075
733	0.0418377
734	0.0415999
735	0.0412574
736	0.0407253
737	0.0403205
738	0.0399129
739	0.0395053
740	0.0391996
741	0.0388514
742	0.0389844
743	0.0391373
744	0.0395279
745	0.0398421
746	0.0401054
747	0.0403007
748	0.040261
749	0.0401365
750	0.0400431
751	0.0396383
752	0.0391345
753	0.0387495
754	0.0383249
755	0.0381551
756	0.0377644
757	0.0373342
758	0.0369181
759	0.0364737
760	0.036284
761	0.0360491
762	0.0358056
763	0.035483
764	0.0350753
765	0.0349451
766	0.034914
767	0.0347583
768	0.0343734
769	0.0339884
770	0.0338242
771	0.0335836
772	0.0333883
773	0.0330571
774	0.0326665
775	0.0323495
776	0.0320777
777	0.0317013
778	0.0313135
779	0.031121
780	0.0306766
781	0.0303171
782	0.0299434
783	0.0297057
784	0.0295585
785	0.0293886
786	0.028848
787	0.028497
788	0.0280696
789	0.027628
790	0.0274836
791	0.0272996
792	0.026892
793	0.0266996
794	0.0263089
795	0.0261646
796	0.026057
797	0.0258758
798	0.0254937
799	0.0253663
800	0.0254031
801	0.025522
802	0.0253975
803	0.025389
804	0.0252758
805	0.0253295
806	0.0253946
807	0.0254428
808	0.0255418
809	0.025355
810	0.0251116
811	0.0250012
812	0.0247436
813	0.0244804
814	0.0241492
815	0.0238718
816	0.0236595
817	0.0234557
818	0.0229518
819	0.0226744
820	0.0223121
821	0.0220092
822	0.021947
823	0.0216922
824	0.0212931
825	0.0212082
826	0.0211289
827	0.0211629
828	0.0208996
829	0.0206647
830	0.0204411
831	0.020175
832	0.0199684
833	0.019657
834	0.019473
835	0.0195664
836	0.0194673
837	0.0194277
838	0.0194107
839	0.0197079
840	0.0205175
841	0.0218875
842	0.0230169
843	0.024135
844	0.0248766
845	0.0254343
846	0.0259098
847	0.0260768
848	0.026207
849	0.0264023
850	0.0265807
851	0.026374
852	0.0261759
853	0.0257966
854	0.0254767
855	0.0254145
856	0.025389
857	0.0252248
858	0.0250352
859	0.0247606
860	0.0246275
861	0.0246219
862	0.0245653
863	0.0243756
864	0.0241237
865	0.0241322
866	0.0247662
867	0.0256409
868	0.0269543
869	0.0284404
870	0.0294368
871	0.0301897
872	0.0307134
873	0.0309285
874	0.030886
875	0.0307275
876	0.0305662
877	0.030368
878	0.0303143
879	0.0302661
880	0.0302407
881	0.0303709
882	0.0302916
883	0.0303907
884	0.0303624
885	0.030453
886	0.0302803
887	0.0302123
888	0.030385
889	0.0306228
890	0.0310021
891	0.0316786
892	0.0321004
893	0.0327571
894	0.0331251
895	0.0332553
896	0.0335157
897	0.0335864
898	0.0335893
899	0.0332977
900	0.0330401
901	0.0329382
902	0.0327939
903	0.0326382
904	0.0323212
905	0.0322419
906	0.0320183
907	0.0317041
908	0.0315116
909	0.0311974
910	0.031288
911	0.0312144
912	0.0310559
913	0.0306907
914	0.0304416
915	0.0301104
916	0.0298217
917	0.0292782
918	0.028964
919	0.0286385
920	0.0283385
921	0.0282054
922	0.0280498
923	0.0280526
924	0.0278516
925	0.0280469
926	0.0281941
927	0.0281007
928	0.0281403
929	0.0282592
930	0.028514
931	0.028531
932	0.0287659
933	0.0288395
934	0.0288253
935	0.0286951
936	0.0286442
937	0.0283781
938	0.028146
939	0.0279309
940	0.0276676
941	0.0275006
942	0.0275289
943	0.0273732
944	0.0273846
945	0.0273591
946	0.0271241
947	0.0269119
948	0.0266429
949	0.0263231
950	0.0262919
951	0.0260598
952	0.02574
953	0.0256126
954	0.0253041
955	0.025038
956	0.0247804
957	0.0246417
958	0.0243558
959	0.0240303
960	0.0237585
961	0.0234981
962	0.0233141
963	0.0232405
964	0.0228329
965	0.0226574
966	0.0225131
967	0.0223574
968	0.0222272
969	0.022196
970	0.0219017
971	0.0217743
972	0.0216073
973	0.021528
974	0.0213837
975	0.0209619
976	0.0207411
977	0.0205826
978	0.0204722
979	0.0202854
980	0.020158
981	0.0198551
982	0.0197447
983	0.0196089
984	0.0196655
985	0.0194079
986	0.0191333
987	0.0189607
988	0.0188984
989	0.0187314
990	0.0185049
991	0.0183407
992	0.0182077
993	0.0180096
994	0.0177407
995	0.0177605
996	0.0176614
997	0.0177095
998	0.0180011
999	0.0187852
1000	0.021395
1001	0.0267873
1002	0.0344922
1003	0.043069
1004	0.0505701
1005	0.0560162
1006	0.0582128
1007	0.057992
1008	0.0577005
1009	0.0574061
1010	0.0568739
1011	0.0567324
1012	0.0567013
1013	0.0565541
1014	0.0561946
1015	0.0558917
1016	0.0556483
1017	0.0539499
1018	0.0514023
1019	0.0490275
1020	0.0478443
1021	0.0473347
1022	0.0468903
1023	0.0465535
