0	0.000359599
1	0.000113335
2	8.5029e-05
3	0.000158625
4	0.000308648
5	0.000223729
6	0.000322801
7	0.000379413
8	0.000138811
9	-0.000260306
10	-0.000438635
11	-0.000285782
12	-7.91467e-05
13	-0.000164065
14	-0.000353716
15	-6.78242e-05
16	0.000141641
17	0.000254866
18	-0.000124437
19	-0.00032541
20	-0.000336733
21	-0.000285782
22	-0.000215016
23	0.000127488
24	0.000857787
25	0.000747393
26	0.000339784
27	0.000130319
28	8.60242e-06
29	-0.000152743
30	-0.00041599
31	-0.000316918
32	-0.000215016
33	0.000116166
34	0.000195423
35	0.000192592
36	0.000212407
37	0.00022939
38	1.42637e-05
39	-0.000189541
40	-0.000362208
41	-3.95181e-05
42	0.000192592
43	-2.25344e-05
44	-3.38568e-05
45	6.80454e-05
46	-0.000110283
47	-0.000362208
48	-0.000418821
49	-0.000342394
50	-0.000212186
51	0.000141641
52	0.00036526
53	0.00041338
54	0.000498299
55	0.000693611
56	0.00103612
57	0.00243727
58	0.0076541
59	0.023047
60	0.0607451
61	0.131862
62	0.236662
63	0.363686
64	0.497945
65	0.628567
66	0.750278
67	0.859842
68	0.955684
69	1.03755
70	1.10474
71	1.1582
72	1.19896
73	1.22821
74	1.24832
75	1.26196
76	1.27235
77	1.28114
78	1.29024
79	1.30033
80	1.31082
81	1.31981
82	1.32612
83	1.32922
84	1.32963
85	1.32782
86	1.3255
87	1.32386
88	1.32383
89	1.32522
90	1.32719
91	1.32872
92	1.32749
93	1.32309
94	1.3154
95	1.30505
96	1.29474
97	1.28627
98	1.28036
99	1.27683
100	1.27477
101	1.27219
102	1.2672
103	1.25885
104	1.24696
105	1.23307
106	1.21911
107	1.20733
108	1.19898
109	1.194
110	1.19064
111	1.18669
112	1.18067
113	1.17143
114	1.15876
115	1.1442
116	1.12964
117	1.1175
118	1.1084
119	1.10256
120	1.09806
121	1.09292
122	1.08447
123	1.07216
124	1.0569
125	1.04078
126	1.02624
127	1.0152
128	1.00826
129	1.00466
130	1.00191
131	0.997427
132	0.989215
133	0.976611
134	0.960754
135	0.943827
136	0.929356
137	0.919271
138	0.914303
139	0.91265
140	0.911105
141	0.907009
142	0.898356
143	0.884658
144	0.867273
145	0.849318
146	0.83388
147	0.823423
148	0.818204
149	0.817275
150	0.817321
151	0.814968
152	0.807915
153	0.795734
154	0.779962
155	0.763494
156	0.750161
157	0.742425
158	0.741087
159	0.743739
160	0.747359
161	0.748865
162	0.74531
163	0.736357
164	0.722835
165	0.707631
166	0.694163
167	0.683897
168	0.678193
169	0.675589
170	0.675074
171	0.673905
172	0.669628
173	0.66119
174	0.649309
175	0.63579
176	0.622741
177	0.612489
178	0.605653
179	0.602245
180	0.600948
181	0.599556
182	0.596114
183	0.589714
184	0.580291
185	0.569053
186	0.557385
187	0.547622
188	0.540489
189	0.536574
190	0.534749
191	0.533322
192	0.530961
193	0.525985
194	0.51817
195	0.508724
196	0.498718
197	0.489646
198	0.482527
199	0.47804
200	0.475883
201	0.475159
202	0.473746
203	0.47018
204	0.464402
205	0.456293
206	0.447178
207	0.438032
208	0.430443
209	0.425691
210	0.424134
211	0.424004
212	0.424038
213	0.422353
214	0.418034
215	0.410813
216	0.402092
217	0.393037
218	0.385618
219	0.380514
220	0.378037
221	0.377811
222	0.378391
223	0.3775
224	0.374043
225	0.367774
226	0.359689
227	0.351282
228	0.343623
229	0.338069
230	0.334992
231	0.334143
232	0.334149
233	0.333452
234	0.330653
235	0.325303
236	0.317703
237	0.309638
238	0.30263
239	0.297852
240	0.295582
241	0.295007
242	0.295349
243	0.295129
244	0.293008
245	0.289255
246	0.284106
247	0.278751
248	0.274049
249	0.270983
250	0.269517
251	0.269197
252	0.268982
253	0.268096
254	0.265277
255	0.260725
256	0.254815
257	0.248707
258	0.243914
259	0.240888
260	0.239694
261	0.240093
262	0.240362
263	0.239742
264	0.237206
265	0.23251
266	0.226684
267	0.220816
268	0.216488
269	0.214459
270	0.214699
271	0.216364
272	0.218224
273	0.218566
274	0.216248
275	0.21192
276	0.206363
277	0.200629
278	0.196102
279	0.193192
280	0.192474
281	0.193085
282	0.193739
283	0.193464
284	0.191644
285	0.18827
286	0.18326
287	0.178165
288	0.174117
289	0.171077
290	0.169707
291	0.169432
292	0.169925
293	0.169998
294	0.168473
295	0.165424
296	0.161654
297	0.158099
298	0.154903
299	0.152267
300	0.15073
301	0.149921
302	0.149595
303	0.148924
304	0.147504
305	0.14529
306	0.142363
307	0.138816
308	0.13523
309	0.132646
310	0.131276
311	0.13031
312	0.129642
313	0.129076
314	0.127995
315	0.126636
316	0.124612
317	0.122351
318	0.120485
319	0.119531
320	0.118841
321	0.118238
322	0.117742
323	0.116777
324	0.115322
325	0.113242
326	0.11111
327	0.109081
328	0.107238
329	0.105576
330	0.103892
331	0.102811
332	0.101956
333	0.100996
334	0.099199
335	0.0973082
336	0.09544
337	0.0937048
338	0.0915592
339	0.0899826
340	0.0889494
341	0.0881653
342	0.087084
343	0.0855696
344	0.0845081
345	0.0831495
346	0.081887
347	0.0807972
348	0.0798829
349	0.0792036
350	0.0785525
351	0.0774203
352	0.0761663
353	0.0748388
354	0.07318
355	0.0715241
356	0.0700494
357	0.0690502
358	0.0678245
359	0.0668621
360	0.0655345
361	0.0642608
362	0.0632389
363	0.061968
364	0.0603828
365	0.0590524
366	0.0581466
367	0.0574163
368	0.0568728
369	0.0564992
370	0.0563435
371	0.0557802
372	0.0542687
373	0.052525
374	0.0507672
375	0.049584
376	0.0484093
377	0.0472233
378	0.0465977
379	0.0467675
380	0.0465468
381	0.0462524
382	0.0458504
383	0.0449418
384	0.0436963
385	0.0420008
386	0.0402118
387	0.0389126
388	0.0384569
389	0.0381087
390	0.0376699
391	0.0373501
392	0.0371718
393	0.0365887
394	0.0355526
395	0.0341713
396	0.0328154
397	0.0316322
398	0.0306132
399	0.0300924
400	0.0307349
401	0.0318134
402	0.0326767
403	0.0331127
404	0.0326286
405	0.0319521
406	0.0305651
407	0.0288922
408	0.0275392
409	0.0269249
410	0.0268032
411	0.0267579
412	0.0269193
413	0.0271146
414	0.0269164
415	0.0261918
416	0.0250765
417	0.0235169
418	0.0223988
419	0.0215468
420	0.020958
421	0.0210542
422	0.0216288
423	0.0219232
424	0.0217081
425	0.0208051
426	0.019772
427	0.0182406
428	0.0165932
429	0.015192
430	0.0145834
431	0.0144363
432	0.0149995
433	0.0152628
434	0.0152543
435	0.0147221
436	0.0135786
437	0.012101
438	0.0104366
439	0.00936662
440	0.00906091
441	0.00937228
442	0.0099384
443	0.0105555
444	0.010697
445	0.0101705
446	0.00930435
447	0.00805887
448	0.00693795
449	0.00608877
450	0.00578872
451	0.00588496
452	0.00651619
453	0.00727762
454	0.00739651
455	0.00701155
456	0.00610292
457	0.00485745
458	0.00381012
459	0.00294678
460	0.00292131
461	0.00322418
462	0.00405072
463	0.00440455
464	0.00406204
465	0.00355819
466	0.00251653
467	0.0013956
468	0.000535097
469	-0.000268798
470	-0.000582996
471	-0.000458449
472	-5.08405e-05
473	0.000447348
474	0.000495468
475	0.000469993
476	0.000104843
477	-0.000942485
478	-0.00165297
479	-0.00168411
480	-0.00121422
481	-0.000917009
482	-0.000908517
483	-0.000857566
484	-0.00118026
485	-0.00173789
486	-0.00261538
487	-0.00335983
488	-0.00368535
489	-0.00358062
490	-0.00333152
491	-0.00296071
492	-0.0027654
493	-0.00288146
494	-0.00372498
495	-0.00475532
496	-0.00532711
497	-0.00551959
498	-0.00560168
499	-0.00516859
500	-0.00446377
501	-0.00352684
502	-0.00228703
503	-0.00133028
504	-0.000653762
505	0.00031714
506	0.000719087
507	0.00144656
508	0.00253634
509	0.00407054
510	0.00565568
511	0.00702853
512	0.00731159
513	0.00722384
514	0.0067483
515	0.0057406
516	0.00466214
517	0.00408752
518	0.0042432
519	0.00466214
520	0.00510654
521	0.00560473
522	0.00582552
523	0.00563304
524	0.00467063
525	0.00359216
526	0.00293263
527	0.00238066
528	0.00232688
529	0.00242595
530	0.00305151
531	0.00361198
532	0.00363462
533	0.00315908
534	0.0024769
535	0.00194474
536	0.0013956
537	0.00100498
538	0.00113236
539	0.0016079
540	0.00191644
541	0.00172679
542	0.00155129
543	0.00144089
544	0.000954028
545	1.70943e-05
546	-0.000650931
547	-0.00128782
548	-0.00156522
549	-0.0017209
550	-0.00151427
551	-0.00145483
552	-0.00126517
553	-0.00158786
554	-0.00251914
555	-0.00331171
556	-0.00392595
557	-0.00424864
558	-0.00416089
559	-0.00363157
560	-0.0024144
561	-0.00201529
562	-0.00197
563	-0.00235213
564	-0.00307111
565	-0.00392878
566	-0.00468739
567	-0.0054007
568	-0.00579982
569	-0.00588757
570	-0.00541203
571	-0.005095
572	-0.00489686
573	-0.00508651
574	-0.0054743
575	-0.0064452
576	-0.00758028
577	-0.00878895
578	-0.00942301
579	-0.00912013
580	-0.00780673
581	-0.00598947
582	-0.00443546
583	-0.00320415
584	-0.00220777
585	-0.00163599
586	-0.00148313
587	-0.00125668
588	-0.000486755
589	0.000342616
590	0.00131069
591	0.00244293
592	0.00336005
593	0.00408186
594	0.00399411
595	0.003411
596	0.00246841
597	0.00189379
598	0.00123709
599	0.000699273
600	0.000662475
601	0.000948368
602	0.000996488
603	0.000852127
604	0.00063983
605	0.000319971
606	-0.000393344
607	-0.00127933
608	-0.00192471
609	-0.00164448
610	-0.000863227
611	-5.54997e-06
612	0.00108424
613	0.00200985
614	0.00280808
615	0.00272883
616	0.00252219
617	0.00219101
618	0.00188247
619	0.00202966
620	0.00208911
621	0.00201268
622	0.00228725
623	0.00241463
624	0.00188247
625	0.000976674
626	0.000135981
627	-0.000585826
628	-0.0014067
629	-0.00198981
630	-0.00200113
631	-0.00171241
632	-0.00169543
633	-0.00209738
634	-0.00239176
635	-0.00250781
636	-0.00298619
637	-0.00369384
638	-0.00418071
639	-0.00445245
640	-0.00445811
641	-0.00451755
642	-0.00453171
643	-0.00476665
644	-0.00503556
645	-0.00566395
646	-0.00626121
647	-0.00690376
648	-0.00709058
649	-0.00705378
650	-0.00683017
651	-0.00671411
652	-0.00656692
653	-0.00625555
654	-0.00633764
655	-0.00656692
656	-0.00683017
657	-0.0069632
658	-0.00751801
659	-0.00788882
660	-0.00786334
661	-0.00784636
662	-0.00797657
663	-0.00838417
664	-0.00893048
665	-0.00940603
666	-0.00963531
667	-0.00987874
668	-0.00992403
669	-0.00987874
670	-0.00970324
671	-0.0096438
672	-0.00969192
673	-0.0100599
674	-0.0103175
675	-0.0108581
676	-0.0108978
677	-0.0106062
678	-0.00982213
679	-0.00909466
680	-0.0085342
681	-0.00796241
682	-0.00782088
683	-0.00808413
684	-0.00832756
685	-0.00878046
686	-0.00899842
687	-0.00882009
688	-0.00901257
689	-0.00890218
690	-0.00872102
691	-0.00850306
692	-0.00865591
693	-0.00900125
694	-0.00927299
695	-0.00990988
696	-0.0102948
697	-0.0102609
698	-0.0100005
699	-0.00970607
700	-0.0094315
701	-0.00971456
702	-0.0100514
703	-0.010459
704	-0.0109374
705	-0.0113959
706	-0.0117951
707	-0.0120159
708	-0.0119536
709	-0.0117328
710	-0.0116196
711	-0.011897
712	-0.0121404
713	-0.012565
714	-0.01325
715	-0.0138473
716	-0.0144021
717	-0.0148238
718	-0.0148097
719	-0.0149455
720	-0.0153022
721	-0.0155626
722	-0.0161202
723	-0.016426
724	-0.0165901
725	-0.0167656
726	-0.0171223
727	-0.0175922
728	-0.0177479
729	-0.0178809
730	-0.0178809
731	-0.0182432
732	-0.0186084
733	-0.0190952
734	-0.0192651
735	-0.0195764
736	-0.0195962
737	-0.0196104
738	-0.0197831
739	-0.0200378
740	-0.020386
741	-0.020386
742	-0.0202077
743	-0.020001
744	-0.0198991
745	-0.0199586
746	-0.0196217
747	-0.0193953
748	-0.0192566
749	-0.0192056
750	-0.0192424
751	-0.0194179
752	-0.0195736
753	-0.0196529
754	-0.0197944
755	-0.0199614
756	-0.0200916
757	-0.0201482
758	-0.0201341
759	-0.0201086
760	-0.0202586
761	-0.0200859
762	-0.0202445
763	-0.0202529
764	-0.0201086
765	-0.0196047
766	-0.0191179
767	-0.018314
768	-0.0176516
769	-0.0173459
770	-0.016927
771	-0.0165618
772	-0.0162335
773	-0.0161004
774	-0.0158089
775	-0.015806
776	-0.0159334
777	-0.0163524
778	-0.0166156
779	-0.0168817
780	-0.0170996
781	-0.0172865
782	-0.0172582
783	-0.0171732
784	-0.016944
785	-0.0171874
786	-0.0174506
787	-0.0177337
788	-0.0180139
789	-0.0185178
790	-0.0187414
791	-0.0189027
792	-0.0192254
793	-0.0198284
794	-0.0203096
795	-0.0204058
796	-0.0205671
797	-0.0207681
798	-0.0210399
799	-0.0210229
800	-0.0209691
801	-0.021088
802	-0.0210512
803	-0.0211163
804	-0.0212918
805	-0.021456
806	-0.0217135
807	-0.0222032
808	-0.0223334
809	-0.0223476
810	-0.0221608
811	-0.0224042
812	-0.0225401
813	-0.0228345
814	-0.0232817
815	-0.0238422
816	-0.0239356
817	-0.0240998
818	-0.0241252
819	-0.024363
820	-0.0243488
821	-0.0245017
822	-0.0247168
823	-0.0247423
824	-0.0247197
825	-0.0249659
826	-0.0249235
827	-0.0250763
828	-0.0252518
829	-0.0255349
830	-0.025232
831	-0.0253254
832	-0.025365
833	-0.0254584
834	-0.0254698
835	-0.0254528
836	-0.0254443
837	-0.0253169
838	-0.0248895
839	-0.0246262
840	-0.0247423
841	-0.0247819
842	-0.024547
843	-0.0241818
844	-0.0240714
845	-0.0236893
846	-0.0230694
847	-0.0225712
848	-0.0224099
849	-0.0222853
850	-0.0225005
851	-0.0225118
852	-0.0227099
853	-0.0228486
854	-0.0227609
855	-0.0227467
856	-0.0224495
857	-0.0224042
858	-0.0225005
859	-0.0224438
860	-0.0225373
861	-0.0228203
862	-0.0231855
863	-0.0232732
864	-0.0228373
865	-0.0222315
866	-0.0211474
867	-0.019667
868	-0.018079
869	-0.0166666
870	-0.0156815
871	-0.0147842
872	-0.0142379
873	-0.0137397
874	-0.0137312
875	-0.0134736
876	-0.0129868
877	-0.0124829
878	-0.0124235
879	-0.0122848
880	-0.0124433
881	-0.0123612
882	-0.0120923
883	-0.0122253
884	-0.0123187
885	-0.0123414
886	-0.0122451
887	-0.012214
888	-0.0122197
889	-0.0122225
890	-0.0121546
891	-0.012347
892	-0.0129132
893	-0.0130405
894	-0.01325
895	-0.0130292
896	-0.0132642
897	-0.0133576
898	-0.0132274
899	-0.0133066
900	-0.0136718
901	-0.0138642
902	-0.014654
903	-0.0151041
904	-0.0152682
905	-0.0156051
906	-0.0159419
907	-0.0158796
908	-0.0157608
909	-0.0159419
910	-0.0161061
911	-0.0162674
912	-0.0165165
913	-0.0168477
914	-0.0171732
915	-0.0172978
916	-0.0171421
917	-0.0169157
918	-0.0170515
919	-0.0172723
920	-0.0170402
921	-0.0168732
922	-0.0170289
923	-0.0172978
924	-0.017295
925	-0.0170289
926	-0.0168421
927	-0.0166439
928	-0.0166581
929	-0.0167996
930	-0.0170176
931	-0.0172497
932	-0.0173827
933	-0.017779
934	-0.0181838
935	-0.0182064
936	-0.0182234
937	-0.0183762
938	-0.0182574
939	-0.0182404
940	-0.0183395
941	-0.0184838
942	-0.0186225
943	-0.0189678
944	-0.0193755
945	-0.0196529
946	-0.0198284
947	-0.019885
948	-0.0197859
949	-0.0195878
950	-0.0194604
951	-0.0197066
952	-0.0201312
953	-0.0204766
954	-0.0209436
955	-0.0211814
956	-0.0211078
957	-0.0212974
958	-0.0215041
959	-0.0215465
960	-0.0214503
961	-0.0217334
962	-0.0219343
963	-0.0218381
964	-0.0218353
965	-0.0220872
966	-0.0222599
967	-0.0221381
968	-0.022291
969	-0.0220108
970	-0.0220957
971	-0.0223193
972	-0.0222938
973	-0.0223391
974	-0.0224269
975	-0.0227863
976	-0.0229788
977	-0.0232506
978	-0.0234572
979	-0.0239158
980	-0.0244338
981	-0.0247536
982	-0.024847
983	-0.0250735
984	-0.0253452
985	-0.0256
986	-0.0258038
987	-0.0258094
988	-0.0256679
989	-0.0254924
990	-0.0253424
991	-0.0251839
992	-0.0252122
993	-0.0253679
994	-0.0255547
995	-0.0257302
996	-0.0259113
997	-0.0259227
998	-0.0257387
999	-0.0247734
1000	-0.0237346
1001	-0.0226193
1002	-0.0212805
1003	-0.0201114
1004	-0.0191547
1005	-0.0183734
1006	-0.0176771
1007	-0.0173685
1008	-0.0169128
1009	-0.0165873
1010	-0.0164854
1011	-0.0161967
1012	-0.0162193
1013	-0.0164401
1014	-0.0165194
1015	-0.0163722
1016	-0.0159985
1017	-0.0159646
1018	-0.015823
1019	-0.0156022
1020	-0.0151975
1021	-0.0151069
1022	-0.0153362
1023	-0.0156872
