0	0.000218915
1	0.000366107
2	0.000371769
3	0.000153811
4	0.000301003
5	0.000739749
6	0.000906755
7	0.00108508
8	0.000875618
9	0.000428381
10	0.000448195
11	0.000872788
12	0.00103413
13	0.00107093
14	0.00106527
15	0.000861465
16	0.000629355
17	0.00070012
18	0.000623693
19	0.000264205
20	-4.70341e-06
21	-1.03646e-05
22	0.00024156
23	0.00010286
24	-0.000231153
25	-0.000616116
26	-0.000330224
27	-0.000242475
28	-0.000446279
29	-0.000318902
30	-0.000378345
31	-0.000347208
32	-0.000242475
33	-0.000250967
34	-0.000290596
35	-0.000367022
36	-0.000420804
37	-0.000618947
38	-0.000684051
39	-0.000655745
40	-0.000763308
41	-0.000531198
42	-0.000573657
43	-0.000534029
44	-0.000910501
45	-0.000893517
46	-0.000451941
47	-0.000350039
48	-0.000664237
49	-0.00123319
50	-0.00157286
51	-0.001604
52	-0.00153607
53	-0.00136057
54	-0.00134925
55	-0.000930315
56	-0.000590641
57	-0.000185863
58	0.000408567
59	0.00216355
60	0.0056537
61	0.016979
62	0.0527212
63	0.145809
64	0.332327
65	0.629943
66	1.02212
67	1.46205
68	1.89091
69	2.26276
70	2.55427
71	2.76124
72	2.8919
73	2.95857
74	2.97709
75	2.96334
76	2.93029
77	2.88594
78	2.83466
79	2.78123
80	2.73025
81	2.68392
82	2.64237
83	2.6054
84	2.57296
85	2.54412
86	2.51712
87	2.49044
88	2.46424
89	2.4386
90	2.41512
91	2.39629
92	2.38692
93	2.3818
94	2.36984
95	2.34967
96	2.32672
97	2.3046
98	2.28265
99	2.25963
100	2.23612
101	2.21295
102	2.19093
103	2.16893
104	2.14732
105	2.12588
106	2.10479
107	2.0837
108	2.0631
109	2.04286
110	2.02262
111	2.00252
112	1.98281
113	1.96477
114	1.94723
115	1.93028
116	1.91449
117	1.90057
118	1.8866
119	1.87053
120	1.8535
121	1.8362
122	1.81863
123	1.80089
124	1.78275
125	1.7648
126	1.74665
127	1.72861
128	1.711
129	1.69373
130	1.67615
131	1.65862
132	1.64132
133	1.62397
134	1.607
135	1.58971
136	1.57216
137	1.55493
138	1.53797
139	1.52121
140	1.50492
141	1.48903
142	1.47325
143	1.45733
144	1.44189
145	1.42658
146	1.41211
147	1.39825
148	1.38446
149	1.37009
150	1.35523
151	1.34037
152	1.32555
153	1.31063
154	1.29545
155	1.28027
156	1.26546
157	1.25127
158	1.2378
159	1.22552
160	1.21342
161	1.20109
162	1.18859
163	1.176
164	1.16437
165	1.15321
166	1.14184
167	1.13016
168	1.11769
169	1.1052
170	1.09358
171	1.08206
172	1.07065
173	1.05935
174	1.04791
175	1.03639
176	1.02592
177	1.01678
178	1.00881
179	1.00089
180	0.992808
181	0.985208
182	0.979414
183	0.977888
184	0.982123
185	0.985364
186	0.976272
187	0.966605
188	0.957046
189	0.947714
190	0.938144
191	0.92904
192	0.92041
193	0.910851
194	0.901889
195	0.893728
196	0.885602
197	0.876589
198	0.867899
199	0.859574
200	0.85119
201	0.842341
202	0.833895
203	0.82587
204	0.818222
205	0.810981
206	0.803248
207	0.795667
208	0.788214
209	0.780444
210	0.772182
211	0.763381
212	0.754638
213	0.746389
214	0.738727
215	0.731231
216	0.723939
217	0.71718
218	0.710763
219	0.704626
220	0.699559
221	0.694275
222	0.688217
223	0.681608
224	0.67561
225	0.670141
226	0.664593
227	0.65905
228	0.653267
229	0.646703
230	0.640666
231	0.634965
232	0.628998
233	0.623017
234	0.617101
235	0.610953
236	0.604921
237	0.598872
238	0.592922
239	0.587357
240	0.582247
241	0.577582
242	0.572609
243	0.568091
244	0.563888
245	0.561737
246	0.562521
247	0.565583
248	0.569965
249	0.574817
250	0.578225
251	0.574701
252	0.570891
253	0.566605
254	0.561522
255	0.556811
256	0.552206
257	0.547142
258	0.541772
259	0.537071
260	0.532137
261	0.527483
262	0.523376
263	0.518001
264	0.512546
265	0.507763
266	0.503485
267	0.499336
268	0.495223
269	0.490499
270	0.48642
271	0.483034
272	0.479199
273	0.474339
274	0.469122
275	0.464785
276	0.460695
277	0.456472
278	0.452582
279	0.448427
280	0.444422
281	0.441288
282	0.438993
283	0.43589
284	0.432785
285	0.429853
286	0.426926
287	0.424667
288	0.422165
289	0.419444
290	0.416741
291	0.413902
292	0.410879
293	0.407765
294	0.404105
295	0.400465
296	0.397159
297	0.394076
298	0.390753
299	0.387526
300	0.384308
301	0.381404
302	0.37784
303	0.374636
304	0.371443
305	0.367259
306	0.362866
307	0.359209
308	0.355767
309	0.352008
310	0.347881
311	0.343649
312	0.340085
313	0.337229
314	0.333997
315	0.331058
316	0.327982
317	0.325259
318	0.32429
319	0.322963
320	0.321463
321	0.319778
322	0.318162
323	0.316679
324	0.31446
325	0.312249
326	0.309897
327	0.307219
328	0.304411
329	0.301759
330	0.298795
331	0.296066
332	0.293258
333	0.290233
334	0.286949
335	0.283906
336	0.28135
337	0.279097
338	0.277608
339	0.275878
340	0.273455
341	0.27058
342	0.26774
343	0.26579
344	0.263517
345	0.260805
346	0.258538
347	0.256687
348	0.255192
349	0.253225
350	0.250876
351	0.248699
352	0.246672
353	0.244657
354	0.242556
355	0.240264
356	0.2376
357	0.235055
358	0.232675
359	0.230447
360	0.227982
361	0.225754
362	0.223087
363	0.220531
364	0.218878
365	0.217409
366	0.215349
367	0.213356
368	0.211623
369	0.210361
370	0.208892
371	0.207403
372	0.205812
373	0.204374
374	0.203055
375	0.20188
376	0.200833
377	0.199893
378	0.198237
379	0.196904
380	0.195874
381	0.19428
382	0.192517
383	0.190583
384	0.188517
385	0.186737
386	0.184968
387	0.183337
388	0.181732
389	0.180495
390	0.17934
391	0.178013
392	0.178519
393	0.182239
394	0.189748
395	0.200346
396	0.204872
397	0.203443
398	0.201977
399	0.200437
400	0.198982
401	0.198034
402	0.198138
403	0.198475
404	0.198973
405	0.199523
406	0.199132
407	0.19817
408	0.197417
409	0.196952
410	0.196995
411	0.197105
412	0.196924
413	0.196647
414	0.196536
415	0.196103
416	0.194606
417	0.192701
418	0.190957
419	0.189378
420	0.187897
421	0.186652
422	0.185463
423	0.184082
424	0.18259
425	0.180911
426	0.179819
427	0.178805
428	0.17786
429	0.176578
430	0.175179
431	0.174132
432	0.172853
433	0.172136
434	0.171683
435	0.17073
436	0.169577
437	0.168491
438	0.16731
439	0.16654
440	0.165946
441	0.165346
442	0.164533
443	0.164208
444	0.164613
445	0.165043
446	0.165162
447	0.165136
448	0.164746
449	0.164134
450	0.163432
451	0.163013
452	0.163746
453	0.165501
454	0.16808
455	0.170582
456	0.172875
457	0.174808
458	0.175813
459	0.176074
460	0.175451
461	0.174724
462	0.173419
463	0.17189
464	0.170296
465	0.169088
466	0.167848
467	0.166025
468	0.164083
469	0.162657
470	0.161785
471	0.161383
472	0.160947
473	0.160234
474	0.159631
475	0.1593
476	0.161612
477	0.167237
478	0.174639
479	0.182813
480	0.189811
481	0.190213
482	0.18899
483	0.187668
484	0.186584
485	0.185163
486	0.183272
487	0.181092
488	0.179326
489	0.178035
490	0.17662
491	0.175117
492	0.173866
493	0.172519
494	0.171811
495	0.17133
496	0.171417
497	0.171616
498	0.171848
499	0.171791
500	0.171001
501	0.170438
502	0.171686
503	0.177028
504	0.186533
505	0.198767
506	0.197063
507	0.195246
508	0.193621
509	0.191869
510	0.190218
511	0.188438
512	0.186957
513	0.185466
514	0.183985
515	0.182876
516	0.181913
517	0.181446
518	0.180877
519	0.179819
520	0.178718
521	0.177384
522	0.175921
523	0.174958
524	0.173973
525	0.172748
526	0.170959
527	0.169954
528	0.169385
529	0.168609
530	0.167248
531	0.166288
532	0.165032
533	0.164208
534	0.163265
535	0.162594
536	0.161595
537	0.16031
538	0.15868
539	0.157423
540	0.156364
541	0.155557
542	0.154884
543	0.154202
544	0.153434
545	0.152747
546	0.151855
547	0.151142
548	0.150539
549	0.149958
550	0.149084
551	0.147889
552	0.146811
553	0.146471
554	0.146194
555	0.145599
556	0.144912
557	0.144051
558	0.1431
559	0.141925
560	0.140397
561	0.138908
562	0.137569
563	0.136547
564	0.13567
565	0.135055
566	0.134489
567	0.133835
568	0.133408
569	0.133232
570	0.132864
571	0.132329
572	0.131477
573	0.130507
574	0.129776
575	0.129417
576	0.128842
577	0.128143
578	0.127333
579	0.126745
580	0.125941
581	0.125154
582	0.124231
583	0.123489
584	0.123339
585	0.124421
586	0.127127
587	0.130303
588	0.133464
589	0.136304
590	0.138466
591	0.139615
592	0.139686
593	0.139281
594	0.138251
595	0.135902
596	0.133966
597	0.132723
598	0.131743
599	0.130758
600	0.129519
601	0.127551
602	0.125697
603	0.124228
604	0.123045
605	0.122105
606	0.120931
607	0.120013
608	0.118725
609	0.117803
610	0.116911
611	0.116314
612	0.115654
613	0.114785
614	0.113404
615	0.111564
616	0.110395
617	0.109079
618	0.107907
619	0.106707
620	0.105286
621	0.104052
622	0.102956
623	0.102237
624	0.101646
625	0.101102
626	0.0998679
627	0.0985573
628	0.0976289
629	0.0969467
630	0.0959419
631	0.0954974
632	0.0949426
633	0.0943567
634	0.0937396
635	0.0929018
636	0.0920469
637	0.0913761
638	0.0906203
639	0.0898957
640	0.0889219
641	0.0875094
642	0.0866376
643	0.0857375
644	0.0851374
645	0.0843986
646	0.083156
647	0.0830937
648	0.0838693
649	0.0862159
650	0.0889531
651	0.0914299
652	0.0928027
653	0.0936236
654	0.0944501
655	0.0949115
656	0.0949993
657	0.0944331
658	0.0939349
659	0.0930263
660	0.0920866
661	0.0910081
662	0.0898164
663	0.0887238
664	0.087617
665	0.0863998
666	0.0858535
667	0.0863093
668	0.0875915
669	0.0893777
670	0.090926
671	0.0919309
672	0.0926895
673	0.0934877
674	0.0941982
675	0.0944331
676	0.0943058
677	0.0936094
678	0.0925763
679	0.0908524
680	0.0893012
681	0.0882086
682	0.0875321
683	0.0868358
684	0.0863376
685	0.0855365
686	0.0847779
687	0.0841212
688	0.0836994
689	0.0832352
690	0.082737
691	0.0822332
692	0.0816444
693	0.0813925
694	0.0814208
695	0.0823153
696	0.0831956
697	0.0835155
698	0.0839287
699	0.0841778
700	0.0845515
701	0.0847128
702	0.0839853
703	0.0823521
704	0.0811491
705	0.0803338
706	0.0797337
707	0.0792327
708	0.0789978
709	0.0784062
710	0.0776872
711	0.0769229
712	0.075986
713	0.0748934
714	0.0735828
715	0.0728044
716	0.0718448
717	0.0708654
718	0.0700502
719	0.0697728
720	0.0695322
721	0.0690963
722	0.0680178
723	0.0668205
724	0.0660562
725	0.0658015
726	0.0654731
727	0.0649636
728	0.0644994
729	0.0641172
730	0.0635738
731	0.0630359
732	0.0630926
733	0.0631209
734	0.0629114
735	0.0627104
736	0.0623764
737	0.0623085
738	0.0622434
739	0.0614989
740	0.0604006
741	0.0598798
742	0.0591722
743	0.0584051
744	0.0577512
745	0.0575191
746	0.0577399
747	0.0575785
748	0.0568256
749	0.0565623
750	0.056735
751	0.056718
752	0.0567265
753	0.0564066
754	0.0559
755	0.0555971
756	0.0550564
757	0.054428
758	0.0538449
759	0.0532901
760	0.053041
761	0.0522938
762	0.0516427
763	0.051371
764	0.0509068
765	0.0505558
766	0.0499925
767	0.0493018
768	0.0485347
769	0.0478667
770	0.047544
771	0.047343
772	0.0470175
773	0.0468816
774	0.046525
775	0.0465787
776	0.0462193
777	0.0458994
778	0.045288
779	0.0446851
780	0.0441642
781	0.0437821
782	0.0433801
783	0.0430546
784	0.0424545
785	0.0419847
786	0.0415742
787	0.0412487
788	0.0406854
789	0.0397768
790	0.0387917
791	0.0383388
792	0.0382228
793	0.0379737
794	0.0378067
795	0.0376255
796	0.0380671
797	0.0393861
798	0.0409458
799	0.0427319
800	0.0443086
801	0.0456871
802	0.0470543
803	0.0480676
804	0.0482941
805	0.0481356
806	0.0477308
807	0.0469637
808	0.0464825
809	0.0462079
810	0.0451634
811	0.044252
812	0.0433264
813	0.0427433
814	0.0425763
815	0.0426329
816	0.0422507
817	0.0418233
818	0.0412289
819	0.0404505
820	0.0397824
821	0.0391257
822	0.0389672
823	0.0387662
824	0.0380416
825	0.0376227
826	0.0372915
827	0.036615
828	0.0362895
829	0.0362413
830	0.0359639
831	0.0355761
832	0.0351827
833	0.0348911
834	0.0354035
835	0.0379878
836	0.0428169
837	0.0494943
838	0.0565991
839	0.0634294
840	0.0701153
841	0.0746641
842	0.0765889
843	0.0780297
844	0.0788874
845	0.0793092
846	0.0796234
847	0.0801414
848	0.0805659
849	0.0796092
850	0.0781486
851	0.0767786
852	0.075652
853	0.0747745
854	0.0735489
855	0.0723996
856	0.0711145
857	0.0703729
858	0.0698238
859	0.0691727
860	0.0686689
861	0.0677206
862	0.0671885
863	0.0665855
864	0.0667525
865	0.0681112
866	0.0705852
867	0.0734809
868	0.0761502
869	0.0783241
870	0.0797196
871	0.080382
872	0.0811887
873	0.0818369
874	0.0821369
875	0.0825559
876	0.0839683
877	0.0860121
878	0.0883813
879	0.0904759
880	0.0919224
881	0.0929527
882	0.0933971
883	0.0936292
884	0.0930688
885	0.093499
886	0.09629
887	0.101779
888	0.108903
889	0.116566
890	0.118898
891	0.117729
892	0.116866
893	0.115881
894	0.115218
895	0.114463
896	0.113565
897	0.113144
898	0.113098
899	0.113098
900	0.112699
901	0.112127
902	0.111465
903	0.111239
904	0.111502
905	0.111556
906	0.111035
907	0.111227
908	0.110746
909	0.109826
910	0.108869
911	0.1077
912	0.106248
913	0.105056
914	0.104111
915	0.103457
916	0.102925
917	0.102251
918	0.101515
919	0.101473
920	0.10196
921	0.102772
922	0.103718
923	0.104377
924	0.104496
925	0.104394
926	0.104244
927	0.103975
928	0.103146
929	0.102033
930	0.101
931	0.100301
932	0.100641
933	0.101629
934	0.102701
935	0.1032
936	0.103466
937	0.103434
938	0.10331
939	0.102959
940	0.102608
941	0.1019
942	0.100666
943	0.0998283
944	0.0995226
945	0.0986366
946	0.0973175
947	0.096474
948	0.0962079
949	0.0962561
950	0.0960607
951	0.0952625
952	0.0944275
953	0.0934226
954	0.0924744
955	0.0915884
956	0.0906005
957	0.089689
958	0.0890068
959	0.0883417
960	0.087651
961	0.0870311
962	0.0859583
963	0.0852619
964	0.0847043
965	0.0837985
966	0.0821737
967	0.0805744
968	0.0793714
969	0.0788251
970	0.0783637
971	0.0778401
972	0.0777212
973	0.07769
974	0.077908
975	0.0779674
976	0.0774834
977	0.0764191
978	0.0751849
979	0.0740952
980	0.0735092
981	0.0724874
982	0.0714231
983	0.0702597
984	0.0694133
985	0.0687283
986	0.068015
987	0.0672875
988	0.0662628
989	0.0653372
990	0.0643522
991	0.0639332
992	0.0633671
993	0.0623141
994	0.0612696
995	0.060763
996	0.0601855
997	0.0595996
998	0.0592712
999	0.0591778
1000	0.0591608
1001	0.0599676
1002	0.0626283
1003	0.0678338
1004	0.0753038
1005	0.0836117
1006	0.0913336
1007	0.0913534
1008	0.0909826
1009	0.090391
1010	0.0900315
1011	0.0900796
1012	0.0901419
1013	0.089924
1014	0.0894682
1015	0.0891908
1016	0.0889163
1017	0.0887266
1018	0.0881124
1019	0.0871896
1020	0.0861677
1021	0.0844552
1022	0.0829946
1023	0.082454
