0	0.000833109
1	0.000946334
2	0.000759513
3	0.000734038
4	0.000683087
5	0.000527403
6	0.000702901
7	0.00101144
8	0.00152095
9	0.00154925
10	0.00155492
11	0.00113882
12	0.000850093
13	0.000649119
14	0.000479282
15	0.000315106
16	0.00023868
17	7.73347e-05
18	0.000105641
19	0.000405686
20	0.000504758
21	0.000247172
22	0.000150931
23	3.73868e-06
24	-8.40104e-05
25	-0.000333105
26	-0.000440668
27	-0.000369903
28	-0.000409531
29	-0.000780342
30	-0.000885075
31	-0.00072373
32	-0.00067844
33	-0.000686932
34	-0.000774681
35	-0.000565215
36	-0.000749205
37	-0.00067844
38	-0.000746375
39	-0.000599183
40	-0.000746375
41	-0.000729391
42	-0.000743544
43	-0.000712407
44	-0.000658625
45	-0.000463313
46	-0.000409531
47	-0.000505772
48	-0.00072656
49	-0.000788834
50	-0.000664287
51	-0.000893567
52	-0.00130118
53	-0.00138326
54	-0.000941687
55	-0.000202896
56	0.000782158
57	0.00142471
58	0.00226257
59	0.00325895
60	0.00475917
61	0.0104261
62	0.0381463
63	0.137054
64	0.389352
65	0.861722
66	1.54174
67	2.32576
68	3.0768
69	3.68919
70	4.11552
71	4.36169
72	4.46478
73	4.46913
74	4.41499
75	4.33293
76	4.243
77	4.15777
78	4.08338
79	4.02156
80	3.97155
81	3.93188
82	3.89985
83	3.87301
84	3.84989
85	3.82973
86	3.81073
87	3.79223
88	3.77402
89	3.75604
90	3.73688
91	3.71766
92	3.70119
93	3.68454
94	3.66468
95	3.6421
96	3.61789
97	3.59337
98	3.56962
99	3.5469
100	3.5248
101	3.5027
102	3.4799
103	3.457
104	3.43409
105	3.41175
106	3.39002
107	3.3675
108	3.34431
109	3.32019
110	3.29497
111	3.26953
112	3.24441
113	3.2202
114	3.19592
115	3.17066
116	3.14558
117	3.12101
118	3.09665
119	3.07196
120	3.047
121	3.02141
122	2.99622
123	2.97143
124	2.94618
125	2.9206
126	2.89472
127	2.86844
128	2.84191
129	2.81608
130	2.79012
131	2.76423
132	2.73868
133	2.71325
134	2.68807
135	2.66385
136	2.64067
137	2.61873
138	2.59707
139	2.57481
140	2.5521
141	2.5293
142	2.506
143	2.48268
144	2.45933
145	2.4357
146	2.41211
147	2.38865
148	2.36571
149	2.34341
150	2.32137
151	2.29909
152	2.27626
153	2.25344
154	2.23066
155	2.20728
156	2.18322
157	2.15854
158	2.13336
159	2.1082
160	2.08406
161	2.06161
162	2.041
163	2.02221
164	2.00437
165	1.98656
166	1.96826
167	1.94977
168	1.93077
169	1.91156
170	1.89215
171	1.87314
172	1.85449
173	1.83589
174	1.81668
175	1.79766
176	1.77817
177	1.75865
178	1.739
179	1.71957
180	1.70071
181	1.68291
182	1.6667
183	1.65206
184	1.63809
185	1.62447
186	1.61126
187	1.59887
188	1.58745
189	1.57642
190	1.56512
191	1.55256
192	1.53962
193	1.52627
194	1.51227
195	1.49766
196	1.4828
197	1.46785
198	1.45276
199	1.43739
200	1.42226
201	1.40821
202	1.39499
203	1.38181
204	1.36912
205	1.35662
206	1.34441
207	1.33232
208	1.32047
209	1.30846
210	1.29619
211	1.28355
212	1.27075
213	1.25786
214	1.24496
215	1.23174
216	1.21835
217	1.20535
218	1.19227
219	1.17931
220	1.16636
221	1.15324
222	1.14046
223	1.12783
224	1.11551
225	1.10339
226	1.09179
227	1.08068
228	1.06999
229	1.05908
230	1.04768
231	1.03676
232	1.02614
233	1.01565
234	1.00584
235	0.996542
236	0.987467
237	0.97831
238	0.969405
239	0.960446
240	0.952073
241	0.943858
242	0.935658
243	0.927053
244	0.918468
245	0.910072
246	0.903913
247	0.906452
248	0.919943
249	0.912416
250	0.904074
251	0.895455
252	0.886904
253	0.879057
254	0.871545
255	0.864032
256	0.856135
257	0.848175
258	0.840312
259	0.83253
260	0.825343
261	0.818445
262	0.811371
263	0.804434
264	0.797468
265	0.790394
266	0.78302
267	0.775629
268	0.767902
269	0.760335
270	0.753307
271	0.747068
272	0.741164
273	0.735146
274	0.728899
275	0.722745
276	0.716948
277	0.711015
278	0.705175
279	0.699307
280	0.693737
281	0.688025
282	0.682394
283	0.677056
284	0.671321
285	0.665131
286	0.658748
287	0.652531
288	0.646236
289	0.640343
290	0.634336
291	0.628551
292	0.623031
293	0.617709
294	0.61215
295	0.606387
296	0.600536
297	0.594662
298	0.588608
299	0.582516
300	0.576722
301	0.571219
302	0.566263
303	0.561785
304	0.557443
305	0.552888
306	0.548138
307	0.543207
308	0.538158
309	0.533201
310	0.529102
311	0.5254
312	0.521565
313	0.517675
314	0.514021
315	0.51035
316	0.506664
317	0.50312
318	0.498973
319	0.494875
320	0.490394
321	0.485882
322	0.481155
323	0.476552
324	0.472066
325	0.467469
326	0.46275
327	0.458054
328	0.453567
329	0.449568
330	0.445571
331	0.441687
332	0.438166
333	0.434832
334	0.431285
335	0.427676
336	0.424112
337	0.420628
338	0.4172
339	0.413916
340	0.410678
341	0.407324
342	0.403768
343	0.400196
344	0.397139
345	0.394665
346	0.392109
347	0.389276
348	0.386346
349	0.383496
350	0.380557
351	0.377483
352	0.37452
353	0.371632
354	0.369317
355	0.366625
356	0.363775
357	0.360582
358	0.357327
359	0.354847
360	0.352854
361	0.350703
362	0.348184
363	0.345602
364	0.342786
365	0.340068
366	0.337801
367	0.335534
368	0.333187
369	0.33105
370	0.328624
371	0.326323
372	0.323543
373	0.320851
374	0.318349
375	0.316147
376	0.314012
377	0.311773
378	0.309834
379	0.308348
380	0.306698
381	0.304419
382	0.302268
383	0.300185
384	0.29832
385	0.295916
386	0.293567
387	0.291158
388	0.288857
389	0.286505
390	0.28439
391	0.282377
392	0.280305
393	0.278406
394	0.276476
395	0.27465
396	0.273353
397	0.273246
398	0.274774
399	0.277079
400	0.280257
401	0.28426
402	0.289372
403	0.294628
404	0.298727
405	0.300904
406	0.301057
407	0.299418
408	0.297003
409	0.29458
410	0.291628
411	0.288732
412	0.286295
413	0.283971
414	0.281922
415	0.279821
416	0.277877
417	0.27572
418	0.274118
419	0.272971
420	0.271811
421	0.270659
422	0.269054
423	0.267231
424	0.265634
425	0.263939
426	0.262059
427	0.26042
428	0.259042
429	0.257842
430	0.256494
431	0.254977
432	0.253355
433	0.251484
434	0.249333
435	0.247439
436	0.245933
437	0.244611
438	0.243142
439	0.241809
440	0.240382
441	0.23908
442	0.237512
443	0.236004
444	0.234554
445	0.233391
446	0.232253
447	0.230971
448	0.229363
449	0.227956
450	0.226759
451	0.225301
452	0.223622
453	0.222153
454	0.220755
455	0.219425
456	0.218485
457	0.21795
458	0.217848
459	0.218004
460	0.217919
461	0.217769
462	0.217664
463	0.21727
464	0.216167
465	0.214788
466	0.213347
467	0.211906
468	0.210641
469	0.209169
470	0.207547
471	0.205923
472	0.204728
473	0.203927
474	0.202897
475	0.202093
476	0.201354
477	0.200576
478	0.199939
479	0.199528
480	0.199262
481	0.199172
482	0.19918
483	0.198917
484	0.198631
485	0.197991
486	0.197264
487	0.196774
488	0.196231
489	0.195605
490	0.194739
491	0.193975
492	0.19312
493	0.19212
494	0.191481
495	0.190799
496	0.189915
497	0.188806
498	0.187705
499	0.186875
500	0.186176
501	0.185166
502	0.184571
503	0.186621
504	0.196437
505	0.216201
506	0.221253
507	0.220602
508	0.219648
509	0.218643
510	0.217582
511	0.21645
512	0.215934
513	0.21521
514	0.214321
515	0.2135
516	0.212668
517	0.211691
518	0.210469
519	0.209441
520	0.208527
521	0.207488
522	0.206421
523	0.205274
524	0.204131
525	0.203032
526	0.201614
527	0.200352
528	0.199537
529	0.198416
530	0.197493
531	0.196921
532	0.196491
533	0.195911
534	0.195274
535	0.194498
536	0.193652
537	0.19295
538	0.192276
539	0.191696
540	0.190864
541	0.189952
542	0.188877
543	0.188061
544	0.187512
545	0.187226
546	0.187082
547	0.186527
548	0.185797
549	0.184786
550	0.18368
551	0.182728
552	0.181763
553	0.180523
554	0.179318
555	0.178293
556	0.177469
557	0.176586
558	0.175782
559	0.174871
560	0.174186
561	0.173806
562	0.173028
563	0.172442
564	0.17193
565	0.171386
566	0.171007
567	0.170769
568	0.170594
569	0.170577
570	0.170916
571	0.171194
572	0.171095
573	0.170919
574	0.17048
575	0.170195
576	0.169736
577	0.168935
578	0.16819
579	0.167259
580	0.166345
581	0.165397
582	0.164463
583	0.163693
584	0.162736
585	0.162232
586	0.162475
587	0.163492
588	0.164802
589	0.166104
590	0.167316
591	0.167967
592	0.167944
593	0.167721
594	0.167044
595	0.166169
596	0.165484
597	0.164349
598	0.163276
599	0.16211
600	0.161086
601	0.160208
602	0.159631
603	0.159059
604	0.158266
605	0.157369
606	0.156503
607	0.155821
608	0.15485
609	0.154168
610	0.153341
611	0.152517
612	0.151801
613	0.150839
614	0.149874
615	0.148905
616	0.147969
617	0.146916
618	0.14584
619	0.145248
620	0.144343
621	0.143114
622	0.142044
623	0.141082
624	0.140238
625	0.139083
626	0.137985
627	0.136841
628	0.135933
629	0.13527
630	0.134699
631	0.133787
632	0.13306
633	0.13253
634	0.132126
635	0.131647
636	0.13103
637	0.130303
638	0.129408
639	0.128768
640	0.128262
641	0.127534
642	0.12681
643	0.12621
644	0.125578
645	0.125128
646	0.124653
647	0.12384
648	0.12403
649	0.127735
650	0.13852
651	0.156746
652	0.161759
653	0.161377
654	0.161165
655	0.160933
656	0.160338
657	0.159498
658	0.158561
659	0.157799
660	0.157479
661	0.157329
662	0.157043
663	0.156358
664	0.155458
665	0.154657
666	0.153859
667	0.153216
668	0.152868
669	0.15271
670	0.152696
671	0.152645
672	0.152229
673	0.151787
674	0.151572
675	0.151552
676	0.151062
677	0.15021
678	0.149698
679	0.148832
680	0.148076
681	0.147057
682	0.146047
683	0.145325
684	0.144937
685	0.144439
686	0.143533
687	0.142641
688	0.141566
689	0.140564
690	0.13955
691	0.13901
692	0.138735
693	0.138364
694	0.137962
695	0.137577
696	0.137306
697	0.136918
698	0.136765
699	0.13657
700	0.13634
701	0.136238
702	0.135805
703	0.134846
704	0.133929
705	0.13321
706	0.132443
707	0.13182
708	0.131197
709	0.130597
710	0.130153
711	0.129527
712	0.128647
713	0.127696
714	0.126994
715	0.126637
716	0.127039
717	0.127897
718	0.128879
719	0.129105
720	0.128981
721	0.128627
722	0.128004
723	0.127322
724	0.126464
725	0.125994
726	0.12557
727	0.125151
728	0.12499
729	0.124576
730	0.123724
731	0.123079
732	0.122603
733	0.122111
734	0.121403
735	0.120899
736	0.120492
737	0.120138
738	0.119914
739	0.119345
740	0.118468
741	0.117191
742	0.116693
743	0.116625
744	0.117265
745	0.118332
746	0.119014
747	0.119119
748	0.118858
749	0.118677
750	0.118004
751	0.117528
752	0.117101
753	0.116376
754	0.115538
755	0.114743
756	0.113727
757	0.112679
758	0.111505
759	0.110228
760	0.109526
761	0.109288
762	0.109039
763	0.108544
764	0.108173
765	0.107949
766	0.107712
767	0.107423
768	0.106709
769	0.105809
770	0.104564
771	0.103539
772	0.102608
773	0.101713
774	0.100972
775	0.100256
776	0.099514
777	0.0983422
778	0.0973175
779	0.0964853
780	0.0957918
781	0.0951294
782	0.0939943
783	0.0931282
784	0.0924743
785	0.0917044
786	0.0913109
787	0.0907986
788	0.0899098
789	0.0889474
790	0.0876792
791	0.0864026
792	0.0854572
793	0.084659
794	0.0841834
795	0.083405
796	0.0828162
797	0.0819331
798	0.0812764
799	0.0809282
800	0.0807867
801	0.0806536
802	0.0807272
803	0.080665
804	0.0801724
805	0.0797252
806	0.0791591
807	0.0784005
808	0.0778174
809	0.0772399
810	0.0768833
811	0.0768125
812	0.0765493
813	0.0759577
814	0.0749981
815	0.0741829
816	0.0737668
817	0.0733478
818	0.0730761
819	0.0726628
820	0.0725383
821	0.0720146
822	0.0716155
823	0.0712475
824	0.0707493
825	0.0701153
826	0.069218
827	0.0682697
828	0.0674007
829	0.0669676
830	0.0663873
831	0.0655155
832	0.064672
833	0.0640521
834	0.0634378
835	0.0630557
836	0.0628038
837	0.0627047
838	0.0627698
839	0.0640832
840	0.0677489
841	0.0741744
842	0.081834
843	0.0889615
844	0.0944274
845	0.0982544
846	0.100236
847	0.100762
848	0.100318
849	0.0992848
850	0.0981214
851	0.0968929
852	0.0957465
853	0.0941727
854	0.0923186
855	0.091076
856	0.0902041
857	0.0898192
858	0.0894625
859	0.08897
860	0.0885964
861	0.0887945
862	0.0891512
863	0.089839
864	0.0925564
865	0.0990328
866	0.109693
867	0.122482
868	0.127455
869	0.126629
870	0.125643
871	0.125066
872	0.124316
873	0.123843
874	0.123424
875	0.122739
876	0.122462
877	0.122238
878	0.122023
879	0.122009
880	0.122329
881	0.122632
882	0.122983
883	0.122651
884	0.122436
885	0.12221
886	0.122142
887	0.122204
888	0.122861
889	0.123917
890	0.125114
891	0.126365
892	0.127285
893	0.128089
894	0.128324
895	0.127735
896	0.126846
897	0.126368
898	0.125836
899	0.125496
900	0.124653
901	0.123535
902	0.121879
903	0.120795
904	0.119917
905	0.119408
906	0.118864
907	0.118496
908	0.118032
909	0.117856
910	0.117256
911	0.116543
912	0.115408
913	0.114392
914	0.113223
915	0.112439
916	0.111974
917	0.111646
918	0.111332
919	0.111063
920	0.110494
921	0.109956
922	0.109367
923	0.108762
924	0.108297
925	0.108006
926	0.107765
927	0.107304
928	0.106925
929	0.106401
930	0.10599
931	0.105416
932	0.105492
933	0.105702
934	0.105815
935	0.105563
936	0.105359
937	0.104858
938	0.103935
939	0.102899
940	0.101835
941	0.101077
942	0.100318
943	0.0992961
944	0.0984044
945	0.0974449
946	0.0967231
947	0.0959305
948	0.0953983
949	0.0948662
950	0.0944274
951	0.0942887
952	0.0941727
953	0.0940283
954	0.0935075
955	0.0925762
956	0.0919167
957	0.091008
958	0.0905014
959	0.0897994
960	0.0890323
961	0.0882171
962	0.0874981
963	0.0865781
964	0.0859101
965	0.0852166
966	0.0843561
967	0.0833852
968	0.0824567
969	0.0815311
970	0.0805772
971	0.0798696
972	0.0791393
973	0.0782533
974	0.077673
975	0.077506
976	0.0775371
977	0.0775202
978	0.0770531
979	0.0764219
980	0.075768
981	0.075233
982	0.0746612
983	0.0737639
984	0.0729968
985	0.0721873
986	0.0713664
987	0.0707691
988	0.0704181
989	0.0697643
990	0.06915
991	0.0682357
992	0.0673611
993	0.0670554
994	0.0668459
995	0.06671
996	0.0666279
997	0.0666478
998	0.0665713
999	0.0661354
1000	0.0654221
1001	0.0657193
1002	0.0718306
1003	0.088919
1004	0.103477
1005	0.10256
1006	0.10173
1007	0.101051
1008	0.100431
1009	0.0998877
1010	0.0993952
1011	0.0989253
1012	0.0984639
1013	0.0981837
1014	0.0977024
1015	0.0970882
1016	0.096556
1017	0.0961116
1018	0.0956163
1019	0.0954804
1020	0.0951521
1021	0.0946001
1022	0.0941642
1023	0.0935698
