0	0.000187785
1	0.000431218
2	6.60682e-05
3	-0.00015755
4	-0.000225485
5	-0.000205671
6	-0.000117922
7	-0.000137736
8	-0.000174534
9	-0.000256622
10	-0.000267944
11	-8.39544e-05
12	2.3609e-05
13	-0.000194348
14	-0.000233977
15	-0.000166042
16	-0.000151889
17	-2.73421e-05
18	-4.71564e-05
19	-0.000149059
20	-1.60197e-05
21	-0.000126414
22	-1.86658e-06
23	0.000148156
24	6.32376e-05
25	4.62539e-05
26	0.000156648
27	0.000315162
28	0.000201938
29	0.000196277
30	0.000261381
31	0.000162309
32	0.000100036
33	9.7205e-05
34	0.000255719
35	0.00048783
36	0.000267042
37	0.000199107
38	0.000419895
39	0.000374605
40	0.000436879
41	0.000244397
42	0.000261381
43	1.79477e-05
44	-4.71564e-05
45	-0.000205671
46	-0.000420798
47	-0.000542514
48	-0.000695367
49	-0.000768963
50	-0.000879358
51	-0.000757641
52	-0.00075481
53	-0.000630263
54	-0.000675553
55	-0.00042929
56	-0.000355694
57	-0.00015472
58	-0.000123583
59	-0.000406645
60	0.000541612
61	0.00773421
62	0.0331305
63	0.0969524
64	0.218621
65	0.403508
66	0.637258
67	0.888008
68	1.12107
69	1.3116
70	1.44931
71	1.53613
72	1.58109
73	1.59609
74	1.59154
75	1.57565
76	1.55448
77	1.53227
78	1.51151
79	1.49322
80	1.47764
81	1.46434
82	1.45323
83	1.44315
84	1.43386
85	1.42501
86	1.41622
87	1.40733
88	1.39851
89	1.38953
90	1.38052
91	1.37181
92	1.36332
93	1.35492
94	1.34618
95	1.33734
96	1.32838
97	1.31998
98	1.31141
99	1.3028
100	1.29371
101	1.28456
102	1.27556
103	1.26639
104	1.25694
105	1.24735
106	1.23743
107	1.22731
108	1.21705
109	1.20701
110	1.19689
111	1.1867
112	1.17663
113	1.16655
114	1.15657
115	1.14659
116	1.13685
117	1.12691
118	1.11693
119	1.10671
120	1.09682
121	1.08709
122	1.07712
123	1.06733
124	1.05749
125	1.04791
126	1.03825
127	1.02869
128	1.01925
129	1.00987
130	1.00052
131	0.991365
132	0.981913
133	0.972479
134	0.962821
135	0.953061
136	0.94299
137	0.932779
138	0.922804
139	0.913149
140	0.903709
141	0.894093
142	0.884951
143	0.875983
144	0.867061
145	0.857785
146	0.849234
147	0.840997
148	0.833241
149	0.825624
150	0.81806
151	0.810256
152	0.802574
153	0.794561
154	0.786887
155	0.778955
156	0.770925
157	0.762993
158	0.755382
159	0.74777
160	0.74
161	0.732298
162	0.724859
163	0.717639
164	0.710245
165	0.702863
166	0.695367
167	0.687875
168	0.680574
169	0.673388
170	0.666625
171	0.660084
172	0.653214
173	0.646466
174	0.640006
175	0.633363
176	0.626609
177	0.619815
178	0.613169
179	0.606998
180	0.60136
181	0.596392
182	0.592118
183	0.588025
184	0.583954
185	0.579935
186	0.57589
187	0.572029
188	0.567941
189	0.563792
190	0.559758
191	0.555209
192	0.550403
193	0.544948
194	0.539417
195	0.533762
196	0.528259
197	0.522997
198	0.517755
199	0.512651
200	0.507692
201	0.502633
202	0.497697
203	0.492786
204	0.487934
205	0.482726
206	0.477778
207	0.473048
208	0.468386
209	0.463659
210	0.459025
211	0.454238
212	0.449664
213	0.444895
214	0.440414
215	0.435927
216	0.431537
217	0.427144
218	0.422782
219	0.418471
220	0.414199
221	0.410098
222	0.405603
223	0.401326
224	0.39717
225	0.392961
226	0.388766
227	0.384495
228	0.380481
229	0.376555
230	0.372804
231	0.369043
232	0.365668
233	0.362102
234	0.358504
235	0.354986
236	0.351535
237	0.348017
238	0.344572
239	0.341079
240	0.337569
241	0.334062
242	0.330583
243	0.32726
244	0.324336
245	0.32311
246	0.325468
247	0.332137
248	0.340748
249	0.347697
250	0.344764
251	0.341772
252	0.339021
253	0.336083
254	0.333201
255	0.330334
256	0.327444
257	0.324786
258	0.3224
259	0.320183
260	0.318216
261	0.315949
262	0.313319
263	0.310463
264	0.307689
265	0.305068
266	0.302614
267	0.300213
268	0.29785
269	0.295296
270	0.292783
271	0.290431
272	0.288076
273	0.285822
274	0.283456
275	0.281027
276	0.278423
277	0.276006
278	0.273538
279	0.27129
280	0.269252
281	0.267242
282	0.265326
283	0.263602
284	0.261909
285	0.260041
286	0.258281
287	0.256619
288	0.254669
289	0.25273
290	0.250816
291	0.248758
292	0.246834
293	0.245064
294	0.243295
295	0.241382
296	0.239364
297	0.237308
298	0.235019
299	0.232989
300	0.230894
301	0.228791
302	0.226895
303	0.224831
304	0.222703
305	0.22063
306	0.218802
307	0.216894
308	0.214989
309	0.213279
310	0.21164
311	0.210033
312	0.208564
313	0.206978
314	0.205354
315	0.203692
316	0.201821
317	0.200349
318	0.198625
319	0.197153
320	0.195786
321	0.19447
322	0.193301
323	0.19207
324	0.190544
325	0.189052
326	0.187583
327	0.186063
328	0.184605
329	0.182918
330	0.181602
331	0.179788
332	0.177914
333	0.176218
334	0.174709
335	0.173198
336	0.171576
337	0.169957
338	0.168372
339	0.166962
340	0.16568
341	0.164395
342	0.163461
343	0.162241
344	0.161074
345	0.160126
346	0.159005
347	0.157924
348	0.156848
349	0.15594
350	0.154889
351	0.153851
352	0.152908
353	0.151903
354	0.150995
355	0.15014
356	0.149039
357	0.147872
358	0.146522
359	0.145263
360	0.143711
361	0.142197
362	0.140586
363	0.139083
364	0.137943
365	0.136904
366	0.1361
367	0.135137
368	0.134155
369	0.132992
370	0.131993
371	0.13071
372	0.129442
373	0.128338
374	0.127115
375	0.125884
376	0.124531
377	0.123254
378	0.121992
379	0.120783
380	0.119705
381	0.118329
382	0.117038
383	0.115784
384	0.11461
385	0.113664
386	0.11271
387	0.111941
388	0.111004
389	0.109968
390	0.108838
391	0.107763
392	0.106811
393	0.10549
394	0.104431
395	0.10406
396	0.104677
397	0.105872
398	0.107304
399	0.108767
400	0.109721
401	0.110525
402	0.11112
403	0.111148
404	0.110783
405	0.11005
406	0.109155
407	0.108198
408	0.107083
409	0.106242
410	0.105676
411	0.105011
412	0.104479
413	0.103763
414	0.103075
415	0.102328
416	0.101442
417	0.100375
418	0.0995254
419	0.0985177
420	0.0978044
421	0.0971534
422	0.0961994
423	0.0954408
424	0.0947728
425	0.0938444
426	0.0930631
427	0.0921856
428	0.0916591
429	0.0912515
430	0.0906514
431	0.089941
432	0.0891739
433	0.0884775
434	0.087651
435	0.0867763
436	0.0860772
437	0.0852138
438	0.0845345
439	0.0836994
440	0.0830965
441	0.082287
442	0.0817803
443	0.0811349
444	0.0803905
445	0.0798045
446	0.0792271
447	0.0787968
448	0.0783694
449	0.0775004
450	0.0768522
451	0.0760002
452	0.0752727
453	0.0747292
454	0.0742141
455	0.0740074
456	0.0738546
457	0.0737413
458	0.0737187
459	0.0735715
460	0.0733649
461	0.0729431
462	0.0726176
463	0.0720458
464	0.0716325
465	0.0711881
466	0.0705088
467	0.0699398
468	0.0691189
469	0.0684707
470	0.0680858
471	0.0679131
472	0.0677716
473	0.06733
474	0.0670328
475	0.0667044
476	0.0663081
477	0.0659911
478	0.0660364
479	0.0663195
480	0.0671998
481	0.0682018
482	0.0689293
483	0.0697162
484	0.0700332
485	0.070087
486	0.070121
487	0.0696794
488	0.0691756
489	0.0685868
490	0.0681509
491	0.0676499
492	0.0672932
493	0.0671488
494	0.0670781
495	0.066662
496	0.0663449
497	0.0659798
498	0.0657562
499	0.0656656
500	0.0652268
501	0.0648079
502	0.0647173
503	0.0653174
504	0.0683094
505	0.0748792
506	0.0845826
507	0.0955258
508	0.102011
509	0.101416
510	0.10068
511	0.0999953
512	0.099316
513	0.098696
514	0.0981837
515	0.097728
516	0.0973374
517	0.0969326
518	0.0962674
519	0.0957381
520	0.0953616
521	0.0948407
522	0.0943426
523	0.0939887
524	0.0937113
525	0.0935868
526	0.0934453
527	0.0931254
528	0.0926074
529	0.0920837
530	0.0915403
531	0.0910336
532	0.090575
533	0.0899891
534	0.0896664
535	0.0889559
536	0.0883445
537	0.0878633
538	0.0875944
539	0.0870396
540	0.0865669
541	0.0859696
542	0.085562
543	0.0850213
544	0.0847638
545	0.0844467
546	0.0839995
547	0.0836343
548	0.0834928
549	0.0832664
550	0.0831362
551	0.0828418
552	0.0823662
553	0.0820492
554	0.0819303
555	0.0817322
556	0.0811745
557	0.080532
558	0.0796686
559	0.078927
560	0.0783468
561	0.0777325
562	0.0772853
563	0.0769796
564	0.0767333
565	0.0764644
566	0.0762549
567	0.0760228
568	0.0759124
569	0.0754001
570	0.0748481
571	0.0744631
572	0.0739593
573	0.0734554
574	0.0730365
575	0.0726516
576	0.0722326
577	0.0719552
578	0.0716184
579	0.0712419
580	0.0707381
581	0.0702031
582	0.0698209
583	0.069385
584	0.068884
585	0.0683547
586	0.0683179
587	0.0685217
588	0.0689972
589	0.069051
590	0.0692831
591	0.0692095
592	0.0689406
593	0.0686292
594	0.0682811
595	0.0681282
596	0.0677376
597	0.0672564
598	0.0667525
599	0.0660166
600	0.065592
601	0.0652155
602	0.0648051
603	0.0641739
604	0.0636332
605	0.0633218
606	0.0629878
607	0.0625264
608	0.0623396
609	0.0619292
610	0.061731
611	0.0613149
612	0.0609894
613	0.0604657
614	0.0601799
615	0.0599534
616	0.0594807
617	0.059025
618	0.0585239
619	0.0579833
620	0.0572304
621	0.0565567
622	0.0558717
623	0.0553565
624	0.0552857
625	0.0550055
626	0.0547309
627	0.0541988
628	0.0538025
629	0.0533411
630	0.0529023
631	0.0523985
632	0.0517135
633	0.0510341
634	0.0506124
635	0.0503774
636	0.0498226
637	0.0494009
638	0.0488319
639	0.0484696
640	0.0481044
641	0.0476289
642	0.0469326
643	0.0464429
644	0.0460126
645	0.0456107
646	0.0452597
647	0.0448917
648	0.0449511
649	0.0464174
650	0.0498906
651	0.0544932
652	0.0594213
653	0.0637096
654	0.0665487
655	0.0680405
656	0.0683462
657	0.0680914
658	0.0676017
659	0.0669394
660	0.0661581
661	0.0655241
662	0.0649183
663	0.0645305
664	0.0646551
665	0.0649042
666	0.065207
667	0.0655467
668	0.0654929
669	0.065292
670	0.0650032
671	0.0646834
672	0.0642276
673	0.0637889
674	0.0633785
675	0.0627953
676	0.0624528
677	0.0621188
678	0.0615102
679	0.0609838
680	0.0605507
681	0.0600723
682	0.0598006
683	0.0593562
684	0.0591722
685	0.0589174
686	0.0587759
687	0.0584475
688	0.0578757
689	0.0573351
690	0.0566727
691	0.05605
692	0.0556197
693	0.055181
694	0.0547564
695	0.0543063
696	0.0539016
697	0.0536808
698	0.0535732
699	0.0534798
700	0.0533609
701	0.0529533
702	0.05254
703	0.0520022
704	0.0515069
705	0.0509407
706	0.0504624
707	0.0500293
708	0.0495905
709	0.0493839
710	0.0487668
711	0.048379
712	0.0479629
713	0.047561
714	0.0472071
715	0.0469807
716	0.0467458
717	0.0462815
718	0.0457296
719	0.0453503
720	0.0453361
721	0.0446822
722	0.0442293
723	0.0438529
724	0.0431962
725	0.0427093
726	0.0422224
727	0.0420667
728	0.0418148
729	0.041311
730	0.0410166
731	0.040793
732	0.040793
733	0.040541
734	0.0401391
735	0.039907
736	0.0396636
737	0.0394513
738	0.0392446
739	0.0388115
740	0.0385653
741	0.0382964
742	0.0381973
743	0.0381803
744	0.0383671
745	0.0386587
746	0.0389644
747	0.0388398
748	0.0387295
749	0.0386927
750	0.0383247
751	0.0377416
752	0.0373566
753	0.036983
754	0.0365612
755	0.0361649
756	0.0358705
757	0.0354997
758	0.035378
759	0.0352931
760	0.0352251
761	0.034894
762	0.0346647
763	0.0344864
764	0.0342514
765	0.0340929
766	0.0339712
767	0.033858
768	0.0334843
769	0.0331135
770	0.032938
771	0.0326323
772	0.0322417
773	0.0315737
774	0.0312708
775	0.0310358
776	0.0307273
777	0.0304442
778	0.0301668
779	0.029779
780	0.0293375
781	0.0291506
782	0.0288676
783	0.028627
784	0.0284571
785	0.0280156
786	0.0276221
787	0.0272711
788	0.0268012
789	0.0265804
790	0.026388
791	0.0260823
792	0.025703
793	0.0254001
794	0.0253718
795	0.0252161
796	0.0248708
797	0.0246726
798	0.0244207
799	0.0240499
800	0.0238631
801	0.0238178
802	0.0238942
803	0.0238715
804	0.0237244
805	0.0234979
806	0.0232573
807	0.0231016
808	0.0231045
809	0.0229912
810	0.0228752
811	0.022728
812	0.0226572
813	0.022527
814	0.0222298
815	0.0220826
816	0.0220939
817	0.0221336
818	0.0219864
819	0.021808
820	0.0215986
821	0.0214316
822	0.0214372
823	0.0211938
824	0.02099
825	0.0207607
826	0.0205909
827	0.0205003
828	0.0203842
829	0.0201295
830	0.0199681
831	0.0199993
832	0.0197926
833	0.0194586
834	0.019201
835	0.0188047
836	0.0189321
837	0.0193454
838	0.0200021
839	0.0209815
840	0.0222128
841	0.023263
842	0.0241263
843	0.0246924
844	0.025134
845	0.0255671
846	0.0258954
847	0.0258332
848	0.025686
849	0.025669
850	0.0254425
851	0.0253973
852	0.0252133
853	0.02495
854	0.0247547
855	0.0245367
856	0.0244207
857	0.0242848
858	0.0243754
859	0.0243641
860	0.0243556
861	0.024265
862	0.0239678
863	0.0237612
864	0.0236762
865	0.0239083
866	0.0241489
867	0.0250632
868	0.0263851
869	0.0276023
870	0.0286298
871	0.0293912
872	0.0297281
873	0.0298413
874	0.0297621
875	0.0295469
876	0.0293063
877	0.0291676
878	0.0290572
879	0.0289893
880	0.0290827
881	0.0292695
882	0.0293375
883	0.0294507
884	0.0296035
885	0.0296545
886	0.0297281
887	0.0300451
888	0.0306084
889	0.0313076
890	0.0319784
891	0.0327031
892	0.033139
893	0.0333145
894	0.0333088
895	0.033139
896	0.0329975
897	0.0327936
898	0.0320803
899	0.0316048
900	0.0311179
901	0.0311264
902	0.0309311
903	0.0306735
904	0.0304159
905	0.0301555
906	0.0297253
907	0.0294394
908	0.029445
909	0.0294677
910	0.0292412
911	0.0292073
912	0.0289214
913	0.028995
914	0.0287912
915	0.0287289
916	0.0286496
917	0.0283892
918	0.0281543
919	0.0279307
920	0.0277268
921	0.0276957
922	0.0276193
923	0.0275881
924	0.0275457
925	0.0275853
926	0.0276193
927	0.0275061
928	0.0276419
929	0.0275457
930	0.0274608
931	0.0274862
932	0.027206
933	0.02724
934	0.0270079
935	0.027039
936	0.0271183
937	0.0270673
938	0.0270786
939	0.0268041
940	0.0268069
941	0.0265465
942	0.0262946
943	0.0259662
944	0.0257709
945	0.0258813
946	0.0256265
947	0.0251963
948	0.0250774
949	0.0248424
950	0.0245424
951	0.0242509
952	0.0240442
953	0.0238574
954	0.0237187
955	0.0235913
956	0.023263
957	0.0231243
958	0.0228129
959	0.0227336
960	0.0224449
961	0.0222128
962	0.0220147
963	0.021641
964	0.0213919
965	0.0212108
966	0.0208286
967	0.0207749
968	0.0207352
969	0.0207154
970	0.0207805
971	0.0206588
972	0.0205003
973	0.0203078
974	0.0200785
975	0.0200162
976	0.0201493
977	0.0200729
978	0.0199313
979	0.0197502
980	0.0194954
981	0.0192803
982	0.0190623
983	0.0187736
984	0.0184821
985	0.0184254
986	0.0181084
987	0.0178508
988	0.0177744
989	0.0176895
990	0.0173357
991	0.0170894
992	0.0170866
993	0.0169592
994	0.0168799
995	0.0168035
996	0.0166591
997	0.0164525
998	0.016294
999	0.0163902
1000	0.0175904
1001	0.0208654
1002	0.0262153
1003	0.0333117
1004	0.0409939
1005	0.0478101
1006	0.0526306
1007	0.0553423
1008	0.0556254
1009	0.0555178
1010	0.0553565
1011	0.0552348
1012	0.0536553
1013	0.0520758
1014	0.0507822
1015	0.0497292
1016	0.0488404
1017	0.0480139
1018	0.0475072
1019	0.0470288
1020	0.0464202
1021	0.0458937
1022	0.0454408
1023	0.0448917
