0	-0.000438464
1	-0.000427142
2	-0.000543197
3	-0.000469601
4	-0.000277119
5	-0.000212015
6	-0.000571503
7	-0.000500738
8	-0.000274288
9	-0.000330901
10	-0.000359207
11	-0.000132758
12	-1.67024e-05
13	2.00956e-05
14	5.9425e-06
15	9.93528e-05
16	0.000399398
17	0.000569235
18	0.000300327
19	0.000187102
20	0.000523945
21	0.0005013
22	0.000119167
23	-8.18066e-05
24	0.000102183
25	0.000238053
26	0.000161626
27	3.70793e-05
28	0.000283343
29	0.000252206
30	0.000243714
31	-1.38718e-05
32	2.85874e-05
33	0.000153135
34	-5.35004e-05
35	-0.000435634
36	-0.00046677
37	5.97242e-05
38	0.000416382
39	0.000110675
40	-7.33147e-05
41	-6.48229e-05
42	-3.36861e-05
43	-0.000302595
44	-0.000271458
45	-7.33147e-05
46	0.000322971
47	0.000422043
48	0.000322971
49	0.00054376
50	0.000761717
51	0.00108441
52	0.0016109
53	0.00291299
54	0.00531052
55	0.0091177
56	0.0144619
57	0.0220479
58	0.0338686
59	0.0550897
60	0.0931615
61	0.155922
62	0.24392
63	0.349361
64	0.460689
65	0.569011
66	0.668745
67	0.757162
68	0.833387
69	0.896989
70	0.948826
71	0.990464
72	1.02251
73	1.04633
74	1.06348
75	1.0759
76	1.08584
77	1.09442
78	1.10287
79	1.11157
80	1.12
81	1.1268
82	1.13178
83	1.13448
84	1.13516
85	1.13446
86	1.13386
87	1.13418
88	1.13516
89	1.13646
90	1.13719
91	1.13692
92	1.13498
93	1.13065
94	1.12441
95	1.11787
96	1.11169
97	1.10661
98	1.10264
99	1.0985
100	1.09424
101	1.08859
102	1.08107
103	1.07268
104	1.06373
105	1.05467
106	1.04653
107	1.03927
108	1.03347
109	1.02882
110	1.02381
111	1.01756
112	1.01002
113	1.00131
114	0.991865
115	0.982632
116	0.974276
117	0.967208
118	0.960881
119	0.954357
120	0.946844
121	0.9381
122	0.928049
123	0.917587
124	0.907416
125	0.898483
126	0.890801
127	0.884455
128	0.878969
129	0.873305
130	0.866333
131	0.857776
132	0.847631
133	0.837033
134	0.827316
135	0.818685
136	0.812254
137	0.807026
138	0.802231
139	0.796502
140	0.789196
141	0.7805
142	0.771202
143	0.761688
144	0.752016
145	0.742796
146	0.734834
147	0.728264
148	0.722699
149	0.717508
150	0.712163
151	0.706196
152	0.698942
153	0.690484
154	0.681465
155	0.672427
156	0.663882
157	0.656771
158	0.651733
159	0.648005
160	0.645406
161	0.642745
162	0.639368
163	0.634511
164	0.628292
165	0.620995
166	0.613188
167	0.605628
168	0.599363
169	0.59424
170	0.590034
171	0.586544
172	0.583017
173	0.578573
174	0.572124
175	0.564097
176	0.555551
177	0.547263
178	0.539889
179	0.534525
180	0.531018
181	0.528357
182	0.525476
183	0.521674
184	0.516027
185	0.50869
186	0.50066
187	0.492513
188	0.485635
189	0.480678
190	0.477463
191	0.475136
192	0.472249
193	0.46836
194	0.463375
195	0.456632
196	0.449151
197	0.442341
198	0.436623
199	0.432272
200	0.428674
201	0.426203
202	0.423644
203	0.420115
204	0.41487
205	0.409112
206	0.403049
207	0.397464
208	0.393181
209	0.390317
210	0.388383
211	0.386498
212	0.384143
213	0.380817
214	0.376424
215	0.371553
216	0.365877
217	0.360292
218	0.355611
219	0.352234
220	0.349596
221	0.347226
222	0.344314
223	0.341036
224	0.337025
225	0.33232
226	0.32748
227	0.322736
228	0.318462
229	0.314844
230	0.312118
231	0.310091
232	0.308481
233	0.306253
234	0.302913
235	0.299168
236	0.295502
237	0.291828
238	0.288386
239	0.285652
240	0.283673
241	0.282065
242	0.280206
243	0.278188
244	0.275983
245	0.273271
246	0.270296
247	0.267343
248	0.264569
249	0.261827
250	0.259406
251	0.256862
252	0.254303
253	0.25188
254	0.249598
255	0.247158
256	0.244585
257	0.242307
258	0.239762
259	0.237373
260	0.23495
261	0.232448
262	0.230203
263	0.227621
264	0.224576
265	0.22119
266	0.217935
267	0.214657
268	0.212064
269	0.209607
270	0.207581
271	0.206123
272	0.204484
273	0.201939
274	0.19942
275	0.196974
276	0.193963
277	0.191152
278	0.189023
279	0.187084
280	0.185488
281	0.184321
282	0.183478
283	0.182425
284	0.180925
285	0.178813
286	0.176189
287	0.173279
288	0.170873
289	0.168781
290	0.166735
291	0.165263
292	0.164456
293	0.163536
294	0.16209
295	0.160374
296	0.158127
297	0.155432
298	0.152548
299	0.150227
300	0.148395
301	0.146895
302	0.146111
303	0.145652
304	0.14473
305	0.143937
306	0.142941
307	0.14116
308	0.139159
309	0.137127
310	0.135411
311	0.133951
312	0.132683
313	0.132114
314	0.131596
315	0.130877
316	0.129419
317	0.12795
318	0.12628
319	0.124601
320	0.123041
321	0.121881
322	0.120681
323	0.119752
324	0.11898
325	0.117893
326	0.116718
327	0.115594
328	0.114286
329	0.113188
330	0.111914
331	0.110847
332	0.109542
333	0.108028
334	0.106584
335	0.105554
336	0.104487
337	0.103312
338	0.101928
339	0.100541
340	0.0993634
341	0.0983076
342	0.0973452
343	0.0961705
344	0.0950212
345	0.0938607
346	0.0924708
347	0.0909734
348	0.0897902
349	0.0886665
350	0.0877664
351	0.0870247
352	0.0861472
353	0.0853179
354	0.0844545
355	0.0836393
356	0.0828892
357	0.0821448
358	0.0812616
359	0.080203
360	0.0791132
361	0.0777998
362	0.0765486
363	0.0753569
364	0.0737633
365	0.0729
366	0.0723905
367	0.0719064
368	0.0711648
369	0.0708449
370	0.0705562
371	0.0696448
372	0.0685267
373	0.0673491
374	0.0665849
375	0.0659168
376	0.0650167
377	0.0641477
378	0.0638335
379	0.0639184
380	0.0636042
381	0.0631372
382	0.0626758
383	0.0616596
384	0.0603575
385	0.0589903
386	0.0581581
387	0.0574873
388	0.0568787
389	0.0564824
390	0.0563097
391	0.0564994
392	0.0564371
393	0.0560068
394	0.0553275
395	0.054484
396	0.053448
397	0.0527913
398	0.0524488
399	0.0525818
400	0.053097
401	0.0536065
402	0.053731
403	0.0536942
404	0.0532527
405	0.0525309
406	0.051291
407	0.0501531
408	0.0496323
409	0.0492615
410	0.0492077
411	0.0493068
412	0.0493266
413	0.0490662
414	0.0487491
415	0.0479537
416	0.0471046
417	0.0461733
418	0.0450156
419	0.0445513
420	0.0444693
421	0.0442428
422	0.044005
423	0.0436229
424	0.0431445
425	0.0424482
426	0.0416018
427	0.040546
428	0.0401865
429	0.0398157
430	0.0395525
431	0.0391703
432	0.038992
433	0.0389637
434	0.0387203
435	0.037789
436	0.0370219
437	0.0363058
438	0.0357481
439	0.0354566
440	0.0353179
441	0.0351282
442	0.0349867
443	0.0346187
444	0.0340554
445	0.0336648
446	0.0332657
447	0.0326656
448	0.0323316
449	0.0321957
450	0.0322297
451	0.0322778
452	0.0323797
453	0.0325042
454	0.0322212
455	0.0318306
456	0.0311654
457	0.0305002
458	0.0297585
459	0.0295547
460	0.0297019
461	0.0296425
462	0.0295915
463	0.0298406
464	0.0296029
465	0.029249
466	0.0284395
467	0.0281366
468	0.0275309
469	0.0269591
470	0.0264694
471	0.0263109
472	0.0260872
473	0.0257193
474	0.0253598
475	0.02534
476	0.0251475
477	0.0249635
478	0.0247738
479	0.024403
480	0.0240775
481	0.0239614
482	0.0236897
483	0.0231915
484	0.0229169
485	0.0224386
486	0.0222319
487	0.021864
488	0.0216885
489	0.0216205
490	0.0214054
491	0.0209242
492	0.0204317
493	0.0200467
494	0.0200863
495	0.0198033
496	0.0198542
497	0.0199476
498	0.0201599
499	0.0204487
500	0.0205902
501	0.020828
502	0.0215866
503	0.0227047
504	0.023902
505	0.0250852
506	0.0266251
507	0.0280375
508	0.0293141
509	0.0305823
510	0.0315249
511	0.0319042
512	0.0321617
513	0.0320797
514	0.031839
515	0.031539
516	0.0315616
517	0.0314937
518	0.0311852
519	0.0310776
520	0.0312333
521	0.0314088
522	0.0312956
523	0.0310465
524	0.0307719
525	0.0300784
526	0.0294302
527	0.0289547
528	0.0288244
529	0.0286603
530	0.0287707
531	0.0288103
532	0.0288358
533	0.0286235
534	0.0281621
535	0.0272789
536	0.0266675
537	0.0266817
538	0.0265911
539	0.0264807
540	0.0265515
541	0.0267156
542	0.0264637
543	0.0259995
544	0.0254871
545	0.0248503
546	0.024069
547	0.0234519
548	0.0232311
549	0.0231292
550	0.0230613
551	0.0230443
552	0.0228858
553	0.0222942
554	0.0216941
555	0.0210912
556	0.0202533
557	0.0196051
558	0.0194551
559	0.0195683
560	0.0195966
561	0.0197127
562	0.0196164
563	0.0192315
564	0.0189626
565	0.0183512
566	0.0175954
567	0.0170264
568	0.0167377
569	0.0168141
570	0.0167915
571	0.0167632
572	0.0170378
573	0.0168849
574	0.0165226
575	0.0157357
576	0.0150195
577	0.0144109
578	0.014142
579	0.0141109
580	0.014142
581	0.0147506
582	0.0156621
583	0.0165509
584	0.0174369
585	0.0184219
586	0.0191041
587	0.0195485
588	0.0201656
589	0.0210912
590	0.0221838
591	0.0231094
592	0.0238341
593	0.0240181
594	0.0238992
595	0.0239133
596	0.0234349
597	0.0228292
598	0.0226254
599	0.0227131
600	0.0224386
601	0.0220196
602	0.0220847
603	0.0220961
604	0.0217564
605	0.021612
606	0.0215781
607	0.0221131
608	0.0229962
609	0.0237293
610	0.0244172
611	0.0250484
612	0.0257759
613	0.0262288
614	0.0266364
615	0.0268798
616	0.0270383
617	0.0270581
618	0.0265939
619	0.0262939
620	0.0260844
621	0.0258212
622	0.0255975
623	0.0254249
624	0.0250937
625	0.0249267
626	0.0246606
627	0.024287
628	0.0240237
629	0.023684
630	0.0232085
631	0.0229962
632	0.0228066
633	0.0226509
634	0.0225603
635	0.0222801
636	0.0220055
637	0.0216064
638	0.021145
639	0.0208704
640	0.0207628
641	0.0204345
642	0.0200637
643	0.0197467
644	0.0195655
645	0.019005
646	0.0187503
647	0.0183681
648	0.0182549
649	0.0180313
650	0.0178417
651	0.017853
652	0.0181304
653	0.0183738
654	0.0186314
655	0.0186455
656	0.0184814
657	0.0180992
658	0.0175812
659	0.0168566
660	0.0164999
661	0.0166528
662	0.016984
663	0.0171368
664	0.0173746
665	0.0176492
666	0.0178417
667	0.017468
668	0.0172387
669	0.017185
670	0.0172472
671	0.0173576
672	0.0172302
673	0.0171934
674	0.0171397
675	0.0168594
676	0.0166896
677	0.0168623
678	0.017352
679	0.0176039
680	0.0177398
681	0.01802
682	0.0182464
683	0.0184049
684	0.0183965
685	0.0183908
686	0.0185012
687	0.018388
688	0.0181389
689	0.0180992
690	0.0179549
691	0.0182436
692	0.0184021
693	0.0180313
694	0.0176067
695	0.0175161
696	0.017352
697	0.0169443
698	0.016398
699	0.0161971
700	0.016064
701	0.0157159
702	0.0155121
703	0.0153309
704	0.0151922
705	0.0147365
706	0.0141052
707	0.0138703
708	0.0139354
709	0.0140033
710	0.0138816
711	0.0142326
712	0.0142383
713	0.0141081
714	0.0134061
715	0.0130466
716	0.0130607
717	0.0128909
718	0.0120842
719	0.0114275
720	0.0112463
721	0.0112548
722	0.0111954
723	0.01085
724	0.0108019
725	0.0106321
726	0.0101509
727	0.00993857
728	0.00984233
729	0.0101452
730	0.0101905
731	0.00982252
732	0.0091828
733	0.00880633
734	0.00874688
735	0.00830248
736	0.00834494
737	0.00836475
738	0.00823171
739	0.00790619
740	0.00782976
741	0.0081383
742	0.0085176
743	0.00868744
744	0.00835626
745	0.00820058
746	0.0082487
747	0.00813547
748	0.00794865
749	0.00754387
750	0.00752406
751	0.00787222
752	0.00759765
753	0.00691265
754	0.00670601
755	0.00679093
756	0.00662392
757	0.0060578
758	0.00596439
759	0.00621065
760	0.0062701
761	0.0061314
762	0.00590212
763	0.00627576
764	0.0066777
765	0.0066494
766	0.00704568
767	0.00758633
768	0.00801659
769	0.00842702
770	0.00844967
771	0.00873273
772	0.00928753
773	0.00965834
774	0.00961588
775	0.00969514
776	0.00960173
777	0.00937245
778	0.00882897
779	0.0084893
780	0.00900447
781	0.00884596
782	0.00823171
783	0.00801942
784	0.00829682
785	0.00843552
786	0.00825719
787	0.00772503
788	0.00751557
789	0.00713909
790	0.00685603
791	0.00635218
792	0.00610026
793	0.00632105
794	0.00631822
795	0.00597854
796	0.00570397
797	0.0057436
798	0.00560207
799	0.0051888
800	0.00486894
801	0.00520012
802	0.00541242
803	0.00536996
804	0.00534448
805	0.00545205
806	0.00570963
807	0.00537562
808	0.00496235
809	0.00448398
810	0.00434811
811	0.00416695
812	0.0038669
813	0.00370273
814	0.00393767
815	0.00392635
816	0.00349043
817	0.00324417
818	0.00335456
819	0.00379048
820	0.00339419
821	0.00319605
822	0.00331493
823	0.00335739
824	0.00318472
825	0.00309131
826	0.0031734
827	0.00329795
828	0.00319888
829	0.00266389
830	0.00251104
831	0.00275447
832	0.00266672
833	0.00224779
834	0.00216287
835	0.00219684
836	0.00246292
837	0.00251953
838	0.00226194
839	0.00225911
840	0.00232705
841	0.0021657
842	0.0024148
843	0.00292714
844	0.0035244
845	0.00392351
846	0.00394333
847	0.00401976
848	0.00434528
849	0.00451228
850	0.00421224
851	0.00406788
852	0.00430282
853	0.00430282
854	0.00444152
855	0.00466231
856	0.00479818
857	0.00482082
858	0.00447549
859	0.00381312
860	0.00389238
861	0.00474156
862	0.00575492
863	0.00659562
864	0.00770805
865	0.00884029
866	0.00974609
867	0.0103377
868	0.0111586
869	0.0120446
870	0.0126701
871	0.0128003
872	0.0127211
873	0.0126135
874	0.0127296
875	0.0126446
876	0.0124097
877	0.0124578
878	0.0125965
879	0.0127069
880	0.0127296
881	0.0129871
882	0.013273
883	0.0135165
884	0.0134089
885	0.0135335
886	0.0135278
887	0.0136552
888	0.0137401
889	0.0137939
890	0.0136948
891	0.0136552
892	0.0135221
893	0.0133863
894	0.0134004
895	0.0133976
896	0.0132815
897	0.0131315
898	0.0127805
899	0.0124776
900	0.0121861
901	0.0122059
902	0.011971
903	0.0117049
904	0.0114699
905	0.0113397
906	0.0109151
907	0.0107764
908	0.0105811
909	0.0105613
910	0.010199
911	0.0099499
912	0.00961022
913	0.0092847
914	0.00917431
915	0.00882331
916	0.00859969
917	0.00844401
918	0.00872141
919	0.00880916
920	0.00878085
921	0.00876387
922	0.00853176
923	0.0085176
924	0.00852044
925	0.00861101
926	0.0083789
927	0.0082487
928	0.00803923
929	0.00801942
930	0.00782693
931	0.00761464
932	0.00760898
933	0.00757218
934	0.00766276
935	0.00765427
936	0.00757784
937	0.00748443
938	0.00715042
939	0.00677111
940	0.00671167
941	0.00675979
942	0.00707116
943	0.00659279
944	0.00643427
945	0.00624179
946	0.0058823
947	0.00571813
948	0.00582286
949	0.00593325
950	0.00621631
951	0.0060946
952	0.00590212
953	0.00565868
954	0.00528504
955	0.00498217
956	0.00472741
957	0.00474722
958	0.00461135
959	0.00453493
960	0.00411317
961	0.00394616
962	0.00373669
963	0.00341117
964	0.00295827
965	0.00248556
966	0.00230157
967	0.00209494
968	0.00202134
969	0.00220816
970	0.00199303
971	0.00188547
972	0.00179772
973	0.00155429
974	0.00167884
975	0.00164204
976	0.00144673
977	0.00140144
978	0.00151749
979	0.00172696
980	0.00166468
981	0.0014439
982	0.00142408
983	0.001158
984	0.000937215
985	0.000807007
986	0.000940046
987	0.000645662
988	0.000577727
989	0.000359769
990	0.000427704
991	0.000492808
992	0.000773039
993	0.00102213
994	0.00114102
995	0.00103629
996	0.000832482
997	0.000931554
998	0.00113253
999	0.00160807
1000	0.00255633
1001	0.00353006
1002	0.00445567
1003	0.00512653
1004	0.00586815
1005	0.00651919
1006	0.00711079
1007	0.00762313
1008	0.00809301
1009	0.00846382
1010	0.00837324
1011	0.00853742
1012	0.00826568
1013	0.0083506
1014	0.00835909
1015	0.00827983
1016	0.00809584
1017	0.00814962
1018	0.00809301
1019	0.00790336
1020	0.00788921
1021	0.00790619
1022	0.00828266
1023	0.00842136
