0	-0.000260174
1	-0.000152465
2	-0.000133316
3	3.66247e-05
4	-4.47555e-05
5	-0.000224271
6	-5.43296e-05
7	-0.000106987
8	-0.000327193
9	-0.00037985
10	-0.000252993
11	-0.000312831
12	-0.000384638
13	-0.000195548
14	-9.74133e-05
15	7.49213e-05
16	-6.45892e-06
17	-5.43296e-05
18	0.000113218
19	8.44954e-05
20	0.000271191
21	0.000268798
22	0.000208959
23	0.00017545
24	3.66247e-05
25	-0.000233845
26	-0.000327193
27	-0.000274535
28	-1.1246e-05
29	-2.80007e-05
30	0.000194598
31	0.000402836
32	0.0003789
33	0.00025683
34	0.000194598
35	0.000144334
36	7.01342e-05
37	-0.000145284
38	-4.7149e-05
39	-0.000382244
40	-0.000497134
41	-0.000288896
42	5.5773e-05
43	0.000450706
44	0.000560809
45	0.000383687
46	0.000467461
47	0.000254436
48	0.000180237
49	-4.2362e-05
50	-0.000281716
51	-0.000231451
52	1.50829e-05
53	0.000345391
54	0.000632615
55	0.00168816
56	0.00378729
57	0.00899084
58	0.022275
59	0.053051
60	0.114881
61	0.215613
62	0.349806
63	0.503866
64	0.664937
65	0.823095
66	0.971855
67	1.10721
68	1.22657
69	1.32891
70	1.41374
71	1.48141
72	1.53351
73	1.57229
74	1.60075
75	1.62141
76	1.63686
77	1.64899
78	1.65843
79	1.66555
80	1.67113
81	1.67584
82	1.67951
83	1.68234
84	1.68448
85	1.68673
86	1.6895
87	1.69236
88	1.69528
89	1.69799
90	1.69947
91	1.69841
92	1.69473
93	1.68891
94	1.68239
95	1.67627
96	1.67103
97	1.66639
98	1.66219
99	1.65761
100	1.65181
101	1.64458
102	1.63639
103	1.62693
104	1.61683
105	1.60662
106	1.59653
107	1.58711
108	1.57805
109	1.56869
110	1.55932
111	1.54952
112	1.53927
113	1.5288
114	1.51839
115	1.50844
116	1.49851
117	1.48834
118	1.47666
119	1.46423
120	1.45085
121	1.4372
122	1.42422
123	1.41211
124	1.40187
125	1.39273
126	1.38454
127	1.37654
128	1.3677
129	1.35719
130	1.34422
131	1.32944
132	1.31406
133	1.29898
134	1.28549
135	1.27439
136	1.26508
137	1.25751
138	1.25073
139	1.24382
140	1.23566
141	1.22538
142	1.2128
143	1.1976
144	1.18117
145	1.16491
146	1.15058
147	1.13879
148	1.12967
149	1.12249
150	1.11653
151	1.11045
152	1.1038
153	1.09565
154	1.08549
155	1.07268
156	1.05786
157	1.04218
158	1.02769
159	1.01574
160	1.00726
161	1.00138
162	0.997207
163	0.993021
164	0.98742
165	0.979931
166	0.970675
167	0.960031
168	0.948274
169	0.936194
170	0.924559
171	0.914145
172	0.904745
173	0.897091
174	0.89098
175	0.885214
176	0.879309
177	0.872698
178	0.865106
179	0.856513
180	0.847054
181	0.837286
182	0.827089
183	0.817096
184	0.807673
185	0.799822
186	0.794149
187	0.790167
188	0.787421
189	0.784815
190	0.781064
191	0.775121
192	0.766495
193	0.75581
194	0.744007
195	0.732825
196	0.723215
197	0.716343
198	0.712444
199	0.710878
200	0.710024
201	0.708504
202	0.704691
203	0.698293
204	0.689353
205	0.678429
206	0.667156
207	0.656895
208	0.648498
209	0.642404
210	0.638065
211	0.634891
212	0.632256
213	0.629046
214	0.624283
215	0.618014
216	0.610249
217	0.601314
218	0.591642
219	0.582721
220	0.574921
221	0.568894
222	0.564437
223	0.560545
224	0.556964
225	0.553829
226	0.550725
227	0.546816
228	0.541706
229	0.535569
230	0.527945
231	0.51935
232	0.510973
233	0.503988
234	0.498387
235	0.494235
236	0.491339
237	0.489199
238	0.487246
239	0.484258
240	0.479936
241	0.474349
242	0.467542
243	0.460249
244	0.45275
245	0.446122
246	0.441211
247	0.437656
248	0.435311
249	0.433714
250	0.432529
251	0.430205
252	0.426206
253	0.420442
254	0.413558
255	0.406002
256	0.398943
257	0.392878
258	0.388409
259	0.385611
260	0.384108
261	0.383189
262	0.382062
263	0.380094
264	0.376561
265	0.371391
266	0.364723
267	0.357444
268	0.350467
269	0.344567
270	0.340053
271	0.337458
272	0.336711
273	0.336955
274	0.336654
275	0.335354
276	0.332523
277	0.327769
278	0.321745
279	0.315107
280	0.30875
281	0.303422
282	0.299499
283	0.296835
284	0.295231
285	0.294391
286	0.293534
287	0.29172
288	0.288982
289	0.285133
290	0.280248
291	0.274652
292	0.269427
293	0.2648
294	0.261317
295	0.258634
296	0.256621
297	0.255377
298	0.25413
299	0.252607
300	0.25063
301	0.247923
302	0.244567
303	0.240455
304	0.236319
305	0.232576
306	0.229244
307	0.226721
308	0.224948
309	0.224033
310	0.223404
311	0.222717
312	0.221436
313	0.219335
314	0.216297
315	0.2128
316	0.208688
317	0.20505
318	0.202025
319	0.200253
320	0.199148
321	0.198746
322	0.198619
323	0.198487
324	0.198169
325	0.196725
326	0.194418
327	0.191558
328	0.188444
329	0.185442
330	0.182915
331	0.181414
332	0.180928
333	0.181005
334	0.181088
335	0.180725
336	0.179633
337	0.17802
338	0.175875
339	0.173367
340	0.170325
341	0.167519
342	0.16531
343	0.163843
344	0.162708
345	0.162007
346	0.161686
347	0.160897
348	0.159697
349	0.157747
350	0.155344
351	0.152395
352	0.149455
353	0.146665
354	0.144254
355	0.142474
356	0.141667
357	0.14114
358	0.140659
359	0.139855
360	0.138491
361	0.136755
362	0.134618
363	0.132102
364	0.128993
365	0.125678
366	0.12287
367	0.120872
368	0.120101
369	0.120357
370	0.120934
371	0.121365
372	0.120929
373	0.119498
374	0.117277
375	0.114637
376	0.112018
377	0.109491
378	0.108033
379	0.10732
380	0.10771
381	0.109117
382	0.111032
383	0.11283
384	0.114091
385	0.114093
386	0.113052
387	0.11192
388	0.110762
389	0.109486
390	0.108442
391	0.108289
392	0.10844
393	0.108519
394	0.108914
395	0.109163
396	0.108986
397	0.108069
398	0.106484
399	0.104536
400	0.10247
401	0.100307
402	0.0983966
403	0.0967881
404	0.0958068
405	0.095194
406	0.0948158
407	0.0945334
408	0.0947225
409	0.0942773
410	0.0927789
411	0.0903256
412	0.0878219
413	0.0854284
414	0.0831138
415	0.081266
416	0.0800477
417	0.0797007
418	0.0796073
419	0.0797198
420	0.0797557
421	0.0796791
422	0.0790353
423	0.0774005
424	0.0752272
425	0.0731017
426	0.0713472
427	0.0697029
428	0.0683122
429	0.067575
430	0.0673883
431	0.0675583
432	0.0675966
433	0.0674362
434	0.0668378
435	0.0656698
436	0.0638363
437	0.0619478
438	0.0602364
439	0.0587357
440	0.0575341
441	0.0571847
442	0.0571703
443	0.057594
444	0.057278
445	0.0571368
446	0.0565624
447	0.0555307
448	0.0542933
449	0.0529792
450	0.0515288
451	0.0505211
452	0.0499083
453	0.0497767
454	0.0497575
455	0.0497312
456	0.0494775
457	0.048781
458	0.0478978
459	0.0467106
460	0.0454492
461	0.0440849
462	0.0427253
463	0.0418038
464	0.0413586
465	0.0413706
466	0.0417942
467	0.0424644
468	0.0433477
469	0.0440729
470	0.0444152
471	0.0444965
472	0.0439389
473	0.0430724
474	0.0420264
475	0.0412772
476	0.0408129
477	0.0404419
478	0.0402624
479	0.0400589
480	0.0400015
481	0.0396927
482	0.0390225
483	0.0382087
484	0.0370814
485	0.0357338
486	0.0342618
487	0.0331823
488	0.0328161
489	0.0329118
490	0.0330219
491	0.0329836
492	0.0329382
493	0.0325791
494	0.0320167
495	0.0312148
496	0.0303077
497	0.0295441
498	0.0287208
499	0.0277945
500	0.0269854
501	0.0268418
502	0.0268011
503	0.0268035
504	0.0267892
505	0.026837
506	0.0263488
507	0.0254081
508	0.024477
509	0.0237254
510	0.0232084
511	0.0224808
512	0.0218872
513	0.0214899
514	0.0214277
515	0.0217771
516	0.0218848
517	0.0215593
518	0.0215569
519	0.0211141
520	0.0201471
521	0.0188737
522	0.0178158
523	0.0169613
524	0.0160829
525	0.0157071
526	0.0158028
527	0.0162744
528	0.0160494
529	0.0156712
530	0.0153433
531	0.0143931
532	0.0132226
533	0.0123083
534	0.0116716
535	0.0115711
536	0.0118751
537	0.0122365
538	0.0125261
539	0.0127774
540	0.0131101
541	0.0130024
542	0.0127678
543	0.012337
544	0.0119397
545	0.011291
546	0.0105682
547	0.0100464
548	0.0102642
549	0.0100392
550	0.00963231
551	0.00917514
552	0.00889749
553	0.00831347
554	0.00787545
555	0.00705447
556	0.00645848
557	0.00568776
558	0.0048979
559	0.00438089
560	0.00417265
561	0.00421334
562	0.00444552
563	0.0045269
564	0.00450536
565	0.00416547
566	0.00357906
567	0.00323199
568	0.00273414
569	0.00215251
570	0.00184853
571	0.00168338
572	0.00171449
573	0.00169295
574	0.00171928
575	0.0015996
576	0.00138897
577	0.0011951
578	0.000477035
579	-0.000485166
580	-0.00115775
581	-0.00149284
582	-0.00161491
583	-0.00207447
584	-0.00245265
585	-0.00314199
586	-0.00381936
587	-0.00422387
588	-0.00468821
589	-0.00497783
590	-0.00540149
591	-0.00604774
592	-0.00660304
593	-0.00666767
594	-0.00623444
595	-0.00496347
596	-0.00319704
597	-0.000767603
598	0.00173125
599	0.00407452
600	0.0061186
601	0.00820337
602	0.00979507
603	0.010707
604	0.0112216
605	0.0113868
606	0.0113102
607	0.0111666
608	0.0115783
609	0.0120665
610	0.0125596
611	0.0128516
612	0.0129234
613	0.0125189
614	0.0119732
615	0.0113628
616	0.0110397
617	0.0109009
618	0.011066
619	0.0113413
620	0.011887
621	0.0122963
622	0.0123274
623	0.0121192
624	0.0116405
625	0.0113604
626	0.0109966
627	0.0104246
628	0.00988842
629	0.00949109
630	0.00927328
631	0.00892382
632	0.00894776
633	0.0090435
634	0.00889749
635	0.00842357
636	0.00796401
637	0.00821773
638	0.00988124
639	0.0122748
640	0.0153146
641	0.018723
642	0.0222941
643	0.0255756
644	0.0289505
645	0.0321579
646	0.0348889
647	0.0371484
648	0.0386659
649	-0.000427721
650	-0.000748455
651	-0.00133487
652	-0.00165082
653	-0.00168433
654	-0.0015096
655	-0.000971054
656	-0.000592875
657	-0.000655107
658	-0.000542611
659	-0.000552185
660	-0.000994989
661	-0.00181358
662	-0.0024718
663	-0.00284041
664	-0.00338134
665	-0.00382415
666	-0.00393904
667	-0.00391032
668	-0.00387681
669	-0.00402999
670	-0.00431961
671	-0.00463316
672	-0.00509751
673	-0.00569829
674	-0.00639959
675	-0.00688069
676	-0.00704824
677	-0.0076203
678	-0.00815645
679	-0.00855138
680	0.0304944
681	0.0300109
682	0.0293239
683	0.0285029
684	0.0278926
685	0.0269807
686	0.0259107
687	0.0250323
688	0.0243166
689	0.023388
690	0.0229475
691	0.0228446
692	0.0229523
693	0.0227704
694	0.0221649
695	0.0213175
696	0.0202022
697	0.0190533
698	0.0181557
699	0.0172342
700	0.0167531
701	0.0165496
702	0.0167244
703	0.0169302
704	0.016789
705	0.0164515
706	0.0161403
707	0.0154654
708	0.0148119
709	0.0137636
710	0.0131029
711	0.0124064
712	0.0117123
713	0.0112695
714	0.0108482
715	0.0105562
716	0.0104605
717	0.0101948
718	0.0101038
719	0.00997219
720	0.00968497
721	0.00924216
722	0.00835177
723	0.00755472
724	0.00682469
725	0.00624785
726	0.00565665
727	0.00530719
728	0.00529043
729	0.00554894
730	0.00539814
731	0.00507502
732	0.00465854
733	0.00402186
734	0.00290887
735	0.00177912
736	0.000740324
737	3.66241e-05
738	-0.000415754
739	-0.000233845
740	4.14112e-05
741	-0.000114169
742	-0.000262568
743	-0.000580908
744	-0.00117929
745	-0.00215107
746	-0.00319704
747	-0.00412813
748	-0.00462598
749	-0.00409222
750	-0.0028069
751	-0.000614418
752	0.00190837
753	0.00492901
754	0.00792332
755	0.0106926
756	0.0127271
757	0.0146348
758	0.0158603
759	0.016765
760	0.0175286
761	0.018249
762	0.018699
763	0.0192543
764	0.0202213
765	0.0214492
766	0.0224569
767	0.0235579
768	0.0246015
769	0.0252453
770	0.0253674
771	0.0249988
772	0.0247379
773	0.0245967
774	0.0246853
775	0.0248576
776	0.0252142
777	0.0255637
778	0.0254608
779	0.0251209
780	0.0246972
781	0.0241754
782	0.023455
783	0.0229236
784	0.0225
785	0.0221385
786	0.021904
787	0.0216909
788	0.0212912
789	0.0210567
790	0.0209346
791	0.0208341
792	0.0205014
793	0.019879
794	0.0192926
795	0.0189001
796	0.0184166
797	0.0179115
798	0.0174352
799	0.0169517
800	0.0166669
801	0.0168153
802	0.0165688
803	0.0161403
804	0.015755
805	0.0155443
806	0.0152595
807	0.0145438
808	0.013833
809	0.0128564
810	0.012179
811	0.0114227
812	0.0109775
813	0.0107405
814	0.010719
815	0.010573
816	0.0102738
817	0.00976874
818	0.0090052
819	0.00798556
820	0.00683426
821	0.00587206
822	0.00505347
823	0.00433063
824	0.00342587
825	0.00300939
826	0.00239665
827	0.00199693
828	0.00159242
829	0.00108499
830	0.000280764
831	-0.000650321
832	-0.00131333
833	-0.00124871
834	-0.000322407
835	0.000831277
836	0.00157567
837	0.00210464
838	0.00254026
839	0.00318891
840	0.00380165
841	0.00487157
842	0.00545559
843	0.00550585
844	0.00497928
845	0.0044886
846	0.00416308
847	0.00358863
848	0.00286578
849	0.00235117
850	0.00196342
851	0.0014895
852	0.00142009
853	0.00127408
854	0.00085282
855	0.000216139
856	-0.000470805
857	-0.001141
858	-0.00165082
859	-0.00201224
860	-0.00223723
861	-0.00256036
862	-0.00300795
863	-0.00315157
864	-0.00318508
865	-0.00340289
866	-0.00335023
867	-0.003288
868	-0.00322816
869	-0.00375713
870	-0.00467625
871	-0.00600466
872	-0.0071727
873	-0.00848915
874	-0.00960693
875	-0.0105045
876	-0.0111005
877	-0.011493
878	-0.0116414
879	-0.0115888
880	-0.0111651
881	-0.0106936
882	-0.0101957
883	-0.00998032
884	-0.00999947
885	-0.0097649
886	-0.00960693
887	-0.00981756
888	-0.00992527
889	-0.00983192
890	-0.00971703
891	-0.00987501
892	-0.00994202
893	-0.0102484
894	-0.0104447
895	-0.0108372
896	-0.011414
897	-0.0119215
898	-0.0121584
899	-0.0126826
900	-0.0132666
901	-0.0137023
902	-0.0141068
903	-0.0138818
904	-0.013372
905	-0.0129363
906	-0.012539
907	-0.0119861
908	-0.0114236
909	-0.0115361
910	-0.0128214
911	-0.0150498
912	-0.0171849
913	-0.0192026
914	-0.0207225
915	-0.021589
916	-0.0219935
917	-0.0220294
918	-0.0221634
919	-0.0219432
920	-0.0216105
921	-0.0212443
922	-0.0211079
923	-0.0211414
924	-0.0210744
925	-0.0207393
926	-0.020689
927	-0.0205454
928	-0.0204496
929	-0.0202007
930	-0.0203252
931	-0.0202534
932	-0.0207943
933	-0.021151
934	-0.0216177
935	-0.0221251
936	-0.0223405
937	-0.0227379
938	-0.0229437
939	-0.0228169
940	-0.0225464
941	-0.0220366
942	-0.0213999
943	-0.0210624
944	-0.0208159
945	-0.0207991
946	-0.02106
947	-0.0215794
948	-0.0223573
949	-0.022848
950	-0.0232501
951	-0.0235588
952	-0.0235948
953	-0.0230969
954	-0.0226158
955	-0.0223358
956	-0.022386
957	-0.0225966
958	-0.0227235
959	-0.0231472
960	-0.0238509
961	-0.0244947
962	-0.0245617
963	-0.0245402
964	-0.0249399
965	-0.0251505
966	-0.0248825
967	-0.0250476
968	-0.0253013
969	-0.025354
970	-0.0255479
971	-0.0259404
972	-0.0264861
973	-0.0270606
974	-0.0273335
975	-0.0273191
976	-0.0268212
977	-0.0255263
978	-0.0233793
979	-0.0204784
980	-0.0174434
981	-0.014382
982	-0.0112226
983	-0.00842213
984	-0.0061387
985	-0.00445844
986	-0.00296008
987	-0.00140668
988	-0.000195548
989	0.000620647
990	0.00103712
991	0.001602
992	0.00209746
993	0.00209028
994	0.00227458
995	0.00181263
996	0.00127648
997	0.000522512
998	-0.000130923
999	-0.000693404
1000	-0.000896854
1001	-0.000808293
1002	-0.00118168
1003	-0.00156226
1004	-0.00176092
1005	-0.00206969
1006	-0.00256275
1007	-0.00263217
1008	-0.00244308
1009	-0.00235212
1010	-0.00253882
1011	-0.00307258
1012	-0.00339571
1013	-0.00371883
1014	-0.00401084
1015	-0.00415685
1016	-0.00438902
1017	-0.00481747
1018	-0.00535122
1019	-0.00559776
1020	-0.00616503
1021	-0.00651448
1022	-0.00678256
1023	-0.0073211
