0	-0.00028282
1	-0.000215801
2	-0.000182291
3	-0.000574831
4	-0.000811791
5	-0.000792643
6	-0.000562863
7	-0.000256491
8	-0.000215801
9	-0.000407284
10	-0.000285213
11	-0.000158356
12	0.000100146
13	0.000262906
14	0.000215036
15	0.000157591
16	0.000131262
17	7.38171e-05
18	0.000200675
19	0.000394551
20	0.000373009
21	0.000418486
22	0.00030599
23	2.59464e-05
24	-0.000280426
25	-0.000218194
26	-0.000409677
27	-0.000395316
28	-0.000471909
29	-0.000440793
30	-0.000464728
31	-0.000196652
32	-4.82532e-05
33	0.000384977
34	0.000688956
35	0.000930703
36	0.000880439
37	0.000631511
38	0.000504654
39	0.000432847
40	0.00015041
41	-1.47437e-05
42	-2.67114e-05
43	2.01107e-06
44	1.87658e-05
45	7.62107e-05
46	8.09977e-05
47	5.22753e-05
48	6.79814e-06
49	0.000212642
50	0.00018392
51	-0.000141601
52	-2.67114e-05
53	5.46689e-05
54	-0.000129633
55	-0.000129633
56	-5.16953e-06
57	0.000262906
58	0.000942671
59	0.00237879
60	0.00839135
61	0.0326283
62	0.112163
63	0.313414
64	0.703874
65	1.29842
66	2.03253
67	2.7892
68	3.45765
69	3.96986
70	4.30928
71	4.49649
72	4.56863
73	4.56482
74	4.51733
75	4.45104
76	4.38153
77	4.31788
78	4.26452
79	4.22309
80	4.19237
81	4.16962
82	4.152
83	4.13682
84	4.12245
85	4.10948
86	4.09758
87	4.08671
88	4.0756
89	4.06351
90	4.04864
91	4.02561
92	3.99642
93	3.97085
94	3.95278
95	3.93842
96	3.92401
97	3.90843
98	3.89179
99	3.87489
100	3.85848
101	3.84292
102	3.82744
103	3.81181
104	3.79552
105	3.77826
106	3.76032
107	3.74195
108	3.72236
109	3.70167
110	3.67997
111	3.65795
112	3.63733
113	3.61771
114	3.59814
115	3.57673
116	3.55189
117	3.52681
118	3.50407
119	3.48238
120	3.45992
121	3.43608
122	3.41114
123	3.38536
124	3.35924
125	3.33342
126	3.30749
127	3.28172
128	3.25622
129	3.23121
130	3.20638
131	3.1816
132	3.15645
133	3.13089
134	3.10521
135	3.07942
136	3.05431
137	3.03013
138	3.00622
139	2.98156
140	2.95608
141	2.93021
142	2.90504
143	2.88107
144	2.85788
145	2.83448
146	2.81124
147	2.78858
148	2.76748
149	2.74721
150	2.72683
151	2.70613
152	2.6852
153	2.66368
154	2.64138
155	2.61923
156	2.59698
157	2.57448
158	2.55178
159	2.52877
160	2.50533
161	2.48182
162	2.45875
163	2.4364
164	2.41432
165	2.39333
166	2.37291
167	2.35253
168	2.33218
169	2.31198
170	2.29134
171	2.27003
172	2.24848
173	2.22642
174	2.20392
175	2.18121
176	2.15951
177	2.13892
178	2.11931
179	2.10111
180	2.08554
181	2.07244
182	2.06142
183	2.05106
184	2.0385
185	2.02196
186	2.00552
187	1.98893
188	1.97185
189	1.95463
190	1.93752
191	1.92252
192	1.90992
193	1.89907
194	1.88904
195	1.8776
196	1.86274
197	1.8451
198	1.82739
199	1.81054
200	1.79423
201	1.7787
202	1.76344
203	1.74811
204	1.73221
205	1.71589
206	1.69976
207	1.68348
208	1.66738
209	1.65192
210	1.63674
211	1.62208
212	1.60813
213	1.59415
214	1.57995
215	1.56599
216	1.55212
217	1.53839
218	1.52535
219	1.51285
220	1.50091
221	1.48906
222	1.47764
223	1.46597
224	1.45391
225	1.44102
226	1.4279
227	1.41536
228	1.40357
229	1.39249
230	1.3819
231	1.3715
232	1.36116
233	1.3504
234	1.33922
235	1.32815
236	1.3168
237	1.30558
238	1.29427
239	1.2831
240	1.27162
241	1.25998
242	1.24876
243	1.23782
244	1.22751
245	1.21801
246	1.20896
247	1.20008
248	1.19104
249	1.18181
250	1.17233
251	1.16274
252	1.15313
253	1.14322
254	1.13265
255	1.12201
256	1.11133
257	1.10047
258	1.0895
259	1.07917
260	1.0698
261	1.06123
262	1.05337
263	1.04574
264	1.0382
265	1.03001
266	1.02117
267	1.01204
268	1.00235
269	0.992625
270	0.983307
271	0.974379
272	0.965875
273	0.957579
274	0.949451
275	0.94114
276	0.932605
277	0.92417
278	0.915924
279	0.907975
280	0.900369
281	0.892654
282	0.885081
283	0.877405
284	0.86949
285	0.86217
286	0.854841
287	0.847725
288	0.840995
289	0.834613
290	0.828244
291	0.82153
292	0.814589
293	0.807282
294	0.799957
295	0.792578
296	0.785407
297	0.778251
298	0.771498
299	0.76493
300	0.75881
301	0.75298
302	0.747367
303	0.741658
304	0.735373
305	0.729284
306	0.723259
307	0.717378
308	0.711473
309	0.705506
310	0.700578
311	0.696506
312	0.692739
313	0.68883
314	0.684654
315	0.679706
316	0.674309
317	0.668938
318	0.663502
319	0.657942
320	0.652274
321	0.646831
322	0.642073
323	0.639296
324	0.640282
325	0.646936
326	0.659359
327	0.664888
328	0.66187
329	0.657844
330	0.652774
331	0.647607
332	0.642697
333	0.637705
334	0.632882
335	0.628104
336	0.623283
337	0.618583
338	0.613755
339	0.608683
340	0.603889
341	0.598886
342	0.593786
343	0.589207
344	0.584633
345	0.580214
346	0.57582
347	0.571554
348	0.567775
349	0.564355
350	0.560862
351	0.556973
352	0.553203
353	0.549314
354	0.545546
355	0.54181
356	0.538227
357	0.534849
358	0.531376
359	0.527839
360	0.52456
361	0.52101
362	0.517791
363	0.514363
364	0.510656
365	0.506429
366	0.502111
367	0.49814
368	0.494126
369	0.49009
370	0.485835
371	0.48151
372	0.477716
373	0.474396
374	0.471488
375	0.468572
376	0.465746
377	0.462969
378	0.460044
379	0.45733
380	0.454858
381	0.452612
382	0.450532
383	0.449436
384	0.451516
385	0.460501
386	0.472917
387	0.469307
388	0.465542
389	0.462
390	0.458345
391	0.454238
392	0.450403
393	0.447284
394	0.444405
395	0.441394
396	0.438261
397	0.435511
398	0.433251
399	0.430676
400	0.427846
401	0.425142
402	0.422485
403	0.419883
404	0.417032
405	0.414076
406	0.411092
407	0.408342
408	0.405792
409	0.403337
410	0.400914
411	0.398518
412	0.396185
413	0.39376
414	0.39123
415	0.388528
416	0.385653
417	0.382503
418	0.379555
419	0.3764
420	0.373295
421	0.370548
422	0.367884
423	0.365646
424	0.363348
425	0.361165
426	0.358618
427	0.356052
428	0.353422
429	0.350796
430	0.348597
431	0.347472
432	0.348032
433	0.349226
434	0.350339
435	0.350609
436	0.349769
437	0.348412
438	0.346739
439	0.345262
440	0.34482
441	0.345569
442	0.347474
443	0.350198
444	0.35306
445	0.355267
446	0.355655
447	0.354595
448	0.353039
449	0.350992
450	0.348836
451	0.346782
452	0.344238
453	0.341581
454	0.338939
455	0.336926
456	0.335298
457	0.334628
458	0.334374
459	0.334262
460	0.333857
461	0.33256
462	0.331219
463	0.329676
464	0.328163
465	0.327663
466	0.329242
467	0.33341
468	0.338946
469	0.343912
470	0.347503
471	0.349111
472	0.346739
473	0.344389
474	0.342148
475	0.339956
476	0.338019
477	0.335834
478	0.333635
479	0.330973
480	0.328476
481	0.326047
482	0.323869
483	0.321475
484	0.319034
485	0.316746
486	0.314989
487	0.313902
488	0.312713
489	0.311511
490	0.310479
491	0.30934
492	0.307894
493	0.306145
494	0.304034
495	0.302052
496	0.299809
497	0.297109
498	0.294464
499	0.292133
500	0.290084
501	0.28805
502	0.287186
503	0.290532
504	0.301408
505	0.314733
506	0.313574
507	0.312715
508	0.311315
509	0.309764
510	0.308237
511	0.307179
512	0.306166
513	0.305309
514	0.304058
515	0.302653
516	0.301319
517	0.299912
518	0.298777
519	0.297466
520	0.295625
521	0.293428
522	0.291264
523	0.289112
524	0.287181
525	0.285355
526	0.283701
527	0.282614
528	0.281592
529	0.28017
530	0.278566
531	0.277159
532	0.275795
533	0.274335
534	0.272642
535	0.270787
536	0.269224
537	0.267932
538	0.266702
539	0.265337
540	0.263846
541	0.262396
542	0.26056
543	0.258858
544	0.256946
545	0.255019
546	0.253477
547	0.252094
548	0.25072
549	0.249116
550	0.247642
551	0.246759
552	0.24612
553	0.245397
554	0.244765
555	0.244068
556	0.243142
557	0.242051
558	0.240947
559	0.239686
560	0.238317
561	0.23683
562	0.235461
563	0.234621
564	0.233721
565	0.233223
566	0.232431
567	0.231557
568	0.231395
569	0.232445
570	0.234566
571	0.237039
572	0.239458
573	0.241256
574	0.242122
575	0.241969
576	0.240598
577	0.238448
578	0.236134
579	0.233838
580	0.231895
581	0.230109
582	0.228467
583	0.227287
584	0.226103
585	0.224999
586	0.223659
587	0.222203
588	0.220715
589	0.219245
590	0.21801
591	0.216718
592	0.215372
593	0.214013
594	0.212538
595	0.21257
596	0.215818
597	0.224305
598	0.236759
599	0.250586
600	0.25848
601	0.262599
602	0.264954
603	0.265768
604	0.264966
605	0.263504
606	0.261785
607	0.260172
608	0.25842
609	0.256948
610	0.255711
611	0.254325
612	0.252546
613	0.250407
614	0.248042
615	0.245701
616	0.243291
617	0.241093
618	0.239643
619	0.239042
620	0.239241
621	0.239499
622	0.239755
623	0.239865
624	0.23943
625	0.23846
626	0.237185
627	0.235899
628	0.234466
629	0.233008
630	0.231804
631	0.230437
632	0.22919
633	0.22813
634	0.226986
635	0.225832
636	0.224882
637	0.224039
638	0.222919
639	0.22167
640	0.220648
641	0.220202
642	0.220581
643	0.222673
644	0.226356
645	0.230545
646	0.234095
647	0.236593
648	0.23728
649	0.236845
650	0.235342
651	0.233956
652	0.233331
653	0.234425
654	0.237304
655	0.241558
656	0.245974
657	0.249676
658	0.251989
659	0.252841
660	0.252422
661	0.251558
662	0.250438
663	0.249076
664	0.247582
665	0.246062
666	0.244248
667	0.242558
668	0.240813
669	0.238841
670	0.236665
671	0.234693
672	0.232919
673	0.231289
674	0.229607
675	0.227697
676	0.225892
677	0.224293
678	0.222912
679	0.221837
680	0.220664
681	0.219712
682	0.218855
683	0.218225
684	0.217766
685	0.21795
686	0.218005
687	0.218266
688	0.217972
689	0.216959
690	0.2156
691	0.214484
692	0.212873
693	0.211184
694	0.209513
695	0.207644
696	0.205676
697	0.203687
698	0.202057
699	0.200765
700	0.199465
701	0.198244
702	0.196916
703	0.195444
704	0.193835
705	0.192433
706	0.190886
707	0.189407
708	0.187777
709	0.186052
710	0.184544
711	0.183048
712	0.181645
713	0.180154
714	0.178553
715	0.17721
716	0.176102
717	0.174907
718	0.173454
719	0.171731
720	0.169881
721	0.168375
722	0.167308
723	0.166365
724	0.165501
725	0.164426
726	0.162834
727	0.161152
728	0.159864
729	0.15876
730	0.157932
731	0.156889
732	0.155893
733	0.154567
734	0.152822
735	0.151099
736	0.149428
737	0.14758
738	0.146259
739	0.145089
740	0.144102
741	0.143179
742	0.141965
743	0.140589
744	0.139253
745	0.137752
746	0.136323
747	0.135194
748	0.134322
749	0.133425
750	0.132826
751	0.13332
752	0.136039
753	0.141201
754	0.14939
755	0.159505
756	0.169304
757	0.177009
758	0.182112
759	0.184493
760	0.184601
761	0.182887
762	0.18036
763	0.177081
764	0.173816
765	0.170879
766	0.169328
767	0.169223
768	0.170565
769	0.172377
770	0.173921
771	0.174565
772	0.174488
773	0.174242
774	0.174189
775	0.174266
776	0.173988
777	0.173955
778	0.173543
779	0.172485
780	0.171188
781	0.169871
782	0.168677
783	0.167516
784	0.166281
785	0.165316
786	0.164436
787	0.163442
788	0.161992
789	0.160888
790	0.159814
791	0.158607
792	0.157341
793	0.156259
794	0.155393
795	0.15445
796	0.153519
797	0.152274
798	0.150833
799	0.149505
800	0.148308
801	0.146795
802	0.145622
803	0.144679
804	0.143425
805	0.142659
806	0.142051
807	0.141496
808	0.140701
809	0.139914
810	0.139574
811	0.139722
812	0.139935
813	0.139622
814	0.138748
815	0.137807
816	0.137135
817	0.13613
818	0.134899
819	0.133662
820	0.132219
821	0.130603
822	0.128702
823	0.127288
824	0.125969
825	0.124511
826	0.123214
827	0.122288
828	0.121563
829	0.120847
830	0.120304
831	0.119803
832	0.118973
833	0.118312
834	0.117812
835	0.117393
836	0.117032
837	0.11685
838	0.116744
839	0.116656
840	0.117008
841	0.11751
842	0.117867
843	0.117594
844	0.11724
845	0.116699
846	0.116096
847	0.115193
848	0.114387
849	0.113659
850	0.112687
851	0.111658
852	0.110449
853	0.109511
854	0.108599
855	0.107819
856	0.107225
857	0.106536
858	0.10572
859	0.104817
860	0.10425
861	0.103881
862	0.103554
863	0.10267
864	0.101603
865	0.10087
866	0.1001
867	0.0991949
868	0.0986803
869	0.0981872
870	0.0972466
871	0.096136
872	0.0950373
873	0.0941996
874	0.0936467
875	0.0933164
876	0.0927707
877	0.0923997
878	0.0918851
879	0.0914829
880	0.091976
881	0.0936635
882	0.0969905
883	0.102907
884	0.112127
885	0.123367
886	0.134021
887	0.134727
888	0.134859
889	0.134406
890	0.133738
891	0.132949
892	0.132073
893	0.131249
894	0.130854
895	0.130352
896	0.129638
897	0.128588
898	0.127501
899	0.126438
900	0.125603
901	0.124887
902	0.124291
903	0.123609
904	0.122606
905	0.121876
906	0.121041
907	0.12009
908	0.119286
909	0.118618
910	0.118097
911	0.117663
912	0.117213
913	0.116847
914	0.115971
915	0.115102
916	0.114329
917	0.113475
918	0.112929
919	0.112314
920	0.111507
921	0.111495
922	0.111926
923	0.112388
924	0.112864
925	0.11308
926	0.113216
927	0.112982
928	0.11246
929	0.111828
930	0.111237
931	0.110729
932	0.109858
933	0.108769
934	0.107663
935	0.106531
936	0.105765
937	0.105315
938	0.104757
939	0.104458
940	0.104205
941	0.10414
942	0.104161
943	0.104717
944	0.105061
945	0.104954
946	0.104181
947	0.103238
948	0.102295
949	0.101567
950	0.10099
951	0.10003
952	0.099092
953	0.0988909
954	0.0992547
955	0.10021
956	0.10105
957	0.102093
958	0.102895
959	0.103611
960	0.103929
961	0.103616
962	0.103314
963	0.103092
964	0.102553
965	0.102043
966	0.101335
967	0.100681
968	0.0999345
969	0.0994534
970	0.0985798
971	0.0974189
972	0.0962628
973	0.0952192
974	0.0945323
975	0.0941828
976	0.0943648
977	0.0953198
978	0.0968995
979	0.0986564
980	0.100925
981	0.104217
982	0.109738
983	0.117103
984	0.125344
985	0.13197
986	0.136218
987	0.135048
988	0.133916
989	0.132805
990	0.1315
991	0.13038
992	0.129399
993	0.12746
994	0.125579
995	0.123999
996	0.12257
997	0.121213
998	0.120325
999	0.119956
1000	0.119217
1001	0.118348
1002	0.117501
1003	0.116488
1004	0.115488
1005	0.114755
1006	0.114327
1007	0.114181
1008	0.11324
1009	0.111847
1010	0.110629
1011	0.109868
1012	0.109856
1013	0.110918
1014	0.113154
1015	0.11571
1016	0.117575
1017	0.118697
1018	0.119583
1019	0.119782
1020	0.119427
1021	0.118513
1022	0.117642
1023	0.116565
