0	-0.000252516
1	-0.000317142
2	-0.000149594
3	-3.58855e-06
4	-3.58855e-06
5	3.71016e-05
6	0.000106514
7	-3.47045e-05
8	-0.000226187
9	-0.000386554
10	-0.000443999
11	-0.00045836
12	-0.000386554
13	-0.000175923
14	-0.000297993
15	-0.000269271
16	-0.000348258
17	-0.000357832
18	-0.000721649
19	-0.000764733
20	-0.000714469
21	-0.000518199
22	-0.000266877
23	0.000185501
24	0.000515809
25	0.000444003
26	0.000467938
27	0.000494267
28	0.000475119
29	0.000479906
30	0.000671388
31	0.000475119
32	0.000633092
33	0.000525383
34	0.000441609
35	0.000207043
36	9.69399e-05
37	-4.66722e-05
38	-0.000257303
39	-0.000192678
40	3.59206e-06
41	0.000147204
42	0.000365016
43	0.000384164
44	0.000295603
45	0.000350655
46	0.00030039
47	8.25787e-05
48	-0.000211826
49	-0.000379374
50	-0.000415277
51	-0.000345864
52	-0.000443999
53	-0.000522986
54	-0.000554102
55	-0.000321929
56	0.000891594
57	0.00438137
58	0.0145898
59	0.0400091
60	0.092035
61	0.177008
62	0.289739
63	0.417503
64	0.547989
65	0.673619
66	0.79017
67	0.894906
68	0.986179
69	1.06382
70	1.1277
71	1.17845
72	1.21734
73	1.24594
74	1.2669
75	1.28298
76	1.29616
77	1.30819
78	1.32032
79	1.33232
80	1.3436
81	1.35301
82	1.35995
83	1.36401
84	1.36562
85	1.36628
86	1.36681
87	1.36761
88	1.36927
89	1.37148
90	1.37337
91	1.37395
92	1.37188
93	1.36673
94	1.35962
95	1.35159
96	1.34476
97	1.33985
98	1.33686
99	1.33558
100	1.33456
101	1.33173
102	1.32579
103	1.31694
104	1.30588
105	1.29432
106	1.28401
107	1.27613
108	1.27085
109	1.26739
110	1.26401
111	1.25905
112	1.25099
113	1.23994
114	1.22716
115	1.21451
116	1.20396
117	1.19673
118	1.19205
119	1.18835
120	1.18451
121	1.17853
122	1.16942
123	1.15759
124	1.14462
125	1.13247
126	1.12218
127	1.11489
128	1.11047
129	1.10676
130	1.10217
131	1.09486
132	1.08432
133	1.07145
134	1.0577
135	1.04513
136	1.03608
137	1.03038
138	1.02729
139	1.02408
140	1.0187
141	1.01002
142	0.997646
143	0.982342
144	0.966068
145	0.951515
146	0.940742
147	0.934315
148	0.931285
149	0.929588
150	0.926424
151	0.920158
152	0.909995
153	0.896825
154	0.882057
155	0.868419
156	0.857854
157	0.851489
158	0.848747
159	0.847155
160	0.844352
161	0.838574
162	0.829457
163	0.817389
164	0.803992
165	0.791211
166	0.781213
167	0.774961
168	0.771526
169	0.769293
170	0.767026
171	0.762917
172	0.755791
173	0.745839
174	0.734288
175	0.72261
176	0.712729
177	0.705817
178	0.701496
179	0.698928
180	0.696326
181	0.692666
182	0.687025
183	0.679239
184	0.670112
185	0.660866
186	0.652546
187	0.646452
188	0.642213
189	0.639288
190	0.636624
191	0.632807
192	0.627409
193	0.620145
194	0.611222
195	0.601815
196	0.592643
197	0.584943
198	0.579318
199	0.57546
200	0.572923
201	0.570149
202	0.566355
203	0.561211
204	0.554109
205	0.545873
206	0.537625
207	0.530282
208	0.524947
209	0.521337
210	0.519178
211	0.517086
212	0.514386
213	0.509896
214	0.503783
215	0.496253
216	0.488292
217	0.480582
218	0.474271
219	0.469938
220	0.46731
221	0.465769
222	0.463643
223	0.46
224	0.454352
225	0.447016
226	0.439052
227	0.431611
228	0.425984
229	0.422582
230	0.420804
231	0.42
232	0.418851
233	0.416227
234	0.41167
235	0.405198
236	0.397776
237	0.390873
238	0.385559
239	0.382311
240	0.380463
241	0.379448
242	0.378142
243	0.375607
244	0.37127
245	0.365511
246	0.359261
247	0.353423
248	0.348878
249	0.345944
250	0.344268
251	0.343172
252	0.341741
253	0.338789
254	0.334134
255	0.328315
256	0.322207
257	0.316877
258	0.312884
259	0.310931
260	0.309902
261	0.308954
262	0.306771
263	0.303355
264	0.298602
265	0.292549
266	0.286287
267	0.281088
268	0.277618
269	0.275634
270	0.274568
271	0.274164
272	0.272982
273	0.270255
274	0.265739
275	0.260368
276	0.25519
277	0.250683
278	0.247282
279	0.245449
280	0.244589
281	0.243862
282	0.242399
283	0.240032
284	0.236351
285	0.232174
286	0.227547
287	0.223538
288	0.22052
289	0.218797
290	0.218239
291	0.217466
292	0.216379
293	0.214831
294	0.212135
295	0.208761
296	0.205089
297	0.202018
298	0.19967
299	0.197808
300	0.196427
301	0.195405
302	0.194222
303	0.192346
304	0.190072
305	0.187324
306	0.1845
307	0.181319
308	0.178564
309	0.176352
310	0.174569
311	0.172901
312	0.171139
313	0.169145
314	0.167094
315	0.164889
316	0.162573
317	0.160258
318	0.158401
319	0.156529
320	0.15475
321	0.15319
322	0.151984
323	0.150894
324	0.149676
325	0.148623
326	0.147783
327	0.146995
328	0.146301
329	0.145069
330	0.143905
331	0.142709
332	0.141395
333	0.139911
334	0.138704
335	0.137414
336	0.136366
337	0.135133
338	0.133781
339	0.132852
340	0.131923
341	0.13064
342	0.129422
343	0.128362
344	0.127108
345	0.125781
346	0.124281
347	0.122746
348	0.121038
349	0.118869
350	0.117153
351	0.11536
352	0.113718
353	0.112011
354	0.110578
355	0.109175
356	0.107804
357	0.106423
358	0.105156
359	0.103737
360	0.102081
361	0.10035
362	0.0984186
363	0.0968221
364	0.0955535
365	0.0939283
366	0.0924348
367	0.0909819
368	0.0897325
369	0.0883227
370	0.0871187
371	0.0857999
372	0.0845098
373	0.0830449
374	0.0815825
375	0.0805078
376	0.0796772
377	0.0789879
378	0.0787366
379	0.0791865
380	0.0797299
381	0.0806586
382	0.0817644
383	0.082358
384	0.0827816
385	0.0829085
386	0.0825949
387	0.0821019
388	0.0818529
389	0.0820037
390	0.0822814
391	0.0824274
392	0.0821904
393	0.0817883
394	0.0807136
395	0.0790908
396	0.0772813
397	0.075917
398	0.075017
399	0.0741362
400	0.0736599
401	0.0734253
402	0.0734373
403	0.0732458
404	0.0725373
405	0.0715847
406	0.0707206
407	0.0695454
408	0.0685664
409	0.0682577
410	0.0684396
411	0.0685425
412	0.0683031
413	0.0677598
414	0.0670489
415	0.0657564
416	0.0639373
417	0.0622738
418	0.0612781
419	0.0608281
420	0.0605146
421	0.0603255
422	0.0604092
423	0.0603805
424	0.0597678
425	0.0582383
426	0.0567926
427	0.0557299
428	0.0549281
429	0.0540305
430	0.0535207
431	0.0537385
432	0.0538917
433	0.0534297
434	0.0522952
435	0.0509476
436	0.0496479
437	0.0480251
438	0.0467469
439	0.0463568
440	0.0467469
441	0.0471586
442	0.0477714
443	0.0479988
444	0.0476709
445	0.0466225
446	0.0453084
447	0.0439417
448	0.0433026
449	0.0428024
450	0.0421298
451	0.0418641
452	0.0417301
453	0.0413974
454	0.0406291
455	0.0399685
456	0.0392719
457	0.0385228
458	0.0376587
459	0.0368114
460	0.0366773
461	0.037113
462	0.0375606
463	0.0380081
464	0.0382403
465	0.0382619
466	0.0376467
467	0.0368904
468	0.0363111
469	0.0359928
470	0.0358899
471	0.036067
472	0.0361771
473	0.0364141
474	0.0362776
475	0.0360143
476	0.0351862
477	0.0344992
478	0.0336208
479	0.0328429
480	0.0323139
481	0.0317347
482	0.0314523
483	0.0310765
484	0.0303752
485	0.0291688
486	0.0283478
487	0.0274168
488	0.0265096
489	0.0260357
490	0.0260883
491	0.0264187
492	0.0266963
493	0.0267202
494	0.0263109
495	0.0255019
496	0.0241424
497	0.0230653
498	0.0224885
499	0.0221582
500	0.022151
501	0.0220217
502	0.0219715
503	0.0214521
504	0.0207699
505	0.0198556
506	0.018891
507	0.0181921
508	0.0177493
509	0.0178043
510	0.0180532
511	0.0180413
512	0.0178378
513	0.0171341
514	0.016294
515	0.0150709
516	0.0140058
517	0.0131417
518	0.0125792
519	0.012426
520	0.0124572
521	0.0123686
522	0.0119402
523	0.0114351
524	0.0104609
525	0.00942694
526	0.00869213
527	0.00829719
528	0.00821103
529	0.00849586
530	0.00853655
531	0.00850304
532	0.00812965
533	0.00755759
534	0.00642066
535	0.00542256
536	0.0045537
537	0.00406063
538	0.00431914
539	0.00462551
540	0.00508507
541	0.00550872
542	0.00560686
543	0.00480024
544	0.00399601
545	0.00327316
546	0.00278488
547	0.00253356
548	0.0024091
549	0.00242346
550	0.00200459
551	0.00154503
552	0.00080782
553	-0.000156775
554	-0.00127456
555	-0.00225112
556	-0.00278009
557	-0.0027753
558	-0.00243542
559	-0.00214102
560	-0.00249287
561	-0.00266759
562	-0.0035532
563	-0.00437658
564	-0.00504198
565	-0.00558292
566	-0.00566909
567	-0.00542016
568	-0.00534596
569	-0.00508506
570	-0.00493667
571	-0.00516405
572	-0.0059252
573	-0.00689697
574	-0.0075145
575	-0.0079238
576	-0.00823256
577	-0.00842405
578	-0.00822778
579	-0.00841208
580	-0.00872324
581	-0.00928333
582	-0.00963278
583	-0.0102144
584	-0.0109037
585	-0.011617
586	-0.0120167
587	-0.0121604
588	-0.0120718
589	-0.0117535
590	-0.0119066
591	-0.0118037
592	-0.0118803
593	-0.0125002
594	-0.0122729
595	-0.011258
596	-0.00979794
597	-0.00842405
598	-0.00675097
599	-0.00501086
600	-0.0032947
601	-0.00182986
602	-0.000690533
603	6.82175e-05
604	0.00092989
605	0.00134876
606	0.00157136
607	0.00156418
608	0.00160247
609	0.001557
610	0.00141099
611	0.00118839
612	0.00112616
613	0.00116685
614	0.000989729
615	0.000606763
616	0.000558892
617	0.00061155
618	0.000532563
619	0.000745588
620	0.00121233
621	0.00220564
622	0.00286626
623	0.00316545
624	0.0032229
625	0.00345746
626	0.00327077
627	0.00279206
628	0.00227266
629	0.00201177
630	0.0019615
631	0.00207879
632	0.0021841
633	0.0022583
634	0.00209315
635	0.00140381
636	0.000618731
637	0.000147204
638	0.000365016
639	0.000896381
640	0.00145886
641	0.00248329
642	0.00373033
643	0.00514012
644	0.00588212
645	0.00660257
646	0.00700468
647	0.00709803
648	0.00747621
649	0.00827804
650	0.00935274
651	0.0101019
652	0.0110354
653	0.0116027
654	0.0119545
655	0.0118851
656	0.0117271
657	0.0112604
658	0.0110976
659	0.0111886
660	0.0112101
661	0.0111455
662	0.0107577
663	0.0104562
664	0.00998224
665	0.00932881
666	0.00889797
667	0.00862032
668	0.00837379
669	0.00823496
670	0.00808177
671	0.00786157
672	0.00758631
673	0.00742834
674	0.00726797
675	0.006739
676	0.00648529
677	0.00665044
678	0.00708606
679	0.00753605
680	0.00796449
681	0.00812246
682	0.00794295
683	0.00754802
684	0.00709085
685	0.00636322
686	0.00587254
687	0.00552787
688	0.00532682
689	0.00475955
690	0.00417792
691	0.00361783
692	0.0029644
693	0.00233729
694	0.00212187
695	0.00191603
696	0.00195911
697	0.00187534
698	0.00227984
699	0.00271547
700	0.00275855
701	0.00226548
702	0.00144929
703	0.000403312
704	-0.000475115
705	-0.00105196
706	-0.00142774
707	-0.00172454
708	-0.0019256
709	-0.00205006
710	-0.00243063
711	-0.00303859
712	-0.00354363
713	-0.00382846
714	-0.00418988
715	-0.00435982
716	-0.00455609
717	-0.0049965
718	-0.00557574
719	-0.0059228
720	-0.0062579
721	-0.00680123
722	-0.00702143
723	-0.00745706
724	-0.00783284
725	-0.00800518
726	-0.00821342
727	-0.00840729
728	-0.00869691
729	-0.0090703
730	-0.0096615
731	-0.0103628
732	-0.0107051
733	-0.0109923
734	-0.0108559
735	-0.0109708
736	-0.0112365
737	-0.0114878
738	-0.0118348
739	-0.0121939
740	-0.0126774
741	-0.0129622
742	-0.0131609
743	-0.0133116
744	-0.0135749
745	-0.0138837
746	-0.0142643
747	-0.0147286
748	-0.0150805
749	-0.0152145
750	-0.0145323
751	-0.0128784
752	-0.0105208
753	-0.00815597
754	-0.00569063
755	-0.00350054
756	-0.00157135
757	0.000238159
758	0.00152109
759	0.00271068
760	0.00391463
761	0.00495342
762	0.00604727
763	0.00728951
764	0.00882138
765	0.0103724
766	0.0122106
767	0.0145587
768	0.0168206
769	0.0189771
770	0.0210117
771	0.0226943
772	0.024231
773	0.0250998
774	0.0256503
775	0.0258131
776	0.0261434
777	0.0263277
778	0.0263157
779	0.0266173
780	0.0274431
781	0.0282784
782	0.0286063
783	0.0287164
784	0.0283598
785	0.0276896
786	0.0272779
787	0.0267131
788	0.026208
789	0.0260165
790	0.0260094
791	0.0260333
792	0.0257892
793	0.0257461
794	0.025466
795	0.0247647
796	0.0241615
797	0.0235751
798	0.0232855
799	0.0232257
800	0.0231395
801	0.0231251
802	0.0231993
803	0.0228619
804	0.0227422
805	0.0221965
806	0.0219715
807	0.0214521
808	0.0212917
809	0.0212989
810	0.0215454
811	0.0217201
812	0.0217776
813	0.0215406
814	0.0212151
815	0.0210404
816	0.0206837
817	0.0203893
818	0.020083
819	0.0200399
820	0.0197479
821	0.0192668
822	0.0185942
823	0.0180269
824	0.0170767
825	0.0160499
826	0.0150829
827	0.0146448
828	0.0145347
829	0.0154539
830	0.0192787
831	0.0263971
832	0.0354064
833	0.0434271
834	0.00849825
835	0.00768445
836	0.00741637
837	0.00737568
838	0.00744509
839	0.00734696
840	0.00738286
841	0.00709564
842	0.00626747
843	0.00557096
844	0.00514491
845	0.00463987
846	0.00421861
847	0.00379256
848	0.00387873
849	0.0035915
850	0.00297397
851	0.0022607
852	0.00145647
853	0.000671388
854	-9.21494e-05
855	-0.000697714
856	-0.000975364
857	-0.00126498
858	-0.00172933
859	-0.00224154
860	-0.00256228
861	-0.00297397
862	-0.00345985
863	-0.00375665
864	-0.00409653
865	-0.00419946
866	-0.00402233
867	-0.00412047
868	-0.00433828
869	-0.00475715
870	-0.00490555
871	-0.00557813
872	-0.00602094
873	-0.00630577
874	-0.00608796
875	-0.00580313
876	-0.0058486
877	-0.00599461
878	-0.00656906
879	-0.00708127
880	-0.00756477
881	-0.00783284
882	-0.00793337
883	-0.00825889
884	-0.00823017
885	-0.00764854
886	-0.0071076
887	-0.00662889
888	-0.00656666
889	-0.00662171
890	-0.00671028
891	-0.0065906
892	-0.00668634
893	-0.00700947
894	-0.0072177
895	-0.00734217
896	-0.0074427
897	-0.0074786
898	-0.00769881
899	-0.00808416
900	-0.00859638
901	-0.00905115
902	-0.00965911
903	-0.0103078
904	-0.0104657
905	-0.010808
906	-0.0110641
907	-0.0112293
908	-0.0112173
909	-0.0110737
910	-0.0109133
911	-0.0104514
912	-0.0100756
913	-0.00987692
914	-0.0095873
915	-0.00909663
916	-0.00881659
917	-0.00877829
918	-0.00924742
919	-0.00986974
920	-0.0103173
921	-0.0109684
922	-0.0114016
923	-0.0116721
924	-0.0119138
925	-0.0121675
926	-0.012371
927	-0.0123423
928	-0.0123782
929	-0.0124045
930	-0.0124356
931	-0.0125242
932	-0.0124883
933	-0.0122106
934	-0.0121556
935	-0.0121747
936	-0.012371
937	-0.0126008
938	-0.0130101
939	-0.013551
940	-0.0139962
941	-0.0145347
942	-0.0147717
943	-0.0153055
944	-0.0157076
945	-0.0159038
946	-0.0160738
947	-0.0162437
948	-0.01672
949	-0.0168948
950	-0.0171916
951	-0.0174237
952	-0.0173998
953	-0.0171987
954	-0.0167799
955	-0.016574
956	-0.0165405
957	-0.0164424
958	-0.0167344
959	-0.017194
960	-0.0175554
961	-0.0176942
962	-0.0178713
963	-0.0180867
964	-0.0180604
965	-0.0180796
966	0.0142954
967	0.00543452
968	-0.00451062
969	-0.0145132
970	-0.0199393
971	-0.0204946
972	-0.0209303
973	-0.0210858
974	-0.0206789
975	-0.0202625
976	-0.0198388
977	-0.0190872
978	-0.0179001
979	-0.016081
980	-0.0142475
981	-0.0121316
982	-0.00999899
983	-0.007773
984	-0.00580313
985	-0.00242345
986	0.0037399
987	0.00907988
988	0.0136539
989	0.0173735
990	0.0202792
991	0.0223377
992	0.0239892
993	0.0253918
994	0.0265
995	0.027546
996	0.0283119
997	0.029626
998	0.0309113
999	0.0316844
1000	0.0318233
1001	0.0312009
1002	0.0302172
1003	0.029413
1004	0.0284675
1005	0.0275197
1006	0.026871
1007	0.0264234
1008	0.0262344
1009	0.0259639
1010	0.0259399
1011	0.0258394
1012	0.0253368
1013	0.0248652
1014	0.0244057
1015	0.0241903
1016	0.0240562
1017	0.024456
1018	0.0254038
1019	0.0264569
1020	0.0268854
1021	0.0269979
1022	0.0268806
1023	0.0263636
