0	7.95108e-05
1	0.000127382
2	8.19044e-05
3	4.60013e-05
4	4.60013e-05
5	-1.86241e-05
6	-8.32496e-05
7	-0.00020532
8	-0.000269945
9	-0.000339358
10	-0.000190959
11	-0.000145481
12	-0.000107185
13	-8.32496e-05
14	-9.04302e-05
15	-5.21336e-05
16	-4.97401e-05
17	0.000136956
18	0.000287748
19	0.000117807
20	0.000189613
21	1.48854e-05
22	9.38721e-05
23	-8.56431e-05
24	2.68531e-05
25	-0.000133514
26	-0.00012394
27	-2.58047e-05
28	-6.17078e-05
29	-0.000100004
30	-6.17078e-05
31	9.38721e-05
32	0.000103446
33	-1.86937e-06
34	1.00983e-05
35	1.72789e-05
36	-0.000102398
37	4.36078e-05
38	-7.36754e-05
39	6.99367e-05
40	0.000124988
41	0.00010584
42	7.70478e-06
43	-9.04997e-06
44	0.000110627
45	0.00010584
46	0.000192007
47	1.96725e-05
48	1.24918e-05
49	0.000148923
50	0.000101053
51	0.000275781
52	0.000431361
53	0.000773636
54	0.00129064
55	0.00272676
56	0.00620457
57	0.0151396
58	0.0365809
59	0.0804712
60	0.152241
61	0.247442
62	0.354584
63	0.463001
64	0.565825
65	0.659977
66	0.74412
67	0.817783
68	0.881298
69	0.934837
70	0.979306
71	1.01564
72	1.0451
73	1.06863
74	1.08753
75	1.10255
76	1.11461
77	1.12436
78	1.13288
79	1.1421
80	1.15265
81	1.16483
82	1.17798
83	1.19103
84	1.2031
85	1.2134
86	1.22225
87	1.22936
88	1.23494
89	1.23879
90	1.24131
91	1.24252
92	1.24252
93	1.24183
94	1.24048
95	1.23836
96	1.23551
97	1.23193
98	1.22828
99	1.22433
100	1.22036
101	1.21631
102	1.21224
103	1.20823
104	1.204
105	1.19943
106	1.19468
107	1.18964
108	1.18444
109	1.17902
110	1.17334
111	1.16747
112	1.16149
113	1.15531
114	1.14903
115	1.14232
116	1.13572
117	1.12878
118	1.12168
119	1.11472
120	1.10768
121	1.10071
122	1.09331
123	1.08592
124	1.07835
125	1.07065
126	1.06283
127	1.05526
128	1.04761
129	1.03961
130	1.03161
131	1.02374
132	1.01584
133	1.00781
134	0.999869
135	0.991748
136	0.983677
137	0.975452
138	0.967343
139	0.95937
140	0.951323
141	0.943525
142	0.93565
143	0.927735
144	0.920009
145	0.912227
146	0.904501
147	0.896731
148	0.888921
149	0.88119
150	0.873227
151	0.865252
152	0.857181
153	0.84943
154	0.841625
155	0.834045
156	0.826543
157	0.819035
158	0.8119
159	0.804468
160	0.797287
161	0.789927
162	0.782818
163	0.775255
164	0.76784
165	0.760479
166	0.753452
167	0.746202
168	0.738842
169	0.731451
170	0.724258
171	0.717101
172	0.709964
173	0.702831
174	0.695816
175	0.68904
176	0.682285
177	0.675566
178	0.668972
179	0.662423
180	0.655884
181	0.649376
182	0.643249
183	0.636963
184	0.630676
185	0.624555
186	0.618337
187	0.612214
188	0.606195
189	0.599955
190	0.5936
191	0.587348
192	0.581208
193	0.575263
194	0.569648
195	0.563733
196	0.557989
197	0.552223
198	0.546761
199	0.541054
200	0.535312
201	0.529771
202	0.524403
203	0.518869
204	0.513627
205	0.508213
206	0.503095
207	0.49804
208	0.493093
209	0.487951
210	0.48287
211	0.477733
212	0.472547
213	0.467685
214	0.462709
215	0.457781
216	0.453305
217	0.44897
218	0.444231
219	0.439657
220	0.435339
221	0.430772
222	0.42628
223	0.421986
224	0.417792
225	0.413534
226	0.409324
227	0.404987
228	0.40064
229	0.396224
230	0.392007
231	0.38761
232	0.383103
233	0.378998
234	0.374718
235	0.370146
236	0.366008
237	0.362186
238	0.358823
239	0.356001
240	0.353442
241	0.351094
242	0.348435
243	0.345768
244	0.343111
245	0.340424
246	0.337568
247	0.334521
248	0.331599
249	0.328635
250	0.325804
251	0.322821
252	0.319894
253	0.316637
254	0.313393
255	0.310035
256	0.306699
257	0.303369
258	0.299994
259	0.296887
260	0.293953
261	0.290942
262	0.287993
263	0.28508
264	0.282143
265	0.279123
266	0.276289
267	0.273117
268	0.269982
269	0.266954
270	0.263873
271	0.260743
272	0.257653
273	0.254766
274	0.251872
275	0.248909
276	0.246082
277	0.243107
278	0.240261
279	0.237738
280	0.235024
281	0.23253
282	0.230196
283	0.227769
284	0.22533
285	0.222827
286	0.220424
287	0.217896
288	0.215562
289	0.213198
290	0.210749
291	0.208432
292	0.206098
293	0.203808
294	0.201448
295	0.198992
296	0.196711
297	0.19426
298	0.19206
299	0.189791
300	0.187637
301	0.185806
302	0.184121
303	0.182651
304	0.18099
305	0.179386
306	0.177759
307	0.176004
308	0.174202
309	0.172639
310	0.170846
311	0.169027
312	0.167124
313	0.165171
314	0.163268
315	0.161571
316	0.159599
317	0.157715
318	0.15558
319	0.153902
320	0.152143
321	0.150396
322	0.148974
323	0.147469
324	0.146059
325	0.1449
326	0.143656
327	0.142423
328	0.14114
329	0.139651
330	0.138366
331	0.137021
332	0.135597
333	0.134156
334	0.132555
335	0.130819
336	0.1295
337	0.128308
338	0.126738
339	0.125305
340	0.123976
341	0.12277
342	0.121434
343	0.120113
344	0.118895
345	0.117758
346	0.116578
347	0.115177
348	0.114208
349	0.113136
350	0.111884
351	0.110424
352	0.109072
353	0.107561
354	0.106266
355	0.104988
356	0.103655
357	0.102463
358	0.101374
359	0.100359
360	0.0990594
361	0.0979799
362	0.0968358
363	0.0956869
364	0.0946074
365	0.0934298
366	0.0923072
367	0.0911081
368	0.0900788
369	0.0888605
370	0.0876039
371	0.0864096
372	0.0850883
373	0.0839873
374	0.0829102
375	0.0816823
376	0.0804377
377	0.0792768
378	0.0782093
379	0.0771729
380	0.0764907
381	0.0760025
382	0.0758253
383	0.0755501
384	0.0755214
385	0.0755501
386	0.0754519
387	0.0752293
388	0.0751384
389	0.074844
390	0.0748153
391	0.0743533
392	0.074035
393	0.0736353
394	0.0730273
395	0.0723284
396	0.0717898
397	0.0712034
398	0.070392
399	0.0693915
400	0.0685777
401	0.0676993
402	0.0667993
403	0.0661148
404	0.0653297
405	0.0644201
406	0.0635609
407	0.062771
408	0.0618567
409	0.0608274
410	0.0599586
411	0.0590945
412	0.0580892
413	0.0571749
414	0.0565526
415	0.0557172
416	0.0551236
417	0.054025
418	0.0531083
419	0.0523615
420	0.0514017
421	0.0505424
422	0.0498387
423	0.0498124
424	0.0504826
425	0.051349
426	0.052541
427	0.0537737
428	0.0548819
429	0.0556789
430	0.0563276
431	0.0568374
432	0.0572922
433	0.057498
434	0.0573712
435	0.0572324
436	0.0569667
437	0.0566268
438	0.0562582
439	0.0558848
440	0.05543
441	0.0550949
442	0.0547574
443	0.0541734
444	0.0537186
445	0.0531681
446	0.0530293
447	0.0525961
448	0.0520527
449	0.0516674
450	0.0511193
451	0.0507028
452	0.0502552
453	0.0498028
454	0.0494151
455	0.0492092
456	0.0490201
457	0.0484433
458	0.0482374
459	0.0478114
460	0.0473686
461	0.0466673
462	0.046167
463	0.0456548
464	0.0450349
465	0.0443767
466	0.0437113
467	0.0428927
468	0.0422536
469	0.0416026
470	0.0411454
471	0.0405015
472	0.0398457
473	0.039312
474	0.0384958
475	0.0378064
476	0.0371793
477	0.0365833
478	0.0359083
479	0.0352645
480	0.0346565
481	0.0341611
482	0.033577
483	0.0331654
484	0.0328231
485	0.0325454
486	0.0323324
487	0.0317795
488	0.0314923
489	0.0309824
490	0.0306569
491	0.0304367
492	0.0298934
493	0.0295583
494	0.0289958
495	0.0285482
496	0.0283759
497	0.0286823
498	0.0293142
499	0.0305492
500	0.0317723
501	0.0329906
502	0.0344914
503	0.0355589
504	0.0364708
505	0.0370453
506	0.0375551
507	0.0379357
508	0.0381822
509	0.0382756
510	0.0383043
511	0.0382014
512	0.0382014
513	0.037871
514	0.0375072
515	0.0372487
516	0.0366958
517	0.0362865
518	0.0358748
519	0.0356451
520	0.0352812
521	0.0347403
522	0.0343717
523	0.0340007
524	0.0335914
525	0.0331294
526	0.0327034
527	0.032172
528	0.0316957
529	0.0311213
530	0.0306785
531	0.0301303
532	0.0295822
533	0.0291251
534	0.0287756
535	0.0280336
536	0.027507
537	0.0269254
538	0.0264682
539	0.0257286
540	0.0253337
541	0.0247018
542	0.0239694
543	0.0232513
544	0.0224782
545	0.0220689
546	0.0213796
547	0.0207118
548	0.0202355
549	0.0197735
550	0.0192158
551	0.0185768
552	0.0182393
553	0.0176672
554	0.0170473
555	0.0164944
556	0.0158936
557	0.0152617
558	0.0145819
559	0.0140984
560	0.0134091
561	0.0129017
562	0.0123344
563	0.0119802
564	0.0117839
565	0.0115541
566	0.0117097
567	0.0115613
568	0.011511
569	0.0114847
570	0.0114153
571	0.0111807
572	0.0108863
573	0.0105967
574	0.0102879
575	0.0100869
576	0.00981402
577	0.00951961
578	0.00925633
579	0.00894517
580	0.00851194
581	0.00824386
582	0.00777712
583	0.00740612
584	0.00695135
585	0.00658275
586	0.00625723
587	0.00587426
588	0.00549608
589	0.00514423
590	0.00491445
591	0.00460329
592	0.00428735
593	0.0039714
594	0.0037847
595	0.00350466
596	0.00327009
597	0.00312648
598	0.0026741
599	0.00270283
600	0.00243714
601	0.00211641
602	0.00172387
603	0.00143425
604	0.00107761
605	0.000601301
606	0.000249451
607	6.75426e-05
608	-0.000430313
609	-0.000727111
610	-0.00107896
611	-0.00147629
612	-0.00184968
613	-0.00202441
614	-0.00232839
615	-0.00279752
616	-0.00315894
617	-0.00356824
618	-0.00396317
619	-0.00424082
620	-0.00460943
621	-0.00494452
622	-0.00549743
623	-0.00602401
624	-0.00626097
625	-0.00660563
626	-0.00689765
627	-0.00728779
628	-0.00756784
629	-0.00789814
630	-0.00817579
631	-0.00855397
632	-0.00896566
633	-0.0091739
634	-0.00969808
635	-0.0100787
636	-0.0103731
637	-0.0106028
638	-0.0109858
639	-0.0113089
640	-0.0116105
641	-0.0118475
642	-0.01241
643	-0.0125871
644	-0.0130083
645	-0.0130107
646	-0.0132142
647	-0.0136642
648	-0.013937
649	-0.0141405
650	-0.0141931
651	-0.0143032
652	-0.0144732
653	-0.0146934
654	-0.014928
655	-0.0148777
656	-0.0149878
657	-0.0151362
658	-0.0153612
659	-0.0154043
660	-0.0154234
661	-0.0157394
662	-0.0159596
663	-0.0160242
664	-0.0161463
665	-0.0163042
666	-0.016613
667	-0.0168284
668	-0.0171037
669	-0.0175178
670	-0.0176614
671	-0.0179725
672	-0.018243
673	-0.0183723
674	-0.0187959
675	-0.0190688
676	-0.0194757
677	-0.0196313
678	-0.0196336
679	-0.0195714
680	-0.019514
681	-0.0193273
682	-0.0193345
683	-0.0192267
684	-0.0191262
685	-0.0189371
686	-0.0189922
687	-0.0188557
688	-0.0190831
689	-0.0192603
690	-0.0196193
691	-0.0196983
692	-0.0199879
693	-0.0201602
694	-0.0204259
695	-0.0205001
696	-0.0207682
697	-0.0209429
698	-0.0212469
699	-0.021424
700	-0.0216227
701	-0.0217256
702	-0.0218596
703	-0.0221014
704	-0.0223168
705	-0.0226016
706	-0.0226998
707	-0.0230492
708	-0.0231641
709	-0.023279
710	-0.0234298
711	-0.0236237
712	-0.0238247
713	-0.0240856
714	-0.0243202
715	-0.024526
716	-0.0246864
717	-0.0248707
718	-0.0251507
719	-0.0253733
720	-0.0255864
721	-0.0257659
722	-0.0259239
723	-0.0259885
724	-0.0261704
725	-0.0265318
726	-0.0268262
727	-0.0271015
728	-0.0271206
729	-0.0271278
730	-0.0271805
731	-0.0275682
732	-0.0279368
733	-0.0282767
734	-0.0281977
735	-0.028394
736	-0.0286716
737	-0.028698
738	-0.0290331
739	-0.0291695
740	-0.0295261
741	-0.0297033
742	-0.0299474
743	-0.0299689
744	-0.0300503
745	-0.0301604
746	-0.0301437
747	-0.0302298
748	-0.0300958
749	-0.0299235
750	-0.0299833
751	-0.0299354
752	-0.0296458
753	-0.0296985
754	-0.0297727
755	-0.0300168
756	-0.0300599
757	-0.0301963
758	-0.030529
759	-0.0305625
760	-0.0305386
761	-0.0299881
762	-0.0277238
763	-0.0237098
764	-0.019064
765	-0.0146718
766	-0.0108302
767	-0.00707716
768	-0.00377647
769	-0.000763014
770	0.00177174
771	0.00169036
772	0.00163052
773	0.00154435
774	0.00132894
775	0.00106325
776	0.000646779
777	-6.17078e-05
778	-0.000394409
779	-0.000940135
780	-0.00103348
781	-0.00141166
782	-0.00135422
783	-0.000588286
784	-0.000310635
785	-0.000461428
786	-0.000535628
787	-0.000614614
788	-0.000909019
789	-0.00129438
790	-0.00136379
791	-0.00153134
792	-0.00175394
793	-0.00177548
794	-0.0018784
795	-0.00224461
796	-0.00227094
797	-0.00229966
798	-0.00246003
799	-0.0026563
800	-0.00288129
801	-0.00297943
802	-0.00299858
803	-0.00311107
804	-0.00298182
805	-0.0030249
806	-0.00278555
807	-0.00281667
808	-0.00297464
809	-0.00296507
810	-0.00299618
811	-0.00315894
812	-0.00327623
813	-0.00320681
814	-0.00330734
815	-0.00354191
816	-0.00366637
817	-0.0039895
818	-0.00425039
819	-0.00447299
820	-0.00459746
821	-0.0045089
822	-0.00463097
823	-0.00472192
824	-0.00493255
825	-0.00509292
826	-0.00506659
827	-0.00508813
828	-0.00529398
829	-0.0054352
830	-0.00552854
831	-0.0056195
832	-0.00574157
833	-0.00587561
834	-0.0058397
835	-0.0058397
836	-0.00600486
837	-0.00613411
838	-0.00612453
839	-0.00615086
840	-0.00614847
841	-0.00628251
842	-0.00620591
843	-0.00639022
844	-0.00640936
845	-0.00660085
846	-0.00656494
847	-0.0067277
848	-0.00686174
849	-0.00703168
850	-0.00717051
851	-0.00727582
852	-0.00740029
853	-0.00759895
854	-0.00774735
855	-0.00770427
856	-0.00762767
857	-0.00762049
858	-0.00764443
859	-0.00764443
860	-0.00783591
861	-0.00803218
862	-0.00819494
863	-0.00822366
864	-0.00844148
865	-0.00847977
866	-0.00841036
867	-0.00860184
868	-0.00859466
869	-0.00867604
870	-0.00851568
871	-0.00861381
872	-0.0079867
873	-0.00566737
874	-0.00106699
875	0.00429931
876	0.0091917
877	0.0134618
878	0.0173201
879	0.0205921
880	0.0239742
881	0.0259105
882	0.0263773
883	0.0265975
884	0.0270307
885	0.0275405
886	0.027981
887	0.0276267
888	0.0273299
889	0.0273179
890	0.0272485
891	0.0272653
892	0.0271528
893	0.0274472
894	0.0285386
895	0.0293955
896	0.0293907
897	0.0292064
898	0.0291658
899	0.0291442
900	0.0290174
901	0.0288761
902	0.0290102
903	0.0290868
904	0.0289599
905	0.0289168
906	0.0288594
907	0.0289743
908	0.0291203
909	0.029082
910	0.0290796
911	0.0290126
912	0.0292663
913	0.0291466
914	0.0290963
915	0.0291658
916	0.0291322
917	0.0290509
918	0.0290963
919	0.0293094
920	0.0292495
921	0.0291825
922	0.0291729
923	0.0291993
924	0.0293022
925	0.0290317
926	0.0290102
927	0.0289503
928	0.0286918
929	0.0283831
930	0.0279738
931	0.0277368
932	0.0273108
933	0.0270403
934	0.0266908
935	0.0264132
936	0.0262097
937	0.0256736
938	0.0252882
939	0.0249747
940	0.0246755
941	0.0242303
942	0.0237899
943	0.0233925
944	0.0230407
945	0.0228755
946	0.0226888
947	0.0226721
948	0.0226984
949	0.0225237
950	0.0225979
951	0.0227152
952	0.0227702
953	0.0227774
954	0.0227247
955	0.0225859
956	0.0222149
957	0.0221096
958	0.0218559
959	0.0213892
960	0.0210588
961	0.0207812
962	0.0203719
963	0.0198453
964	0.0197807
965	0.0191608
966	0.0188472
967	0.0185313
968	0.0183326
969	0.0180645
970	0.0178874
971	0.0177223
972	0.0174949
973	0.0172124
974	0.0169803
975	0.0167888
976	0.0165997
977	0.0163125
978	0.0158122
979	0.0154915
980	0.0153335
981	0.0150559
982	0.0145245
983	0.0143091
984	0.0138806
985	0.0135336
986	0.0132631
987	0.0128682
988	0.0125091
989	0.0121932
990	0.0119826
991	0.0117528
992	0.0115278
993	0.0114153
994	0.0113315
995	0.0112717
996	0.0111329
997	0.0109079
998	0.0106924
999	0.0105512
1000	0.0106039
1001	0.0103717
1002	0.0102544
1003	0.0100989
1004	0.0100103
1005	0.00984992
1006	0.00962972
1007	0.00960818
1008	0.00941909
1009	0.00920367
1010	0.00900022
1011	0.00871539
1012	0.00875608
1013	0.0085622
1014	0.00855263
1015	0.00827498
1016	0.00801887
1017	0.00776037
1018	0.00768856
1019	0.00760239
1020	0.00736065
1021	0.00722182
1022	0.00702794
1023	0.00692981
