0	-0.00041236
1	-0.000467412
2	-0.000455444
3	-0.000457838
4	-0.000393212
5	-0.000488954
6	-0.000512889
7	-0.000369277
8	-0.00033098
9	-0.000426722
10	-0.000240026
11	-0.000335767
12	-0.000295077
13	-0.000295077
14	-0.000287897
15	-0.000352522
16	-0.000326193
17	-0.000350128
18	-0.000402786
19	-0.000465018
20	-0.000441083
21	-0.000376457
22	-0.000460231
23	-0.000510495
24	-0.000347735
25	-0.000251994
26	-0.000345341
27	-0.000156252
28	-0.000105988
29	-3.65753e-05
30	6.15596e-05
31	0.000217139
32	0.000408622
33	0.000444525
34	0.000595318
35	0.000822704
36	0.000963923
37	0.000877755
38	0.000944774
39	0.000944774
40	0.00101419
41	0.0009352
42	0.000604892
43	0.000458887
44	0.000466067
45	0.000492396
46	0.0003799
47	0.00022432
48	-8.68396e-05
49	-7.24784e-05
50	7.11338e-05
51	0.000255436
52	0.000119004
53	0.000174056
54	-3.17883e-05
55	2.80501e-05
56	4.24113e-05
57	0.000209959
58	0.00138758
59	0.00449917
60	0.0131303
61	0.0349832
62	0.0882777
63	0.206076
64	0.42631
65	0.769535
66	1.21604
67	1.70197
68	2.15576
69	2.5304
70	2.80828
71	2.99224
72	3.09565
73	3.13789
74	3.13694
75	3.10719
76	3.06073
77	3.00783
78	2.95567
79	2.90831
80	2.86719
81	2.83154
82	2.80071
83	2.77434
84	2.7527
85	2.73472
86	2.71823
87	2.70317
88	2.68849
89	2.67382
90	2.65893
91	2.6443
92	2.62932
93	2.61454
94	2.60205
95	2.59097
96	2.57902
97	2.56396
98	2.5476
99	2.53195
100	2.51724
101	2.5028
102	2.48802
103	2.47262
104	2.456
105	2.43835
106	2.42095
107	2.40428
108	2.38835
109	2.37149
110	2.35406
111	2.33664
112	2.31962
113	2.30279
114	2.28643
115	2.27091
116	2.2565
117	2.24386
118	2.23147
119	2.21674
120	2.19891
121	2.17983
122	2.16121
123	2.1434
124	2.12533
125	2.10745
126	2.08953
127	2.0718
128	2.0541
129	2.03621
130	2.01818
131	2.00039
132	1.98296
133	1.96614
134	1.94871
135	1.93121
136	1.91419
137	1.89736
138	1.88112
139	1.86555
140	1.85084
141	1.83701
142	1.82375
143	1.80974
144	1.7945
145	1.77903
146	1.76333
147	1.74812
148	1.73312
149	1.71801
150	1.70311
151	1.68786
152	1.67243
153	1.65659
154	1.64074
155	1.62517
156	1.61024
157	1.59564
158	1.58201
159	1.569
160	1.55652
161	1.54372
162	1.5302
163	1.51571
164	1.5015
165	1.48774
166	1.47423
167	1.46092
168	1.44779
169	1.43542
170	1.42386
171	1.41264
172	1.40097
173	1.38884
174	1.37588
175	1.36316
176	1.35053
177	1.33745
178	1.32432
179	1.31103
180	1.29789
181	1.28573
182	1.27436
183	1.26385
184	1.25339
185	1.24286
186	1.23255
187	1.22218
188	1.21125
189	1.19994
190	1.18848
191	1.17755
192	1.16801
193	1.1601
194	1.15314
195	1.14641
196	1.13965
197	1.13347
198	1.12736
199	1.12019
200	1.11192
201	1.10318
202	1.09422
203	1.08509
204	1.07535
205	1.06569
206	1.05602
207	1.04568
208	1.03501
209	1.02441
210	1.01403
211	1.00328
212	0.992208
213	0.981629
214	0.972098
215	0.963177
216	0.954072
217	0.94467
218	0.935333
219	0.925816
220	0.916853
221	0.908492
222	0.900835
223	0.893966
224	0.887608
225	0.881921
226	0.877137
227	0.872807
228	0.867565
229	0.861526
230	0.855403
231	0.849085
232	0.842079
233	0.835439
234	0.829132
235	0.822696
236	0.815403
237	0.807669
238	0.800108
239	0.792798
240	0.785816
241	0.778705
242	0.771285
243	0.763978
244	0.756555
245	0.749279
246	0.742565
247	0.735791
248	0.729305
249	0.722471
250	0.715477
251	0.708965
252	0.702686
253	0.69564
254	0.68838
255	0.681712
256	0.675175
257	0.668337
258	0.66168
259	0.655627
260	0.649751
261	0.643963
262	0.637903
263	0.631677
264	0.626009
265	0.620717
266	0.615191
267	0.609432
268	0.6039
269	0.598565
270	0.593204
271	0.587576
272	0.582497
273	0.577674
274	0.572265
275	0.56703
276	0.562298
277	0.557133
278	0.551362
279	0.545524
280	0.539928
281	0.535227
282	0.530704
283	0.525873
284	0.52112
285	0.516644
286	0.51264
287	0.508475
288	0.504236
289	0.500071
290	0.495947
291	0.491919
292	0.487723
293	0.48345
294	0.47919
295	0.474815
296	0.470772
297	0.466846
298	0.463113
299	0.459587
300	0.4562
301	0.453187
302	0.449919
303	0.44665
304	0.444326
305	0.443816
306	0.445276
307	0.447301
308	0.448646
309	0.448543
310	0.447253
311	0.444962
312	0.44137
313	0.437186
314	0.432549
315	0.427748
316	0.422798
317	0.417939
318	0.412932
319	0.408475
320	0.405084
321	0.40371
322	0.405
323	0.408179
324	0.411845
325	0.414931
326	0.417441
327	0.418265
328	0.417657
329	0.415926
330	0.41354
331	0.410735
332	0.407563
333	0.40405
334	0.400294
335	0.39662
336	0.392853
337	0.389394
338	0.386345
339	0.384155
340	0.382364
341	0.380528
342	0.378673
343	0.376581
344	0.37447
345	0.371945
346	0.36969
347	0.367441
348	0.365203
349	0.362551
350	0.360346
351	0.358003
352	0.355813
353	0.353443
354	0.350884
355	0.348
356	0.345415
357	0.343199
358	0.341033
359	0.338881
360	0.336241
361	0.33351
362	0.330709
363	0.328117
364	0.325649
365	0.323411
366	0.321104
367	0.318648
368	0.316059
369	0.313502
370	0.310845
371	0.308411
372	0.30614
373	0.303758
374	0.301226
375	0.299033
376	0.297446
377	0.296278
378	0.295094
379	0.293744
380	0.292614
381	0.29231
382	0.295699
383	0.303672
384	0.314766
385	0.317882
386	0.315798
387	0.313876
388	0.311571
389	0.309261
390	0.307116
391	0.305158
392	0.303323
393	0.30124
394	0.298911
395	0.296812
396	0.294904
397	0.292798
398	0.290481
399	0.288408
400	0.286405
401	0.284615
402	0.282889
403	0.281213
404	0.27937
405	0.277831
406	0.276256
407	0.274483
408	0.272846
409	0.27095
410	0.269308
411	0.267491
412	0.265497
413	0.263439
414	0.261424
415	0.25953
416	0.257642
417	0.255859
418	0.253985
419	0.251988
420	0.25003
421	0.248252
422	0.24679
423	0.245291
424	0.243599
425	0.241974
426	0.240933
427	0.240729
428	0.242134
429	0.245193
430	0.248776
431	0.252443
432	0.255105
433	0.256445
434	0.256907
435	0.256234
436	0.254616
437	0.252651
438	0.250243
439	0.247912
440	0.245983
441	0.244915
442	0.245196
443	0.246584
444	0.248245
445	0.249784
446	0.250686
447	0.251203
448	0.25082
449	0.249861
450	0.248527
451	0.247627
452	0.247005
453	0.246912
454	0.247493
455	0.248099
456	0.248439
457	0.248355
458	0.248008
459	0.24763
460	0.246914
461	0.24638
462	0.24578
463	0.245334
464	0.24488
465	0.244269
466	0.243163
467	0.2419
468	0.240961
469	0.240569
470	0.240858
471	0.24166
472	0.242307
473	0.242613
474	0.242235
475	0.241959
476	0.24143
477	0.240495
478	0.23924
479	0.237898
480	0.236634
481	0.235504
482	0.233934
483	0.232156
484	0.230415
485	0.228788
486	0.227163
487	0.225813
488	0.224465
489	0.223129
490	0.222112
491	0.220927
492	0.219666
493	0.218536
494	0.21756
495	0.216401
496	0.215341
497	0.214343
498	0.213443
499	0.213859
500	0.216988
501	0.223706
502	0.232512
503	0.242026
504	0.241629
505	0.240748
506	0.2397
507	0.238479
508	0.237268
509	0.236313
510	0.235559
511	0.235028
512	0.234539
513	0.23403
514	0.233752
515	0.233539
516	0.233123
517	0.23245
518	0.231531
519	0.2306
520	0.229389
521	0.228288
522	0.227045
523	0.226038
524	0.225138
525	0.223991
526	0.223113
527	0.221964
528	0.220939
529	0.219968
530	0.218864
531	0.217483
532	0.216002
533	0.214202
534	0.21267
535	0.211286
536	0.209905
537	0.208347
538	0.206916
539	0.205372
540	0.204247
541	0.20311
542	0.201695
543	0.200159
544	0.198943
545	0.197906
546	0.196767
547	0.195972
548	0.195027
549	0.194058
550	0.193107
551	0.192265
552	0.19154
553	0.190757
554	0.189993
555	0.189093
556	0.188347
557	0.187511
558	0.186353
559	0.185139
560	0.183983
561	0.182861
562	0.181884
563	0.1812
564	0.181161
565	0.181212
566	0.181504
567	0.181764
568	0.182243
569	0.182626
570	0.182734
571	0.1826
572	0.182248
573	0.181578
574	0.180601
575	0.179656
576	0.178588
577	0.177502
578	0.176125
579	0.174972
580	0.173792
581	0.172734
582	0.171757
583	0.17097
584	0.170228
585	0.169825
586	0.169404
587	0.168803
588	0.168198
589	0.167671
590	0.166915
591	0.166082
592	0.165137
593	0.164088
594	0.163083
595	0.161977
596	0.161465
597	0.161922
598	0.16439
599	0.169383
600	0.176415
601	0.184543
602	0.192155
603	0.198222
604	0.202363
605	0.202533
606	0.20153
607	0.200183
608	0.198775
609	0.197667
610	0.196329
611	0.195061
612	0.193656
613	0.192207
614	0.191054
615	0.190056
616	0.189103
617	0.187916
618	0.18663
619	0.185678
620	0.184869
621	0.184577
622	0.18444
623	0.184378
624	0.184012
625	0.183162
626	0.18215
627	0.18085
628	0.179543
629	0.178057
630	0.176614
631	0.175108
632	0.173602
633	0.172236
634	0.170855
635	0.169589
636	0.168638
637	0.168164
638	0.168054
639	0.16803
640	0.16831
641	0.168588
642	0.168727
643	0.168578
644	0.168404
645	0.168389
646	0.168014
647	0.167875
648	0.167453
649	0.167224
650	0.167149
651	0.16685
652	0.166321
653	0.16573
654	0.165414
655	0.165436
656	0.165788
657	0.166369
658	0.166831
659	0.166635
660	0.166221
661	0.165512
662	0.164643
663	0.163684
664	0.162499
665	0.161685
666	0.160785
667	0.159392
668	0.157977
669	0.156738
670	0.155613
671	0.154375
672	0.152985
673	0.15167
674	0.150342
675	0.14927
676	0.148367
677	0.147207
678	0.146072
679	0.144878
680	0.144009
681	0.143257
682	0.142235
683	0.14152
684	0.141046
685	0.140548
686	0.139928
687	0.139217
688	0.138429
689	0.137515
690	0.136515
691	0.135387
692	0.13415
693	0.133099
694	0.132498
695	0.131773
696	0.131187
697	0.130234
698	0.129178
699	0.12801
700	0.126924
701	0.125914
702	0.124523
703	0.123166
704	0.121811
705	0.120698
706	0.119781
707	0.11892
708	0.118032
709	0.117189
710	0.116249
711	0.115329
712	0.114382
713	0.113407
714	0.112797
715	0.112383
716	0.111758
717	0.11099
718	0.110119
719	0.109243
720	0.108465
721	0.107481
722	0.106512
723	0.105339
724	0.104302
725	0.103242
726	0.102419
727	0.101492
728	0.100882
729	0.100181
730	0.0989672
731	0.0982372
732	0.0974808
733	0.0966431
734	0.095858
735	0.0950682
736	0.0943022
737	0.0935387
738	0.0928972
739	0.0919614
740	0.091442
741	0.0905851
742	0.0898718
743	0.0890532
744	0.0883998
745	0.0877344
746	0.0869493
747	0.0862169
748	0.0854749
749	0.0849268
750	0.0846898
751	0.0848382
752	0.085731
753	0.0882801
754	0.093881
755	0.10206
756	0.111457
757	0.120272
758	0.126131
759	0.126122
760	0.125916
761	0.125243
762	0.1243
763	0.123467
764	0.122694
765	0.121852
766	0.121103
767	0.120198
768	0.119444
769	0.118726
770	0.118417
771	0.118405
772	0.119011
773	0.120679
774	0.122697
775	0.12453
776	0.125528
777	0.126108
778	0.126378
779	0.126502
780	0.126244
781	0.125725
782	0.124767
783	0.123479
784	0.122024
785	0.120499
786	0.119454
787	0.118702
788	0.117778
789	0.116998
790	0.116272
791	0.115641
792	0.11471
793	0.113606
794	0.11295
795	0.112256
796	0.111402
797	0.110399
798	0.109303
799	0.108273
800	0.107416
801	0.106684
802	0.105822
803	0.104748
804	0.103855
805	0.102689
806	0.101832
807	0.10092
808	0.100248
809	0.0999199
810	0.0998744
811	0.0998289
812	0.0994914
813	0.0993646
814	0.0990893
815	0.0989481
816	0.0986465
817	0.0982683
818	0.0977346
819	0.0971218
820	0.0963439
821	0.0954679
822	0.0946086
823	0.093723
824	0.0929954
825	0.0924449
826	0.0920691
827	0.0916334
828	0.0910063
829	0.0904056
830	0.0895463
831	0.0887205
832	0.0879522
833	0.0872916
834	0.0867841
835	0.0864969
836	0.0862312
837	0.0861594
838	0.0860972
839	0.0862073
840	0.0862073
841	0.0866142
842	0.0871982
843	0.0873323
844	0.0873538
845	0.0876338
846	0.0875261
847	0.0873873
848	0.086686
849	0.0857717
850	0.0848382
851	0.0837348
852	0.0828563
853	0.0818271
854	0.0812551
855	0.0802737
856	0.0793953
857	0.078749
858	0.0782799
859	0.0778754
860	0.07749
861	0.0769706
862	0.0764297
863	0.0759749
864	0.0756015
865	0.0753574
866	0.0750367
867	0.0750702
868	0.0750606
869	0.075051
870	0.0747997
871	0.0747207
872	0.0744383
873	0.0737657
874	0.0730668
875	0.0724684
876	0.0720136
877	0.071286
878	0.070678
879	0.0701443
880	0.0699696
881	0.0702161
882	0.0705847
883	0.0716761
884	0.0745556
885	0.0795413
886	0.0859967
887	0.0926914
888	0.0986609
889	0.103307
890	0.106129
891	0.105818
892	0.105303
893	0.104743
894	0.104207
895	0.103939
896	0.102117
897	0.100205
898	0.0985819
899	0.0969615
900	0.0959657
901	0.0949222
902	0.0939983
903	0.0931892
904	0.092531
905	0.0920595
906	0.0915616
907	0.0910901
908	0.0906066
909	0.0899388
910	0.0891226
911	0.0885266
912	0.0878421
913	0.087203
914	0.0868847
915	0.0866597
916	0.086382
917	0.085877
918	0.0855946
919	0.0855012
920	0.0855754
921	0.0857262
922	0.0856041
923	0.0854174
924	0.0854342
925	0.0852858
926	0.085001
927	0.0844744
928	0.0837037
929	0.0827726
930	0.0820808
931	0.0814681
932	0.0808003
933	0.0801852
934	0.0795102
935	0.0789262
936	0.0784163
937	0.0776983
938	0.0770113
939	0.076389
940	0.0760084
941	0.0756997
942	0.0754986
943	0.0754867
944	0.0756925
945	0.0758457
946	0.0759845
947	0.0758002
948	0.0757475
949	0.0759342
950	0.076535
951	0.0783733
952	0.0808625
953	0.0837276
954	0.0864945
955	0.0889
956	0.0905923
957	0.0913797
958	0.0914228
959	0.0910279
960	0.0902596
961	0.0893141
962	0.0882514
963	0.0873155
964	0.0864036
965	0.085585
966	0.0846515
967	0.0841776
968	0.083572
969	0.0832848
970	0.0829353
971	0.0824973
972	0.0823968
973	0.0821383
974	0.0817649
975	0.0815279
976	0.081595
977	0.0819612
978	0.08356
979	0.0868895
980	0.0921145
981	0.0988117
982	0.105533
983	0.111114
984	0.114999
985	0.115083
986	0.114975
987	0.11475
988	0.114523
989	0.114281
990	0.113879
991	0.113168
992	0.111368
993	0.109616
994	0.108091
995	0.106744
996	0.105621
997	0.104635
998	0.103766
999	0.103087
1000	0.102519
1001	0.102017
1002	0.101495
1003	0.100887
1004	0.10026
1005	0.0996255
1006	0.0990366
1007	0.0985579
1008	0.0982659
1009	0.0991755
1010	0.101356
1011	0.104879
1012	0.108654
1013	0.11216
1014	0.114884
1015	0.116904
1016	0.117972
1017	0.118139
1018	0.117603
1019	0.116897
1020	0.115732
1021	0.114367
1022	0.112993
1023	0.111663
