0	0.000184925
1	0.000101152
2	0.000170564
3	0.000146629
4	0.000273486
5	0.000165777
6	0.000101152
7	9.39711e-05
8	0.000177745
9	0.000218435
10	2.2165e-05
11	-4.00669e-05
12	-8.0757e-05
13	1.97715e-05
14	-2.57057e-05
15	-7.59699e-05
16	-9.99053e-05
17	-2.09186e-05
18	-0.000128628
19	-0.000152563
20	-1.13445e-05
21	1.49844e-05
22	-8.0757e-05
23	-7.83635e-05
24	-7.35764e-05
25	1.01974e-05
26	-0.000176498
27	-0.000162137
28	-2.57057e-05
29	4.84939e-05
30	-6.40022e-05
31	-9.03311e-05
32	0.000122694
33	0.000125087
34	-0.000133415
35	-0.000183679
36	-6.63958e-05
37	7.96099e-05
38	0.000170564
39	0.000149022
40	-4.00669e-05
41	9.63646e-05
42	-0.000131021
43	1.25909e-05
44	-0.000181285
45	-0.000166924
46	-0.000121447
47	-9.51182e-05
48	6.28551e-05
49	-6.16087e-05
50	0.000105939
51	8.9184e-05
52	0.000177745
53	0.000510446
54	0.000780916
55	0.00157318
56	0.00364837
57	0.00956998
58	0.0254008
59	0.0620865
60	0.129163
61	0.226082
62	0.341326
63	0.461718
64	0.578135
65	0.686129
66	0.783345
67	0.868921
68	0.942592
69	1.00475
70	1.05597
71	1.09728
72	1.13004
73	1.15583
74	1.17585
75	1.19123
76	1.20273
77	1.21156
78	1.2182
79	1.22383
80	1.22995
81	1.2382
82	1.24828
83	1.25939
84	1.27059
85	1.28076
86	1.28948
87	1.29662
88	1.30249
89	1.30656
90	1.30921
91	1.31015
92	1.30957
93	1.30811
94	1.30561
95	1.30233
96	1.29838
97	1.29384
98	1.28886
99	1.28354
100	1.27805
101	1.2727
102	1.26745
103	1.26241
104	1.2573
105	1.25202
106	1.24645
107	1.24064
108	1.23463
109	1.22833
110	1.22179
111	1.21539
112	1.20875
113	1.20154
114	1.19423
115	1.18702
116	1.17938
117	1.17157
118	1.16373
119	1.1559
120	1.1478
121	1.13995
122	1.13153
123	1.12333
124	1.11472
125	1.10632
126	1.09791
127	1.0894
128	1.08098
129	1.07286
130	1.06477
131	1.05674
132	1.04857
133	1.04081
134	1.03295
135	1.02485
136	1.01676
137	1.00861
138	1.00037
139	0.992056
140	0.983636
141	0.975311
142	0.966987
143	0.958645
144	0.95044
145	0.942355
146	0.93421
147	0.926016
148	0.917953
149	0.909752
150	0.901873
151	0.893953
152	0.885807
153	0.877686
154	0.869641
155	0.861544
156	0.853696
157	0.846046
158	0.838439
159	0.830952
160	0.823319
161	0.815768
162	0.808226
163	0.800724
164	0.793462
165	0.786224
166	0.778883
167	0.771497
168	0.76419
169	0.756918
170	0.749651
171	0.742641
172	0.735498
173	0.728519
174	0.721398
175	0.714679
176	0.707884
177	0.70122
178	0.694372
179	0.687898
180	0.681364
181	0.674741
182	0.668173
183	0.66167
184	0.65541
185	0.649384
186	0.64329
187	0.637332
188	0.631482
189	0.625771
190	0.620065
191	0.614419
192	0.608557
193	0.602904
194	0.59709
195	0.591324
196	0.58566
197	0.580115
198	0.574751
199	0.5692
200	0.563803
201	0.558511
202	0.553245
203	0.547926
204	0.542572
205	0.53738
206	0.532081
207	0.526799
208	0.521739
209	0.516561
210	0.511432
211	0.506092
212	0.500927
213	0.495944
214	0.491104
215	0.48625
216	0.481628
217	0.477083
218	0.472477
219	0.468045
220	0.463605
221	0.45904
222	0.454389
223	0.449842
224	0.445205
225	0.440708
226	0.436376
227	0.432199
228	0.427967
229	0.423628
230	0.419607
231	0.415468
232	0.411102
233	0.406804
234	0.402426
235	0.398247
236	0.393816
237	0.38979
238	0.385939
239	0.382638
240	0.379752
241	0.377128
242	0.374486
243	0.371671
244	0.368967
245	0.3662
246	0.363466
247	0.360534
248	0.357341
249	0.35404
250	0.350764
251	0.347489
252	0.344272
253	0.340996
254	0.337563
255	0.334349
256	0.330981
257	0.327649
258	0.324437
259	0.321089
260	0.317939
261	0.314729
262	0.311672
263	0.308616
264	0.305705
265	0.302615
266	0.299743
267	0.29667
268	0.293766
269	0.290858
270	0.287739
271	0.284688
272	0.281669
273	0.278797
274	0.275851
275	0.272859
276	0.270056
277	0.267371
278	0.264606
279	0.26171
280	0.259101
281	0.256315
282	0.253392
283	0.250539
284	0.247705
285	0.24502
286	0.242279
287	0.23955
288	0.236937
289	0.23439
290	0.231712
291	0.229198
292	0.226613
293	0.224105
294	0.221668
295	0.219229
296	0.216924
297	0.21478
298	0.212563
299	0.210292
300	0.208123
301	0.205837
302	0.2037
303	0.201833
304	0.199947
305	0.198023
306	0.196223
307	0.194542
308	0.192843
309	0.191215
310	0.189437
311	0.187678
312	0.186084
313	0.184384
314	0.182769
315	0.180954
316	0.179269
317	0.177584
318	0.175827
319	0.174063
320	0.172455
321	0.170923
322	0.169599
323	0.168293
324	0.166933
325	0.16581
326	0.164662
327	0.163324
328	0.161696
329	0.160061
330	0.158587
331	0.157122
332	0.155487
333	0.154082
334	0.152553
335	0.151093
336	0.1497
337	0.148227
338	0.146779
339	0.145331
340	0.143843
341	0.142332
342	0.140824
343	0.139572
344	0.138412
345	0.137229
346	0.135805
347	0.134417
348	0.132985
349	0.131825
350	0.13046
351	0.129079
352	0.127684
353	0.126305
354	0.124958
355	0.123703
356	0.122444
357	0.121307
358	0.120223
359	0.119172
360	0.117928
361	0.116889
362	0.115647
363	0.114373
364	0.11311
365	0.111793
366	0.110544
367	0.109155
368	0.107947
369	0.106501
370	0.10506
371	0.10354
372	0.102176
373	0.100852
374	0.0994831
375	0.0980949
376	0.0966731
377	0.0954524
378	0.0942581
379	0.0934299
380	0.0929296
381	0.0924414
382	0.0921398
383	0.0920321
384	0.0919387
385	0.0915151
386	0.0910124
387	0.0906175
388	0.0903446
389	0.0900861
390	0.0898635
391	0.0894279
392	0.088863
393	0.0882503
394	0.087525
395	0.0868979
396	0.0861344
397	0.0851866
398	0.0842698
399	0.0832167
400	0.0822688
401	0.0813114
402	0.0803277
403	0.0793487
404	0.0783315
405	0.0772855
406	0.076352
407	0.0754927
408	0.0743295
409	0.0735229
410	0.0725295
411	0.0715362
412	0.0705692
413	0.069765
414	0.0688746
415	0.067709
416	0.0669191
417	0.0659689
418	0.065234
419	0.0644155
420	0.0634844
421	0.0627352
422	0.0627136
423	0.0635083
424	0.0646955
425	0.066213
426	0.0675941
427	0.0686807
428	0.0697147
429	0.0705405
430	0.0711556
431	0.0715937
432	0.0717636
433	0.0715602
434	0.0714357
435	0.0712634
436	0.0708541
437	0.0701097
438	0.0695209
439	0.069011
440	0.0684605
441	0.0681589
442	0.067831
443	0.0674169
444	0.0670962
445	0.0667228
446	0.0663183
447	0.0656816
448	0.0651072
449	0.0645423
450	0.0639726
451	0.0634796
452	0.0631469
453	0.0627041
454	0.0622182
455	0.061919
456	0.0615504
457	0.0614642
458	0.0610023
459	0.0606624
460	0.0602363
461	0.0597481
462	0.0592741
463	0.0586446
464	0.0581635
465	0.0577255
466	0.0571606
467	0.0566149
468	0.0559926
469	0.055107
470	0.0542573
471	0.0534531
472	0.0527039
473	0.0518973
474	0.0509829
475	0.0500782
476	0.0492309
477	0.0483285
478	0.0475099
479	0.0468589
480	0.0461767
481	0.0455711
482	0.0451714
483	0.0446927
484	0.0443361
485	0.0440177
486	0.0438885
487	0.0436204
488	0.0433116
489	0.0429263
490	0.0424428
491	0.0420024
492	0.0416553
493	0.041325
494	0.040808
495	0.0402288
496	0.0396136
497	0.0393863
498	0.0393958
499	0.0400253
500	0.0411431
501	0.0426343
502	0.0441637
503	0.0455807
504	0.0468373
505	0.0477828
506	0.0485152
507	0.0491399
508	0.0497096
509	0.0499489
510	0.050205
511	0.0503103
512	0.0502409
513	0.0499848
514	0.0496928
515	0.0491591
516	0.0487354
517	0.0480532
518	0.0475434
519	0.0468349
520	0.046227
521	0.0456525
522	0.0450541
523	0.0444007
524	0.0438095
525	0.0433188
526	0.0427851
527	0.042067
528	0.041416
529	0.0408463
530	0.0402479
531	0.0395801
532	0.038965
533	0.0381368
534	0.0374427
535	0.0366816
536	0.0357648
537	0.0350372
538	0.0343215
539	0.0335795
540	0.0327346
541	0.0321362
542	0.0314206
543	0.0308294
544	0.0299988
545	0.029319
546	0.028802
547	0.0282132
548	0.0277106
549	0.0272486
550	0.0265976
551	0.026004
552	0.0255205
553	0.0250514
554	0.024429
555	0.0238905
556	0.0233759
557	0.0228685
558	0.0222581
559	0.0217579
560	0.0211738
561	0.0205396
562	0.0199531
563	0.0194409
564	0.0191034
565	0.0189119
566	0.0189263
567	0.0188234
568	0.0187444
569	0.0185984
570	0.0184691
571	0.0183806
572	0.0178971
573	0.0175955
574	0.0171575
575	0.0166931
576	0.0163293
577	0.0158482
578	0.0153193
579	0.0149147
580	0.0144312
581	0.0139908
582	0.0134355
583	0.0131962
584	0.0125451
585	0.0122747
586	0.0118271
587	0.0115542
588	0.0112933
589	0.0110612
590	0.0105992
591	0.0102713
592	0.00988353
593	0.00956519
594	0.00944073
595	0.00924206
596	0.00915111
597	0.00881601
598	0.00858624
599	0.00846895
600	0.00817933
601	0.00810035
602	0.00770302
603	0.0074158
604	0.00700411
605	0.00658285
606	0.00605387
607	0.00577383
608	0.0052305
609	0.00478051
610	0.00442866
611	0.00398107
612	0.00366513
613	0.00315052
614	0.00267181
615	0.00213087
616	0.00167849
617	0.0012692
618	0.000845541
619	0.00043864
620	-6.63958e-05
621	-0.000542709
622	-0.00110998
623	-0.00163416
624	-0.00201952
625	-0.00228042
626	-0.00272083
627	-0.00316602
628	-0.0035083
629	-0.00394632
630	-0.00436519
631	-0.00462369
632	-0.00497314
633	-0.00540877
634	-0.00584439
635	-0.00601673
636	-0.00645474
637	-0.00683053
638	-0.00712733
639	-0.00752465
640	-0.0076563
641	-0.00798182
642	-0.00815176
643	-0.00851318
644	-0.00888657
645	-0.00924082
646	-0.00945384
647	-0.00990622
648	-0.0102916
649	-0.0103634
650	-0.0104567
651	-0.0106171
652	-0.0107918
653	-0.010969
654	-0.0112275
655	-0.0112945
656	-0.0114716
657	-0.0116104
658	-0.011912
659	-0.012149
660	-0.0123931
661	-0.0126516
662	-0.012879
663	-0.0131088
664	-0.0133098
665	-0.0136641
666	-0.0137861
667	-0.0142146
668	-0.0144539
669	-0.0147388
670	-0.0149207
671	-0.0152366
672	-0.0155885
673	-0.0158206
674	-0.0162252
675	-0.0166297
676	-0.0169887
677	-0.0173477
678	-0.0176373
679	-0.0178097
680	-0.0177642
681	-0.0174171
682	-0.0170413
683	-0.0169097
684	-0.0168211
685	-0.0166129
686	-0.0164621
687	-0.0164406
688	-0.0163664
689	-0.0164525
690	-0.0165722
691	-0.0168427
692	-0.016857
693	-0.0169121
694	-0.017106
695	-0.0173381
696	-0.0176924
697	-0.0180059
698	-0.0183219
699	-0.0188748
700	-0.0190328
701	-0.019253
702	-0.0194229
703	-0.0196144
704	-0.0199375
705	-0.02022
706	-0.0203444
707	-0.0206245
708	-0.0206915
709	-0.0209117
710	-0.0212133
711	-0.0214215
712	-0.0217973
713	-0.0219337
714	-0.0223047
715	-0.022592
716	-0.0225872
717	-0.0228505
718	-0.0232574
719	-0.0234345
720	-0.0237744
721	-0.0239276
722	-0.0241573
723	-0.0243943
724	-0.0245451
725	-0.0246719
726	-0.0247749
727	-0.0249687
728	-0.025165
729	-0.025548
730	-0.0257466
731	-0.0260626
732	-0.0261081
733	-0.0264025
734	-0.0266849
735	-0.0269099
736	-0.0272067
737	-0.0275322
738	-0.0277476
739	-0.0281258
740	-0.0283293
741	-0.0284753
742	-0.028808
743	-0.0290162
744	-0.0291431
745	-0.0292771
746	-0.0291287
747	-0.0291311
748	-0.0290114
749	-0.0289971
750	-0.0290354
751	-0.0290545
752	-0.029033
753	-0.029167
754	-0.0292819
755	-0.0291119
756	-0.0292651
757	-0.0292939
758	-0.0293106
759	-0.0293585
760	-0.0295308
761	-0.0297893
762	-0.0299688
763	-0.0293178
764	-0.0270487
765	-0.0227332
766	-0.0175847
767	-0.0125894
768	-0.00810628
769	-0.00418328
770	-0.000597761
771	0.00249229
772	0.00246836
773	0.00218353
774	0.00206864
775	0.00202077
776	0.00179338
777	0.00165216
778	0.00137691
779	0.000986759
780	0.000563103
781	0.000170564
782	-0.000260273
783	-0.000750948
784	-0.00085387
785	-0.000174105
786	-0.000126235
787	-0.00030575
788	-0.000676748
789	-0.000851476
790	-0.00106211
791	-0.00130625
792	-0.00155039
793	-0.0015815
794	-0.0018807
795	-0.00211766
796	-0.0023618
797	-0.00261312
798	-0.00281418
799	-0.00303677
800	-0.00317799
801	-0.00334315
802	-0.00352506
803	-0.00372372
804	-0.00368303
805	-0.00370457
806	-0.00379313
807	-0.00386494
808	-0.00403727
809	-0.00393674
810	-0.00413541
811	-0.00418328
812	-0.0043245
813	-0.00434843
814	-0.00443939
815	-0.00469549
816	-0.00462369
817	-0.00465959
818	-0.00470267
819	-0.0048032
820	-0.00499947
821	-0.00512154
822	-0.00531303
823	-0.00526516
824	-0.00532739
825	-0.00556195
826	-0.00573189
827	-0.0058396
828	-0.00609811
829	-0.00630874
830	-0.00628241
831	-0.00666537
832	-0.0067659
833	-0.00681856
834	-0.00678266
835	-0.00704834
836	-0.00702919
837	-0.00712733
838	-0.00713929
839	-0.00736907
840	-0.00747678
841	-0.0074696
842	-0.00756056
843	-0.00753662
844	-0.00770656
845	-0.00793634
846	-0.00815894
847	-0.00805362
848	-0.00812304
849	-0.00838154
850	-0.00865919
851	-0.00869749
852	-0.00887221
853	-0.00892487
854	-0.00914986
855	-0.0092097
856	-0.00937007
857	-0.00939161
858	-0.00963096
859	-0.00963096
860	-0.0096549
861	-0.00972192
862	-0.00979612
863	-0.00984399
864	-0.00977697
865	-0.00988947
866	-0.0100355
867	-0.00990143
868	-0.00981048
869	-0.0100163
870	-0.0101264
871	-0.010203
872	-0.00997085
873	-0.00781427
874	-0.00335272
875	0.00228166
876	0.00782988
877	0.0126505
878	0.0169133
879	0.0208196
880	0.0238139
881	0.0241705
882	0.0246397
883	0.0250992
884	0.0256282
885	0.0260543
886	0.0264923
887	0.0266909
888	0.0265928
889	0.0265593
890	0.0266
891	0.0264205
892	0.0263534
893	0.0263702
894	0.0271696
895	0.0277728
896	0.0277991
897	0.0276795
898	0.0275789
899	0.027476
900	0.0274593
901	0.0274401
902	0.0275263
903	0.0275095
904	0.0274353
905	0.0275789
906	0.0275718
907	0.0274593
908	0.027397
909	0.027476
910	0.0275478
911	0.0274569
912	0.0275071
913	0.0275742
914	0.0276603
915	0.0275622
916	0.0275143
917	0.027476
918	0.027397
919	0.0273851
920	0.0274976
921	0.0274808
922	0.0274473
923	0.0275119
924	0.0275694
925	0.0274162
926	0.0273827
927	0.0273803
928	0.0274449
929	0.0273563
930	0.027318
931	0.0273061
932	0.0273372
933	0.0273228
934	0.0272534
935	0.0272199
936	0.0271984
937	0.0271529
938	0.0271409
939	0.0271313
940	0.0271409
941	0.0271313
942	0.0271074
943	0.0266072
944	0.0263319
945	0.0258987
946	0.0255492
947	0.0253721
948	0.0252093
949	0.0251734
950	0.0252117
951	0.0250107
952	0.0250562
953	0.024946
954	0.0247737
955	0.0246133
956	0.0243931
957	0.0241227
958	0.023991
959	0.0236775
960	0.0234309
961	0.0230958
962	0.022823
963	0.0223826
964	0.0221025
965	0.0218632
966	0.0215018
967	0.0210661
968	0.0208459
969	0.0206856
970	0.020439
971	0.0200584
972	0.0196156
973	0.0194146
974	0.0191369
975	0.018663
976	0.0184835
977	0.0183327
978	0.0178301
979	0.0175189
980	0.0173155
981	0.0169469
982	0.0166094
983	0.0163341
984	0.0160014
985	0.015695
986	0.0153623
987	0.0151278
988	0.0147951
989	0.0145174
990	0.0140866
991	0.0137539
992	0.01356
993	0.0133877
994	0.0131507
995	0.0129856
996	0.0129018
997	0.0129377
998	0.0129592
999	0.0129879
1000	0.013043
1001	0.0127055
1002	0.0125978
1003	0.0124949
1004	0.0122364
1005	0.0120593
1006	0.0119755
1007	0.0116978
1008	0.0114944
1009	0.0113197
1010	0.0112
1011	0.0112359
1012	0.0110157
1013	0.0109582
1014	0.0107428
1015	0.0105753
1016	0.0104628
1017	0.010221
1018	0.0101684
1019	0.0100391
1020	0.00987874
1021	0.00964418
1022	0.00961067
1023	0.00936413
