0	0.000481433
1	0.000263622
2	0.000378511
3	0.000246867
4	0.000376118
5	0.000378511
6	0.000333034
7	0.000373724
8	0.000419202
9	0.000316279
10	0.000352183
11	0.000366544
12	0.00039766
13	0.00016788
14	0.000139158
15	7.93195e-05
16	0.000110435
17	0.000100861
18	0.000179848
19	0.000220538
20	0.000187029
21	0.000184635
22	4.10229e-05
23	-3.31767e-05
24	-0.000205511
25	-4.99315e-05
26	-0.000152853
27	-0.000131312
28	-0.000152853
29	-5.95056e-05
30	-0.000207905
31	-0.000253382
32	-0.00023184
33	-0.00026535
34	-0.000234234
35	-0.000195937
36	-0.000334762
37	-0.000444865
38	-0.000511884
39	-0.000325188
40	-0.000183969
41	-0.000128918
42	-0.000332369
43	-0.000495129
44	-0.000425717
45	-0.00023184
46	-0.000121738
47	-8.8228e-05
48	-0.000138492
49	-0.000157641
50	-0.000420929
51	-0.000507097
52	-0.000535819
53	-0.000684218
54	-0.000598051
55	-0.000722515
56	-0.000674644
57	-0.000724908
58	-0.000523851
59	0.00162794
60	0.011159
61	0.0393716
62	0.105306
63	0.229627
64	0.417263
65	0.650724
66	0.904178
67	1.15167
68	1.3695
69	1.54002
70	1.65782
71	1.72814
72	1.76147
73	1.76942
74	1.76211
75	1.74793
76	1.73149
77	1.71643
78	1.70322
79	1.69187
80	1.68219
81	1.67435
82	1.66821
83	1.66337
84	1.65851
85	1.654
86	1.64963
87	1.64483
88	1.6389
89	1.63247
90	1.62656
91	1.62111
92	1.6151
93	1.60893
94	1.60224
95	1.59507
96	1.58775
97	1.58017
98	1.5725
99	1.56509
100	1.55704
101	1.54863
102	1.54009
103	1.53119
104	1.52271
105	1.51409
106	1.50535
107	1.49607
108	1.48648
109	1.47693
110	1.46791
111	1.45882
112	1.44955
113	1.44016
114	1.43063
115	1.42039
116	1.41
117	1.40008
118	1.39044
119	1.37985
120	1.36854
121	1.35681
122	1.3456
123	1.33546
124	1.32545
125	1.31501
126	1.3043
127	1.29371
128	1.28321
129	1.27244
130	1.2618
131	1.25135
132	1.24129
133	1.23129
134	1.22136
135	1.21129
136	1.20124
137	1.19162
138	1.18236
139	1.17277
140	1.16265
141	1.15234
142	1.14247
143	1.13255
144	1.12259
145	1.11262
146	1.10303
147	1.09439
148	1.08605
149	1.07763
150	1.06918
151	1.06104
152	1.05258
153	1.04396
154	1.03507
155	1.02516
156	1.01499
157	1.00519
158	0.995919
159	0.986901
160	0.978073
161	0.969495
162	0.961285
163	0.952819
164	0.94437
165	0.936378
166	0.928266
167	0.919968
168	0.911617
169	0.903225
170	0.894606
171	0.885994
172	0.877418
173	0.869215
174	0.861027
175	0.852676
176	0.844308
177	0.836579
178	0.829348
179	0.82206
180	0.815724
181	0.810406
182	0.80576
183	0.801674
184	0.798015
185	0.794288
186	0.789843
187	0.785221
188	0.781904
189	0.780336
190	0.779326
191	0.778172
192	0.775841
193	0.771636
194	0.766008
195	0.759905
196	0.753751
197	0.74743
198	0.741451
199	0.736005
200	0.731029
201	0.726477
202	0.721572
203	0.716704
204	0.711491
205	0.705749
206	0.699324
207	0.692354
208	0.685708
209	0.679243
210	0.673019
211	0.666914
212	0.6607
213	0.654534
214	0.648711
215	0.643026
216	0.637521
217	0.63192
218	0.626188
219	0.61989
220	0.613492
221	0.607293
222	0.601733
223	0.596761
224	0.592118
225	0.588092
226	0.583583
227	0.578709
228	0.574298
229	0.570124
230	0.565739
231	0.561244
232	0.55706
233	0.553326
234	0.549793
235	0.545884
236	0.54161
237	0.537411
238	0.53356
239	0.52963
240	0.525295
241	0.520573
242	0.515676
243	0.510845
244	0.506439
245	0.502466
246	0.498512
247	0.494265
248	0.489785
249	0.485524
250	0.481891
251	0.478459
252	0.474861
253	0.470797
254	0.46646
255	0.462606
256	0.458726
257	0.454509
258	0.45003
259	0.445555
260	0.441127
261	0.436837
262	0.432486
263	0.428166
264	0.423716
265	0.419858
266	0.415908
267	0.412009
268	0.408354
269	0.405044
270	0.402071
271	0.398905
272	0.395834
273	0.392576
274	0.389125
275	0.385884
276	0.382569
277	0.378897
278	0.375237
279	0.372377
280	0.369545
281	0.366594
282	0.363557
283	0.360572
284	0.357827
285	0.354689
286	0.351673
287	0.348633
288	0.345529
289	0.342635
290	0.339507
291	0.336558
292	0.33375
293	0.330931
294	0.328317
295	0.325653
296	0.323015
297	0.320509
298	0.318106
299	0.315679
300	0.313211
301	0.31094
302	0.308352
303	0.305717
304	0.302909
305	0.30026
306	0.297459
307	0.294908
308	0.29244
309	0.289903
310	0.287363
311	0.285082
312	0.283055
313	0.280772
314	0.27827
315	0.275788
316	0.273292
317	0.270791
318	0.268277
319	0.265704
320	0.263639
321	0.262423
322	0.262598
323	0.265977
324	0.273605
325	0.282957
326	0.291054
327	0.289494
328	0.287756
329	0.285939
330	0.283969
331	0.28181
332	0.279565
333	0.277325
334	0.274934
335	0.273
336	0.271255
337	0.269618
338	0.268134
339	0.266413
340	0.264493
341	0.262461
342	0.260635
343	0.258533
344	0.256815
345	0.2553
346	0.25389
347	0.252566
348	0.251051
349	0.24922
350	0.247322
351	0.245539
352	0.243978
353	0.242173
354	0.240536
355	0.238842
356	0.236824
357	0.235177
358	0.233703
359	0.232429
360	0.231096
361	0.229983
362	0.229074
363	0.227874
364	0.226489
365	0.225045
366	0.223695
367	0.222417
368	0.221189
369	0.219784
370	0.218085
371	0.216421
372	0.214756
373	0.213384
374	0.211792
375	0.210294
376	0.208858
377	0.207479
378	0.206409
379	0.2055
380	0.204581
381	0.2038
382	0.202687
383	0.201637
384	0.200648
385	0.200251
386	0.200694
387	0.202436
388	0.205179
389	0.208101
390	0.210361
391	0.211551
392	0.21156
393	0.210923
394	0.209372
395	0.207922
396	0.206129
397	0.204717
398	0.202869
399	0.201325
400	0.199999
401	0.198436
402	0.197055
403	0.195696
404	0.194547
405	0.19358
406	0.192359
407	0.19138
408	0.190222
409	0.189138
410	0.188118
411	0.187294
412	0.186019
413	0.184966
414	0.183608
415	0.182381
416	0.181179
417	0.179934
418	0.178625
419	0.177469
420	0.176346
421	0.175226
422	0.17424
423	0.173029
424	0.171758
425	0.170638
426	0.169436
427	0.168646
428	0.167883
429	0.167229
430	0.166186
431	0.165202
432	0.164376
433	0.163639
434	0.162885
435	0.161973
436	0.161104
437	0.160142
438	0.159304
439	0.158282
440	0.157349
441	0.15649
442	0.156205
443	0.156494
444	0.157217
445	0.15799
446	0.15862
447	0.158981
448	0.158922
449	0.15856
450	0.157849
451	0.156954
452	0.155958
453	0.154766
454	0.153871
455	0.152674
456	0.151648
457	0.15098
458	0.150661
459	0.15029
460	0.149855
461	0.149225
462	0.14879
463	0.149256
464	0.151506
465	0.156813
466	0.165035
467	0.173503
468	0.179336
469	0.178757
470	0.177917
471	0.176974
472	0.176186
473	0.175293
474	0.174401
475	0.173678
476	0.172682
477	0.171512
478	0.170375
479	0.169479
480	0.168546
481	0.167878
482	0.166971
483	0.165796
484	0.164932
485	0.164556
486	0.164329
487	0.164173
488	0.164393
489	0.163735
490	0.162988
491	0.161854
492	0.161002
493	0.160056
494	0.159082
495	0.158048
496	0.156966
497	0.156494
498	0.156157
499	0.15587
500	0.155654
501	0.156576
502	0.159209
503	0.164159
504	0.170705
505	0.177615
506	0.183391
507	0.186438
508	0.185581
509	0.184853
510	0.184149
511	0.183328
512	0.182596
513	0.181885
514	0.181165
515	0.18048
516	0.179903
517	0.179188
518	0.178063
519	0.176897
520	0.175844
521	0.175032
522	0.174192
523	0.173414
524	0.172543
525	0.171614
526	0.170676
527	0.169903
528	0.168922
529	0.168268
530	0.16721
531	0.166157
532	0.165015
533	0.163867
534	0.162878
535	0.161727
536	0.160925
537	0.160379
538	0.15997
539	0.159412
540	0.158687
541	0.158285
542	0.157978
543	0.157146
544	0.156387
545	0.155894
546	0.15535
547	0.154623
548	0.153519
549	0.152519
550	0.151648
551	0.150642
552	0.149505
553	0.148423
554	0.147737
555	0.147117
556	0.146449
557	0.145846
558	0.145271
559	0.144826
560	0.144218
561	0.143806
562	0.143435
563	0.143107
564	0.14272
565	0.14237
566	0.142205
567	0.14232
568	0.142993
569	0.143902
570	0.144508
571	0.144984
572	0.145274
573	0.145578
574	0.145513
575	0.145199
576	0.144357
577	0.143739
578	0.142957
579	0.142162
580	0.141595
581	0.140984
582	0.140465
583	0.139752
584	0.138902
585	0.137935
586	0.137394
587	0.136705
588	0.135903
589	0.135218
590	0.134682
591	0.134275
592	0.134206
593	0.134754
594	0.136116
595	0.137844
596	0.140034
597	0.142339
598	0.144146
599	0.145692
600	0.146408
601	0.146303
602	0.145673
603	0.145219
604	0.144462
605	0.143859
606	0.143213
607	0.142523
608	0.141956
609	0.141384
610	0.140881
611	0.140498
612	0.140223
613	0.139855
614	0.139512
615	0.13916
616	0.13895
617	0.138703
618	0.138385
619	0.138107
620	0.137614
621	0.137143
622	0.136288
623	0.135489
624	0.134886
625	0.134543
626	0.134046
627	0.133476
628	0.132892
629	0.132202
630	0.131334
631	0.1304
632	0.129306
633	0.128478
634	0.127688
635	0.126549
636	0.125592
637	0.124732
638	0.124122
639	0.123519
640	0.123095
641	0.12305
642	0.122894
643	0.123114
644	0.123282
645	0.123478
646	0.123392
647	0.122683
648	0.121977
649	0.121874
650	0.122262
651	0.123227
652	0.124622
653	0.125934
654	0.127174
655	0.127612
656	0.127894
657	0.12787
658	0.12743
659	0.127097
660	0.126839
661	0.126535
662	0.126377
663	0.125972
664	0.125419
665	0.124428
666	0.123378
667	0.121992
668	0.120584
669	0.119342
670	0.118207
671	0.116934
672	0.115742
673	0.114699
674	0.113394
675	0.112118
676	0.11095
677	0.110055
678	0.109246
679	0.10832
680	0.107549
681	0.106814
682	0.106304
683	0.105905
684	0.105443
685	0.104844
686	0.104004
687	0.10336
688	0.102559
689	0.101773
690	0.100838
691	0.0999041
692	0.0990233
693	0.0981305
694	0.097446
695	0.0969218
696	0.0968021
697	0.0965795
698	0.0962851
699	0.0962731
700	0.096029
701	0.0957035
702	0.0950357
703	0.094253
704	0.0937886
705	0.0932692
706	0.0926685
707	0.0916751
708	0.0906555
709	0.0898417
710	0.0894109
711	0.0888388
712	0.0880729
713	0.087587
714	0.0869694
715	0.0859402
716	0.0852413
717	0.0850833
718	0.0849517
719	0.0845089
720	0.0840661
721	0.083652
722	0.0831278
723	0.0825199
724	0.0819358
725	0.0815242
726	0.0807127
727	0.0799947
728	0.0792024
729	0.0782235
730	0.077345
731	0.0767275
732	0.0764451
733	0.0759951
734	0.0753273
735	0.0745494
736	0.0741233
737	0.0738122
738	0.0732282
739	0.0726322
740	0.0721415
741	0.0715383
742	0.0709734
743	0.070466
744	0.0700902
745	0.0697384
746	0.0692764
747	0.0689557
748	0.0692166
749	0.0709854
750	0.0746691
751	0.0803394
752	0.0867923
753	0.0930969
754	0.0978433
755	0.100799
756	0.102429
757	0.102772
758	0.102243
759	0.101381
760	0.100124
761	0.0987911
762	0.0972401
763	0.0956556
764	0.0943248
765	0.0933698
766	0.0925033
767	0.091936
768	0.0915914
769	0.0916656
770	0.0915052
771	0.0915315
772	0.0916919
773	0.0918499
774	0.0919312
775	0.0921538
776	0.0922879
777	0.0922233
778	0.0921682
779	0.0918642
780	0.0913305
781	0.0907393
782	0.0901505
783	0.0896095
784	0.0891715
785	0.0887957
786	0.0882883
787	0.0878551
788	0.0873381
789	0.0871322
790	0.0870795
791	0.0867923
792	0.0863926
793	0.0860599
794	0.0855884
795	0.085428
796	0.0853299
797	0.0850762
798	0.0847602
799	0.0844562
800	0.084102
801	0.083597
802	0.0827832
803	0.0820436
804	0.0814093
805	0.0807343
806	0.0802508
807	0.079796
808	0.0791306
809	0.078604
810	0.0781229
811	0.0775652
812	0.0769142
813	0.0765336
814	0.0758754
815	0.0754182
816	0.0749443
817	0.074334
818	0.0739797
819	0.0735585
820	0.0726705
821	0.072084
822	0.0716006
823	0.0710429
824	0.0703607
825	0.0697886
826	0.0693028
827	0.0688121
828	0.0684076
829	0.0680581
830	0.0678714
831	0.0675196
832	0.0672156
833	0.0670624
834	0.066756
835	0.0666292
836	0.0666579
837	0.0666818
838	0.0668494
839	0.0668278
840	0.0666292
841	0.0663515
842	0.0661361
843	0.0658872
844	0.0655329
845	0.0651428
846	0.0645348
847	0.0642931
848	0.0639341
849	0.0635702
850	0.063149
851	0.0626775
852	0.0622729
853	0.0617129
854	0.0615022
855	0.0611025
856	0.0606142
857	0.0602193
858	0.0595371
859	0.0591829
860	0.0589483
861	0.0585558
862	0.0579454
863	0.0574763
864	0.0571077
865	0.056988
866	0.0567367
867	0.0565261
868	0.0563848
869	0.056179
870	0.055808
871	0.0555567
872	0.0550564
873	0.0547668
874	0.0542331
875	0.0536538
876	0.0533762
877	0.0529214
878	0.0528065
879	0.0530435
880	0.0543743
881	0.0579024
882	0.0635104
883	0.0706982
884	0.0781517
885	0.0844993
886	0.0882069
887	0.0883673
888	0.0883146
889	0.088013
890	0.0876181
891	0.087137
892	0.086845
893	0.0866344
894	0.0864836
895	0.0849541
896	0.0836927
897	0.0829244
898	0.0823499
899	0.0815672
900	0.0807367
901	0.0799325
902	0.0791258
903	0.0783312
904	0.0774647
905	0.0768328
906	0.0763876
907	0.0759735
908	0.0757031
909	0.0753057
910	0.0748486
911	0.0745039
912	0.0741951
913	0.0740276
914	0.0738624
915	0.0739414
916	0.0738098
917	0.0735106
918	0.0729098
919	0.0724263
920	0.0722851
921	0.0720027
922	0.0716939
923	0.0715455
924	0.0715216
925	0.0715623
926	0.0714976
927	0.0713421
928	0.0711721
929	0.0709758
930	0.0706264
931	0.0704086
932	0.0700328
933	0.0697527
934	0.0694703
935	0.0691615
936	0.0689868
937	0.0688743
938	0.068702
939	0.0683884
940	0.0680749
941	0.0679839
942	0.0679097
943	0.0680007
944	0.0681515
945	0.0680103
946	0.0678547
947	0.0674597
948	0.0671821
949	0.0668446
950	0.066701
951	0.0665047
952	0.0660811
953	0.0658369
954	0.0655832
955	0.0655521
956	0.0655497
957	0.0656837
958	0.0657149
959	0.0654899
960	0.0650423
961	0.0646761
962	0.0643122
963	0.0641208
964	0.0637162
965	0.0632519
966	0.0628833
967	0.0626152
968	0.0622131
969	0.06172
970	0.061574
971	0.0612054
972	0.0607866
973	0.0605113
974	0.0603318
975	0.0606932
976	0.0611025
977	0.0615597
978	0.0618732
979	0.0620025
980	0.0618589
981	0.0615118
982	0.0612916
983	0.0613347
984	0.0617727
985	0.0622897
986	0.0629623
987	0.0636612
988	0.0642668
989	0.0646019
990	0.0650255
991	0.0651691
992	0.0652816
993	0.0652673
994	0.0649705
995	0.0646473
996	0.0642261
997	0.0637522
998	0.0633237
999	0.0627493
1000	0.0621222
1001	0.061349
1002	0.0606286
1003	0.0600781
1004	0.0596448
1005	0.0592643
1006	0.0587975
1007	0.0584888
1008	0.0581609
1009	0.0579239
1010	0.0578234
1011	0.057718
1012	0.0575601
1013	0.0578353
1014	0.0581656
1015	0.0583906
1016	0.0584768
1017	0.0587951
1018	0.0589938
1019	0.0588765
1020	0.0590082
1021	0.0588933
1022	0.058685
1023	0.0583667
