0	-0.00126951
1	0.000823123
2	0.000125578
3	-0.000990493
4	-0.00126951
5	-0.00113
6	-0.00210656
7	-0.00252509
8	-0.00210656
9	-0.00238558
10	-0.00238558
11	-0.00252509
12	-0.00294362
13	-0.00280411
14	-0.00168804
15	-0.00238558
16	-0.00322264
17	-0.00308313
18	-0.00322264
19	-0.00308313
20	-0.00224607
21	-0.00196706
22	-0.000850984
23	0.000404596
24	-1.39305e-05
25	-0.000292948
26	-1.39305e-05
27	0.000125578
28	-0.000571966
29	0.000544105
30	0.000125578
31	-0.000571966
32	-0.000711475
33	-0.000571966
34	-1.39305e-05
35	-0.00126951
36	-0.000292948
37	0.00166018
38	0.00124165
39	0.00110214
40	0.00263674
41	0.00375281
42	0.00417134
43	0.00556643
44	0.00556643
45	0.00472937
46	0.00542692
47	0.00389232
48	0.00417134
49	0.00445036
50	0.00431085
51	0.00417134
52	0.00221821
53	0.00193919
54	0.00263674
55	0.00249723
56	0.00124165
57	0.00166018
58	0.00277625
59	0.00249723
60	0.00193919
61	0.00193919
62	0.00403183
63	0.00431085
64	0.00724053
65	0.0470006
66	0.178976
67	0.428139
68	0.758357
69	1.11215
70	1.44362
71	1.73255
72	1.97334
73	2.16628
74	2.31346
75	2.41363
76	2.46888
77	2.48311
78	2.46162
79	2.41405
80	2.34569
81	2.26408
82	2.17381
83	2.08327
84	1.99468
85	1.90749
86	1.82951
87	1.76826
88	1.72418
89	1.69056
90	1.66516
91	1.64187
92	1.61452
93	1.58509
94	1.55384
95	1.51994
96	1.48227
97	1.44474
98	1.40861
99	1.36885
100	1.32797
101	1.29184
102	1.25933
103	1.22655
104	1.19572
105	1.16977
106	1.14605
107	1.12401
108	1.10336
109	1.08927
110	1.07727
111	1.06514
112	1.05007
113	1.03375
114	1.02008
115	1.00626
116	0.989104
117	0.97041
118	0.95339
119	0.937068
120	0.919629
121	0.900656
122	0.883217
123	0.868429
124	0.851967
125	0.834668
126	0.818764
127	0.806906
128	0.795187
129	0.782352
130	0.768959
131	0.756403
132	0.742453
133	0.724874
134	0.708552
135	0.695996
136	0.685533
137	0.676883
138	0.665583
139	0.655678
140	0.64647
141	0.6381
142	0.62945
143	0.622056
144	0.617592
145	0.610756
146	0.601828
147	0.59541
148	0.591225
149	0.584389
150	0.573368
151	0.56416
152	0.554953
153	0.545745
154	0.534166
155	0.523842
156	0.513937
157	0.503892
158	0.49315
159	0.483664
160	0.475572
161	0.468736
162	0.461342
163	0.453669
164	0.446415
165	0.440137
166	0.432743
167	0.422559
168	0.413491
169	0.406097
170	0.397726
171	0.389495
172	0.382241
173	0.375823
174	0.36815
175	0.360617
176	0.354757
177	0.349316
178	0.344852
179	0.341783
180	0.338295
181	0.334807
182	0.330204
183	0.32546
184	0.320578
185	0.314997
186	0.310114
187	0.305511
188	0.302023
189	0.298117
190	0.295326
191	0.293373
192	0.289886
193	0.2857
194	0.280818
195	0.275795
196	0.272028
197	0.267704
198	0.264355
199	0.261844
200	0.259333
201	0.257938
202	0.253055
203	0.24873
204	0.246498
205	0.242871
206	0.236593
207	0.231013
208	0.22613
209	0.223479
210	0.219294
211	0.216364
212	0.213714
213	0.210366
214	0.205064
215	0.199763
216	0.194741
217	0.192229
218	0.190555
219	0.188184
220	0.188742
221	0.188742
222	0.187486
223	0.184556
224	0.181487
225	0.180232
226	0.178976
227	0.177581
228	0.172559
229	0.170326
230	0.167955
231	0.167257
232	0.165165
233	0.16377
234	0.163491
235	0.162514
236	0.160421
237	0.1607
238	0.160282
239	0.159863
240	0.157492
241	0.154701
242	0.153167
243	0.150656
244	0.147307
245	0.143959
246	0.142843
247	0.140193
248	0.137402
249	0.135449
250	0.134752
251	0.135589
252	0.133496
253	0.131822
254	0.130985
255	0.128613
256	0.125126
257	0.121917
258	0.119406
259	0.119266
260	0.116337
261	0.113825
262	0.111733
263	0.111454
264	0.109222
265	0.107547
266	0.104757
267	0.102944
268	0.101688
269	0.0984794
270	0.0973633
271	0.0966658
272	0.0963867
273	0.0958287
274	0.0944336
275	0.0952707
276	0.0958287
277	0.0941546
278	0.0913644
279	0.0892718
280	0.0867606
281	0.0860631
282	0.0834124
283	0.0813198
284	0.0799247
285	0.0776925
286	0.0755999
287	0.0744838
288	0.076716
289	0.0757394
290	0.0755999
291	0.0747629
292	0.0755999
293	0.0754604
294	0.0746233
295	0.0743443
296	0.0725307
297	0.0712751
298	0.0714146
299	0.0719727
300	0.0730887
301	0.0737863
302	0.0728097
303	0.0718332
304	0.0708566
305	0.0700196
306	0.0686245
307	0.0651367
308	0.0620675
309	0.0605329
310	0.0588588
311	0.0588588
312	0.0581613
313	0.0584403
314	0.0573242
315	0.0559291
316	0.0545341
317	0.0545341
318	0.054255
319	0.0548131
320	0.0550921
321	0.0545341
322	0.0535575
323	0.0525809
324	0.0518834
325	0.0513254
326	0.0503488
327	0.0493722
328	0.0475586
329	0.0465821
330	0.0453265
331	0.0458845
332	0.046303
333	0.0472796
334	0.0465821
335	0.045745
336	0.0458845
337	0.045745
338	0.0450475
339	0.0442104
340	0.0429548
341	0.0414202
342	0.0403041
343	0.0389091
344	0.0393276
345	0.0398856
346	0.0389091
347	0.0391881
348	0.0382115
349	0.037793
350	0.0365374
351	0.0361189
352	0.0352818
353	0.0352818
354	0.0334682
355	0.0327707
356	0.0312361
357	0.0312361
358	0.0308175
359	0.0294225
360	0.0278879
361	0.0262137
362	0.0248187
363	0.0234236
364	0.0214704
365	0.0193778
366	0.0179827
367	0.0168666
368	0.014774
369	0.0129604
370	0.0117048
371	0.00933317
372	0.00891464
373	0.00947268
374	0.00738004
375	0.00696152
376	0.00598495
377	0.00626397
378	0.00542692
379	0.00445036
380	0.00403183
381	0.00333428
382	0.00277625
383	0.00263674
384	0.00305527
385	0.00305527
386	0.00179969
387	0.0020787
388	0.00179969
389	0.00249723
390	0.00263674
391	0.00375281
392	0.00333428
393	0.00277625
394	0.00347379
395	0.00319477
396	0.00249723
397	0.00235772
398	0.00166018
399	0.000265087
400	-0.000292948
401	-0.000711475
402	0.000544105
403	0.000683614
404	0.00138116
405	0.00235772
406	0.00305527
407	0.00277625
408	0.00291576
409	0.00305527
410	0.00263674
411	0.00193919
412	0.00193919
413	0.0020787
414	0.00221821
415	0.000404596
416	-0.000432457
417	-0.00196706
418	-0.00308313
419	-0.00461773
420	-0.00601281
421	-0.00657085
422	-0.00698938
423	-0.00838447
424	-0.00866348
425	-0.0103376
426	-0.0113142
427	-0.0120117
428	-0.0142438
429	-0.0146624
430	-0.0129883
431	-0.0134068
432	-0.0143834
433	-0.0152204
434	-0.0149414
435	-0.0150809
436	-0.0149414
437	-0.0145229
438	-0.0127092
439	-0.0127092
440	-0.0139648
441	-0.0143834
442	-0.0141043
443	-0.0131278
444	-0.0129883
445	-0.0141043
446	-0.0153599
447	-0.0156389
448	-0.0166155
449	-0.0175921
450	-0.0182896
451	-0.017034
452	-0.017313
453	-0.0187081
454	-0.0198242
455	-0.0194057
456	-0.0195452
457	-0.0217773
458	-0.0214983
459	-0.0208008
460	-0.0202427
461	-0.0206613
462	-0.0191267
463	-0.0191267
464	-0.0191267
465	-0.0198242
466	-0.0199637
467	-0.0201032
468	-0.0189871
469	-0.0184291
470	-0.0188476
471	-0.0187081
472	-0.0185686
473	-0.0196847
474	-0.0205217
475	-0.0195452
476	-0.0184291
477	-0.0182896
478	-0.0184291
479	-0.017034
480	-0.016197
481	-0.0156389
482	-0.0139648
483	-0.0141043
484	-0.0139648
485	-0.0143834
486	-0.0146624
487	-0.0143834
488	-0.0153599
489	-0.0154994
490	-0.0157784
491	-0.016476
492	-0.0168945
493	-0.0175921
494	-0.0178711
495	-0.0174525
496	-0.0191267
497	-0.0191267
498	-0.0187081
499	-0.0194057
500	-0.0187081
501	-0.0185686
502	-0.0203822
503	-0.0195452
504	-0.0198242
505	-0.0212193
506	-0.0216378
507	-0.0223354
508	-0.0227539
509	-0.0242885
510	-0.0240095
511	-0.0227539
512	-0.0233119
513	-0.0240095
514	-0.0234514
515	-0.0223354
516	-0.0217773
517	-0.0227539
518	-0.0219168
519	-0.0210798
520	-0.0210798
521	-0.0220563
522	-0.024428
523	-0.0230329
524	-0.0220563
525	-0.0227539
526	-0.0231724
527	-0.0235909
528	-0.0235909
529	-0.024149
530	-0.024986
531	-0.0256836
532	-0.0254046
533	-0.0251255
534	-0.0259626
535	-0.0256836
536	-0.024986
537	-0.0254046
538	-0.0263811
539	-0.0276367
540	-0.0272182
541	-0.0262416
542	-0.0270787
543	-0.0279157
544	-0.0273577
545	-0.0272182
546	-0.0273577
547	-0.0273577
548	-0.0273577
549	-0.0251255
550	-0.0251255
551	-0.025265
552	-0.0259626
553	-0.0240095
554	-0.024986
555	-0.0259626
556	-0.0254046
557	-0.0245675
558	-0.0242885
559	-0.0261021
560	-0.0259626
561	-0.0261021
562	-0.0254046
563	-0.0266601
564	-0.0267996
565	-0.0274972
566	-0.0277762
567	-0.0284738
568	-0.0281947
569	-0.0295898
570	-0.0274972
571	-0.0276367
572	-0.0286133
573	-0.0279157
574	-0.0279157
575	-0.0274972
576	-0.0284738
577	-0.0294503
578	-0.0300084
579	-0.0294503
580	-0.0301479
581	-0.0309849
582	-0.0290318
583	-0.0277762
584	-0.0280552
585	-0.0281947
586	-0.0270787
587	-0.0266601
588	-0.0270787
589	-0.0266601
590	-0.0279157
591	-0.0281947
592	-0.0284738
593	-0.0281947
594	-0.0298688
595	-0.0309849
596	-0.0302874
597	-0.0298688
598	-0.0314034
599	-0.0322405
600	-0.0319615
601	-0.0315429
602	-0.0322405
603	-0.0327985
604	-0.032101
605	-0.0339146
606	-0.0341936
607	-0.0332171
608	-0.0337751
609	-0.0346121
610	-0.0354492
611	-0.0354492
612	-0.0364258
613	-0.0357282
614	-0.0358677
615	-0.0357282
616	-0.0365653
617	-0.0351702
618	-0.0339146
619	-0.0339146
620	-0.0351702
621	-0.0353097
622	-0.0347517
623	-0.0344726
624	-0.0365653
625	-0.0362863
626	-0.0351702
627	-0.0346121
628	-0.0357282
629	-0.0348912
630	-0.0336356
631	-0.0337751
632	-0.0319615
633	-0.0325195
634	-0.0314034
635	-0.0302874
636	-0.0309849
637	-0.0322405
638	-0.031822
639	-0.031822
640	-0.0332171
641	-0.0337751
642	-0.0332171
643	-0.032938
644	-0.0337751
645	-0.0341936
646	-0.032659
647	-0.03238
648	-0.03238
649	-0.03238
650	-0.032938
651	-0.032938
652	-0.0311244
653	-0.0314034
654	-0.0322405
655	-0.0314034
656	-0.0311244
657	-0.03238
658	-0.0336356
659	-0.0336356
660	-0.032938
661	-0.03238
662	-0.0334961
663	-0.0346121
664	-0.0348912
665	-0.0358677
666	-0.0364258
667	-0.0358677
668	-0.0353097
669	-0.0350307
670	-0.0354492
671	-0.0371233
672	-0.0368443
673	-0.0357282
674	-0.0350307
675	-0.0355887
676	-0.0346121
677	-0.0340541
678	-0.0325195
679	-0.0332171
680	-0.0319615
681	-0.0308454
682	-0.0290318
683	-0.0287528
684	-0.0300084
685	-0.0277762
686	-0.0265206
687	-0.0284738
688	-0.0305664
689	-0.0305664
690	-0.0297293
691	-0.0302874
692	-0.0314034
693	-0.0308454
694	-0.0309849
695	-0.0322405
696	-0.0340541
697	-0.0340541
698	-0.0340541
699	-0.0343331
700	-0.0348912
701	-0.0358677
702	-0.0360072
703	-0.0350307
704	-0.0357282
705	-0.0379604
706	-0.0360072
707	-0.0354492
708	-0.0350307
709	-0.0353097
710	-0.0358677
711	-0.0354492
712	-0.0367048
713	-0.0371233
714	-0.0365653
715	-0.0360072
716	-0.0364258
717	-0.0393554
718	-0.0385184
719	-0.0380999
720	-0.0386579
721	-0.0396345
722	-0.039774
723	-0.0393554
724	-0.0401925
725	-0.0401925
726	-0.0399135
727	-0.0392159
728	-0.0392159
729	-0.039495
730	-0.0376813
731	-0.0371233
732	-0.0376813
733	-0.0365653
734	-0.0380999
735	-0.0372628
736	-0.0378209
737	-0.0375418
738	-0.0385184
739	-0.0375418
740	-0.0380999
741	-0.0383789
742	-0.0382394
743	-0.0375418
744	-0.0371233
745	-0.0378209
746	-0.0386579
747	-0.0375418
748	-0.0369838
749	-0.0375418
750	-0.0376813
751	-0.0380999
752	-0.0374023
753	-0.0383789
754	-0.0387974
755	-0.0387974
756	-0.0387974
757	-0.040053
758	-0.0407505
759	-0.040332
760	-0.039774
761	-0.039495
762	-0.0417271
763	-0.0417271
764	-0.0399135
765	-0.0385184
766	-0.0389369
767	-0.040611
768	-0.0390764
769	-0.0364258
770	-0.0368443
771	-0.0375418
772	-0.0374023
773	-0.0372628
774	-0.0371233
775	-0.0382394
776	-0.0389369
777	-0.0376813
778	-0.0369838
779	-0.0374023
780	-0.0380999
781	-0.0372628
782	-0.0367048
783	-0.0369838
784	-0.0369838
785	-0.0360072
786	-0.0372628
787	-0.0393554
788	-0.0385184
789	-0.0375418
790	-0.0374023
791	-0.0379604
792	-0.0385184
793	-0.039495
794	-0.0399135
795	-0.0392159
796	-0.0396345
797	-0.04089
798	-0.0392159
799	-0.0387974
800	-0.0404715
801	-0.0418666
802	-0.04089
803	-0.040332
804	-0.0415876
805	-0.040332
806	-0.0393554
807	-0.0399135
808	-0.0415876
809	-0.0415876
810	-0.040611
811	-0.040611
812	-0.0414481
813	-0.0429827
814	-0.0421456
815	-0.0413086
816	-0.0417271
817	-0.0427037
818	-0.0417271
819	-0.0404715
820	-0.0414481
821	-0.0424246
822	-0.0418666
823	-0.040332
824	-0.0428432
825	-0.0434012
826	-0.0414481
827	-0.0411691
828	-0.0414481
829	-0.0404715
830	-0.0401925
831	-0.0401925
832	-0.0404715
833	-0.0389369
834	-0.0407505
835	-0.0410296
836	-0.039774
837	-0.0386579
838	-0.0399135
839	-0.0382394
840	-0.0372628
841	-0.0375418
842	-0.0392159
843	-0.0389369
844	-0.0375418
845	-0.0378209
846	-0.0385184
847	-0.0376813
848	-0.0372628
849	-0.0375418
850	-0.0372628
851	-0.0367048
852	-0.0385184
853	-0.0379604
854	-0.0361467
855	-0.0355887
856	-0.0351702
857	-0.0346121
858	-0.0332171
859	-0.0330775
860	-0.03238
861	-0.0315429
862	-0.0304269
863	-0.0302874
864	-0.0315429
865	-0.0309849
866	-0.032101
867	-0.032101
868	-0.032101
869	-0.0309849
870	-0.0316825
871	-0.0327985
872	-0.0336356
873	-0.0333566
874	-0.032938
875	-0.0322405
876	-0.0312639
877	-0.0315429
878	-0.0305664
879	-0.0315429
880	-0.0298688
881	-0.0220563
882	-0.0041992
883	0.0177037
884	0.0404437
885	0.061091
886	0.077553
887	0.0908064
888	0.102386
889	0.110756
890	0.116895
891	0.119824
892	0.120522
893	0.119964
894	0.118708
895	0.116755
896	0.115081
897	0.111593
898	0.108105
899	0.103781
900	0.0987584
901	0.0945731
902	0.0902483
903	0.0867606
904	0.0845285
905	0.0820173
906	0.0799247
907	0.0782506
908	0.076437
909	0.0781111
910	0.077274
911	0.076716
912	0.0771345
913	0.0792271
914	0.0803432
915	0.0783901
916	0.0768555
917	0.076437
918	0.0747629
919	0.0714146
920	0.068485
921	0.0647182
922	0.0624861
923	0.0591379
924	0.0564872
925	0.0548131
926	0.05286
927	0.0523019
928	0.0511858
929	0.0503488
930	0.0502093
931	0.0499303
932	0.0506278
933	0.0517439
934	0.053139
935	0.053697
936	0.0524414
937	0.0525809
938	0.0541155
939	0.054255
940	0.0529995
941	0.0510463
942	0.0518834
943	0.0496512
944	0.0478376
945	0.0461635
946	0.0450475
947	0.045187
948	0.0449079
949	0.0437919
950	0.0423968
951	0.0426758
952	0.0419783
953	0.0398856
954	0.0369559
955	0.0354213
956	0.0355608
957	0.0363979
958	0.0348633
959	0.0354213
960	0.0357004
961	0.0354213
962	0.0350028
963	0.0344448
964	0.0336077
965	0.0329102
966	0.0316546
967	0.029841
968	0.0292829
969	0.0291434
970	0.0283064
971	0.0248187
972	0.0234236
973	0.022447
974	0.0210519
975	0.0197963
976	0.0186803
977	0.0188198
978	0.0188198
979	0.0175642
980	0.0168666
981	0.0163086
982	0.0164481
983	0.0149135
984	0.0132394
985	0.0124024
986	0.0136579
987	0.0135184
988	0.0129604
989	0.0128209
990	0.0132394
991	0.0151925
992	0.0153321
993	0.014774
994	0.015053
995	0.014495
996	0.0149135
997	0.0140765
998	0.0143555
999	0.0146345
1000	0.014495
1001	0.0129604
1002	0.0119838
1003	0.0118443
1004	0.0111468
1005	0.0108678
1006	0.00975169
1007	0.00779857
1008	0.0066825
1009	0.0051479
1010	0.00431085
1011	0.0051479
1012	0.00431085
1013	0.00305527
1014	0.00221821
1015	0.00319477
1016	0.00375281
1017	0.00305527
1018	0.00124165
1019	0.00179969
1020	0.000683614
1021	-0.000153439
1022	-0.000571966
1023	-0.00168804
