0	0.000827828
1	0.000552572
2	0.000428108
3	0.000133703
4	0.000303644
5	0.000528637
6	0.000691397
7	0.000483159
8	-0.000120012
9	-0.000589145
10	-0.000692067
11	-0.000471861
12	-0.00057239
13	-0.000835679
14	-0.000677705
15	-0.000268411
16	0.000203116
17	0.000207903
18	0.000172
19	0.000107374
20	0.000255773
21	0.000246199
22	0.000157639
23	-6.97474e-05
24	-0.000428778
25	-0.000522126
26	-0.000675312
27	-0.00101041
28	-0.00107503
29	-0.000744724
30	-0.000603506
31	-0.000567603
32	-0.000318675
33	-0.000170276
34	0.000315612
35	0.000404173
36	0.000203116
37	2.36005e-05
38	-8.41086e-05
39	2.0587e-06
40	-0.000208572
41	-0.000163095
42	-0.000120012
43	0.00017918
44	0.000511882
45	0.000832616
46	0.000667462
47	0.000724906
48	0.000957079
49	0.000868519
50	0.000933144
51	0.00107915
52	0.000813467
53	0.0008015
54	0.000712939
55	0.00162488
56	0.00277377
57	0.00421468
58	0.00629466
59	0.0104235
60	0.0213285
61	0.0542563
62	0.140799
63	0.322359
64	0.625258
65	1.03851
66	1.51015
67	1.9712
68	2.37233
69	2.69245
70	2.93094
71	3.09432
72	3.19379
73	3.24072
74	3.24823
75	3.22881
76	3.19316
77	3.14886
78	3.10174
79	3.05623
80	3.01482
81	2.97905
82	2.94858
83	2.92184
84	2.89857
85	2.87798
86	2.85993
87	2.84369
88	2.82932
89	2.81784
90	2.80885
91	2.80169
92	2.79442
93	2.78458
94	2.77197
95	2.75852
96	2.74422
97	2.72901
98	2.71277
99	2.6954
100	2.67677
101	2.658
102	2.63911
103	2.62042
104	2.60211
105	2.5838
106	2.56446
107	2.54506
108	2.52577
109	2.50644
110	2.48696
111	2.46742
112	2.44838
113	2.42982
114	2.41096
115	2.39166
116	2.37189
117	2.35198
118	2.33202
119	2.31246
120	2.29309
121	2.27453
122	2.25595
123	2.23694
124	2.21784
125	2.19838
126	2.17892
127	2.15945
128	2.14008
129	2.12092
130	2.10207
131	2.08349
132	2.06505
133	2.04664
134	2.0287
135	2.01133
136	1.99374
137	1.97591
138	1.95759
139	1.93966
140	1.92233
141	1.90541
142	1.88801
143	1.87038
144	1.8524
145	1.83434
146	1.8167
147	1.80012
148	1.78426
149	1.7695
150	1.75535
151	1.74159
152	1.72826
153	1.71477
154	1.70076
155	1.68625
156	1.6712
157	1.6567
158	1.64205
159	1.62745
160	1.61313
161	1.59929
162	1.58561
163	1.57146
164	1.55722
165	1.54264
166	1.52856
167	1.51462
168	1.50015
169	1.4859
170	1.47208
171	1.45871
172	1.44595
173	1.4335
174	1.42131
175	1.40956
176	1.39797
177	1.38657
178	1.37537
179	1.36391
180	1.35269
181	1.34127
182	1.33027
183	1.31915
184	1.30785
185	1.29638
186	1.28481
187	1.27312
188	1.26167
189	1.25003
190	1.23824
191	1.22737
192	1.21917
193	1.21557
194	1.21338
195	1.20581
196	1.20356
197	1.19287
198	1.18239
199	1.17188
200	1.1615
201	1.15111
202	1.14051
203	1.12995
204	1.11936
205	1.10854
206	1.09772
207	1.08727
208	1.07708
209	1.06745
210	1.05867
211	1.05004
212	1.04147
213	1.03237
214	1.0233
215	1.01458
216	1.00624
217	0.998226
218	0.989621
219	0.981335
220	0.973486
221	0.966153
222	0.959415
223	0.953077
224	0.946861
225	0.940616
226	0.934584
227	0.929185
228	0.924543
229	0.920642
230	0.917344
231	0.914024
232	0.910319
233	0.906077
234	0.90056
235	0.894507
236	0.888044
237	0.881369
238	0.874155
239	0.866419
240	0.858752
241	0.850808
242	0.843314
243	0.836246
244	0.829724
245	0.823768
246	0.818242
247	0.812938
248	0.807337
249	0.801726
250	0.795991
251	0.789828
252	0.783133
253	0.776372
254	0.769315
255	0.762786
256	0.756343
257	0.749732
258	0.742934
259	0.735777
260	0.728606
261	0.721586
262	0.715262
263	0.709736
264	0.704412
265	0.698476
266	0.692751
267	0.687191
268	0.68158
269	0.676123
270	0.670448
271	0.664352
272	0.658378
273	0.652343
274	0.646484
275	0.641194
276	0.636242
277	0.631484
278	0.62657
279	0.621479
280	0.616677
281	0.611991
282	0.607747
283	0.603424
284	0.599092
285	0.595018
286	0.590775
287	0.586289
288	0.582002
289	0.578103
290	0.57402
291	0.569745
292	0.565034
293	0.56046
294	0.556722
295	0.554036
296	0.551449
297	0.549168
298	0.546494
299	0.543665
300	0.540364
301	0.536882
302	0.532856
303	0.528921
304	0.525244
305	0.522614
306	0.520816
307	0.519495
308	0.518042
309	0.516194
310	0.51383
311	0.5113
312	0.508549
313	0.50567
314	0.502781
315	0.499593
316	0.496622
317	0.494143
318	0.492103
319	0.491804
320	0.493717
321	0.498568
322	0.507843
323	0.522654
324	0.525833
325	0.522317
326	0.519086
327	0.516297
328	0.513734
329	0.51158
330	0.509425
331	0.507207
332	0.504921
333	0.502367
334	0.499708
335	0.496828
336	0.494109
337	0.491452
338	0.489092
339	0.486431
340	0.48347
341	0.480636
342	0.477843
343	0.475071
344	0.472479
345	0.46982
346	0.467493
347	0.46504
348	0.462115
349	0.459288
350	0.4562
351	0.452991
352	0.450023
353	0.447083
354	0.444053
355	0.441169
356	0.438443
357	0.436229
358	0.434613
359	0.433641
360	0.432617
361	0.431411
362	0.430288
363	0.429098
364	0.427818
365	0.426351
366	0.424457
367	0.421932
368	0.419
369	0.416085
370	0.413327
371	0.410522
372	0.407863
373	0.405405
374	0.40338
375	0.401154
376	0.399787
377	0.399387
378	0.400807
379	0.403021
380	0.405386
381	0.407475
382	0.408849
383	0.410122
384	0.412162
385	0.416932
386	0.42479
387	0.429678
388	0.427332
389	0.424986
390	0.422698
391	0.419692
392	0.416827
393	0.414031
394	0.411688
395	0.409438
396	0.407162
397	0.404167
398	0.400936
399	0.397207
400	0.393358
401	0.390117
402	0.387381
403	0.385012
404	0.38304
405	0.381134
406	0.378951
407	0.376692
408	0.374272
409	0.371953
410	0.369408
411	0.36723
412	0.364901
413	0.362604
414	0.360406
415	0.358254
416	0.355782
417	0.353482
418	0.351316
419	0.348867
420	0.346268
421	0.343831
422	0.341461
423	0.338733
424	0.335918
425	0.333086
426	0.33032
427	0.327488
428	0.324802
429	0.322296
430	0.320583
431	0.319515
432	0.318857
433	0.318562
434	0.317763
435	0.316686
436	0.315496
437	0.314592
438	0.316303
439	0.323005
440	0.334994
441	0.335475
442	0.333682
443	0.331416
444	0.32897
445	0.326598
446	0.32412
447	0.322014
448	0.319896
449	0.318105
450	0.316167
451	0.314295
452	0.312861
453	0.312318
454	0.313005
455	0.313969
456	0.314795
457	0.316083
458	0.317619
459	0.31946
460	0.320987
461	0.322275
462	0.323053
463	0.324522
464	0.327533
465	0.332579
466	0.33991
467	0.348039
468	0.34587
469	0.343209
470	0.34031
471	0.337881
472	0.335968
473	0.334195
474	0.332972
475	0.331478
476	0.329822
477	0.328436
478	0.327074
479	0.325384
480	0.323637
481	0.321693
482	0.319573
483	0.317892
484	0.315808
485	0.313778
486	0.311928
487	0.310283
488	0.308878
489	0.307787
490	0.306858
491	0.305937
492	0.304831
493	0.303318
494	0.302047
495	0.300692
496	0.299613
497	0.298519
498	0.297143
499	0.295891
500	0.295766
501	0.298004
502	0.302815
503	0.309771
504	0.317782
505	0.317337
506	0.316037
507	0.314881
508	0.314158
509	0.313663
510	0.313026
511	0.312571
512	0.312117
513	0.31171
514	0.311602
515	0.311157
516	0.310511
517	0.309522
518	0.308297
519	0.30726
520	0.30613
521	0.304898
522	0.303519
523	0.301973
524	0.300644
525	0.299074
526	0.297516
527	0.295936
528	0.294433
529	0.292767
530	0.291446
531	0.290489
532	0.289541
533	0.288686
534	0.287521
535	0.286618
536	0.285491
537	0.284098
538	0.282248
539	0.280709
540	0.27938
541	0.278076
542	0.276972
543	0.275742
544	0.274849
545	0.273655
546	0.272312
547	0.270855
548	0.269138
549	0.267207
550	0.265756
551	0.264356
552	0.263363
553	0.262331
554	0.261065
555	0.259196
556	0.257659
557	0.25629
558	0.255261
559	0.254868
560	0.255134
561	0.255364
562	0.255529
563	0.255306
564	0.254605
565	0.253904
566	0.253463
567	0.254107
568	0.255481
569	0.257202
570	0.259251
571	0.260921
572	0.261776
573	0.262042
574	0.261309
575	0.260155
576	0.258813
577	0.257321
578	0.25555
579	0.253475
580	0.251199
581	0.249212
582	0.246807
583	0.244643
584	0.242833
585	0.241462
586	0.240227
587	0.239123
588	0.237668
589	0.236342
590	0.235576
591	0.235851
592	0.236335
593	0.236802
594	0.236775
595	0.237209
596	0.240332
597	0.24959
598	0.265251
599	0.266254
600	0.267484
601	0.268092
602	0.26808
603	0.267903
604	0.266955
605	0.266063
606	0.265381
607	0.264222
608	0.263028
609	0.261563
610	0.259978
611	0.258442
612	0.256809
613	0.255019
614	0.253236
615	0.251876
616	0.251043
617	0.251397
618	0.252532
619	0.25409
620	0.255837
621	0.257592
622	0.258253
623	0.258588
624	0.258068
625	0.257338
626	0.256259
627	0.254957
628	0.2536
629	0.251838
630	0.249744
631	0.24734
632	0.245241
633	0.243109
634	0.241273
635	0.239346
636	0.237773
637	0.236883
638	0.236304
639	0.23588
640	0.235677
641	0.235272
642	0.234758
643	0.233941
644	0.233046
645	0.232108
646	0.231378
647	0.230519
648	0.229832
649	0.2292
650	0.228242
651	0.227168
652	0.225456
653	0.223719
654	0.222259
655	0.221047
656	0.220518
657	0.220921
658	0.221691
659	0.223135
660	0.224281
661	0.224999
662	0.225291
663	0.225315
664	0.224918
665	0.224257
666	0.22334
667	0.222165
668	0.22055
669	0.218994
670	0.217388
671	0.215748
672	0.214367
673	0.212878
674	0.211497
675	0.209927
676	0.208268
677	0.206851
678	0.205695
679	0.204506
680	0.20301
681	0.201504
682	0.200353
683	0.199271
684	0.198189
685	0.197361
686	0.196188
687	0.194764
688	0.193491
689	0.192323
690	0.19121
691	0.189829
692	0.188548
693	0.187571
694	0.187074
695	0.186748
696	0.186269
697	0.185195
698	0.184465
699	0.183596
700	0.182835
701	0.182066
702	0.181197
703	0.179864
704	0.178435
705	0.176329
706	0.174082
707	0.172253
708	0.170996
709	0.170226
710	0.169342
711	0.16856
712	0.167851
713	0.166803
714	0.16569
715	0.164771
716	0.163756
717	0.163038
718	0.162257
719	0.161436
720	0.160644
721	0.159816
722	0.159009
723	0.15788
724	0.156774
725	0.155845
726	0.15495
727	0.154134
728	0.152899
729	0.151989
730	0.151032
731	0.150345
732	0.149256
733	0.148157
734	0.147365
735	0.146278
736	0.14506
737	0.144086
738	0.143193
739	0.142276
740	0.141259
741	0.140402
742	0.139272
743	0.138186
744	0.137448
745	0.136661
746	0.135634
747	0.134715
748	0.134057
749	0.133353
750	0.133104
751	0.136101
752	0.144359
753	0.158289
754	0.176463
755	0.184611
756	0.187706
757	0.186552
758	0.18553
759	0.184747
760	0.183845
761	0.183249
762	0.182334
763	0.181114
764	0.179982
765	0.178775
766	0.17765
767	0.176669
768	0.175865
769	0.175364
770	0.175429
771	0.176408
772	0.178158
773	0.180793
774	0.183562
775	0.186047
776	0.187636
777	0.189144
778	0.190082
779	0.19037
780	0.190037
781	0.189448
782	0.188653
783	0.187627
784	0.185822
785	0.184496
786	0.183421
787	0.182368
788	0.181372
789	0.180657
790	0.179848
791	0.179161
792	0.178636
793	0.178387
794	0.178117
795	0.177452
796	0.176669
797	0.176121
798	0.175475
799	0.174448
800	0.173198
801	0.172171
802	0.171255
803	0.170563
804	0.169694
805	0.168646
806	0.167559
807	0.166836
808	0.16641
809	0.16619
810	0.166109
811	0.166118
812	0.16603
813	0.165575
814	0.165218
815	0.164766
816	0.164239
817	0.163234
818	0.162229
819	0.161144
820	0.159993
821	0.158744
822	0.157592
823	0.15653
824	0.155218
825	0.154043
826	0.153081
827	0.152248
828	0.151283
829	0.15033
830	0.149936
831	0.150546
832	0.152281
833	0.15456
834	0.156597
835	0.158339
836	0.159397
837	0.160436
838	0.161429
839	0.161657
840	0.161733
841	0.161776
842	0.161547
843	0.161278
844	0.16085
845	0.160199
846	0.159493
847	0.158763
848	0.157849
849	0.157411
850	0.156858
851	0.15602
852	0.155465
853	0.155216
854	0.154507
855	0.153739
856	0.152939
857	0.152355
858	0.152049
859	0.151422
860	0.150838
861	0.150172
862	0.149811
863	0.149665
864	0.14905
865	0.148296
866	0.147221
867	0.146144
868	0.145036
869	0.144294
870	0.14376
871	0.143748
872	0.14325
873	0.142374
874	0.141441
875	0.140608
876	0.139567
877	0.138492
878	0.138243
879	0.138789
880	0.142614
881	0.153373
882	0.168177
883	0.168794
884	0.169311
885	0.169493
886	0.169041
887	0.168497
888	0.167937
889	0.166671
890	0.165398
891	0.164017
892	0.162724
893	0.161465
894	0.160608
895	0.160051
896	0.159313
897	0.158691
898	0.157868
899	0.157166
900	0.156518
901	0.156008
902	0.15545
903	0.154488
904	0.153356
905	0.152351
906	0.151546
907	0.150926
908	0.150299
909	0.149947
910	0.150271
911	0.150867
912	0.151161
913	0.151838
914	0.152396
915	0.152465
916	0.152013
917	0.151731
918	0.151601
919	0.151944
920	0.152949
921	0.154359
922	0.155606
923	0.156508
924	0.156922
925	0.156594
926	0.156017
927	0.155125
928	0.15416
929	0.15282
930	0.151415
931	0.14962
932	0.147932
933	0.146395
934	0.145409
935	0.144603
936	0.144045
937	0.144148
938	0.144651
939	0.14634
940	0.148875
941	0.151829
942	0.154177
943	0.155821
944	0.15681
945	0.156925
946	0.156582
947	0.156142
948	0.155826
949	0.155443
950	0.155074
951	0.154297
952	0.153179
953	0.152839
954	0.153574
955	0.155307
956	0.157432
957	0.159464
958	0.161295
959	0.162798
960	0.163473
961	0.163466
962	0.163363
963	0.16282
964	0.162066
965	0.16085
966	0.159907
967	0.15893
968	0.157825
969	0.157154
970	0.15613
971	0.154718
972	0.153186
973	0.152013
974	0.150821
975	0.150323
976	0.14983
977	0.149811
978	0.149857
979	0.150003
980	0.150228
981	0.151195
982	0.153514
983	0.156647
984	0.160276
985	0.163636
986	0.166319
987	0.167916
988	0.168914
989	0.168701
990	0.167624
991	0.166326
992	0.164799
993	0.163689
994	0.162262
995	0.160852
996	0.159447
997	0.158279
998	0.157111
999	0.155998
1000	0.154818
1001	0.153729
1002	0.152858
1003	0.1523
1004	0.151764
1005	0.151008
1006	0.150122
1007	0.150493
1008	0.15338
1009	0.160692
1010	0.172404
1011	0.176006
1012	0.175786
1013	0.17518
1014	0.174716
1015	0.174235
1016	0.173823
1017	0.173593
1018	0.173136
1019	0.172746
1020	0.171772
1021	0.170707
1022	0.169814
1023	0.1689
