0	-0.000354339
1	-0.000493164
2	-0.000469229
3	-0.000485983
4	-0.000620021
5	-0.000574544
6	-0.000622415
7	-0.000660711
8	-0.000797143
9	-0.000610447
10	-0.000612841
11	-0.000689434
12	-0.000730124
13	-0.000658318
14	-0.000517099
15	-0.000423751
16	-0.000265778
17	-0.000244236
18	-0.000471622
19	-0.00072055
20	-0.000756453
21	-0.000538641
22	-0.000337584
23	-0.000162856
24	-0.000239449
25	-0.000366306
26	-0.000476409
27	-0.000351945
28	-3.12115e-05
29	0.000102826
30	0.000461857
31	0.00050494
32	0.000313458
33	0.000394838
34	0.000686849
35	0.000744294
36	0.000629404
37	0.00097168
38	0.00123258
39	0.00134028
40	0.00145278
41	0.00129002
42	0.00105785
43	0.00085679
44	0.000665307
45	0.000586321
46	0.000361328
47	0.000246439
48	0.000215323
49	0.000167452
50	0.000327819
51	0.000605469
52	0.000722752
53	0.000672488
54	0.000593501
55	0.000749081
56	0.00108657
57	0.0017041
58	0.00291044
59	0.00621831
60	0.0149236
61	0.0366473
62	0.0883549
63	0.197421
64	0.390587
65	0.671023
66	1.01065
67	1.35963
68	1.66945
69	1.91082
70	2.07574
71	2.17209
72	2.21524
73	2.22246
74	2.20807
75	2.18339
76	2.15532
77	2.12808
78	2.10362
79	2.08239
80	2.06467
81	2.0501
82	2.03812
83	2.0276
84	2.01832
85	2.00947
86	2.00065
87	1.99158
88	1.98219
89	1.97296
90	1.9647
91	1.95711
92	1.94916
93	1.94071
94	1.93182
95	1.92266
96	1.91328
97	1.90353
98	1.89308
99	1.88211
100	1.87063
101	1.85939
102	1.84831
103	1.83726
104	1.8261
105	1.81521
106	1.80412
107	1.79288
108	1.78176
109	1.77036
110	1.75865
111	1.74673
112	1.73442
113	1.72212
114	1.70927
115	1.69585
116	1.68212
117	1.66855
118	1.65497
119	1.64152
120	1.6283
121	1.61532
122	1.60226
123	1.58892
124	1.57599
125	1.56357
126	1.55145
127	1.53961
128	1.52769
129	1.51565
130	1.50345
131	1.4913
132	1.47937
133	1.46753
134	1.45543
135	1.44305
136	1.43059
137	1.41881
138	1.40754
139	1.39617
140	1.38509
141	1.37401
142	1.36238
143	1.3504
144	1.33837
145	1.3262
146	1.3141
147	1.30238
148	1.29094
149	1.28003
150	1.26947
151	1.25892
152	1.24808
153	1.23728
154	1.22623
155	1.21534
156	1.20438
157	1.19323
158	1.18196
159	1.17043
160	1.15891
161	1.14751
162	1.13665
163	1.12629
164	1.11616
165	1.10624
166	1.0962
167	1.08618
168	1.07649
169	1.06749
170	1.05848
171	1.04883
172	1.03881
173	1.02853
174	1.01816
175	1.00784
176	0.997266
177	0.986936
178	0.977489
179	0.968573
180	0.959853
181	0.951069
182	0.942481
183	0.934156
184	0.92569
185	0.917085
186	0.90832
187	0.899687
188	0.891575
189	0.883796
190	0.876134
191	0.868829
192	0.861967
193	0.85588
194	0.850581
195	0.846024
196	0.841431
197	0.836995
198	0.832517
199	0.827409
200	0.821763
201	0.815039
202	0.807655
203	0.799893
204	0.792078
205	0.784192
206	0.776369
207	0.768744
208	0.761819
209	0.755199
210	0.748554
211	0.741544
212	0.734609
213	0.727848
214	0.721041
215	0.714614
216	0.708405
217	0.702531
218	0.697117
219	0.691696
220	0.686021
221	0.680444
222	0.674874
223	0.669232
224	0.66349
225	0.657992
226	0.652578
227	0.64766
228	0.643392
229	0.639572
230	0.636111
231	0.632784
232	0.629217
233	0.625438
234	0.620964
235	0.615665
236	0.610272
237	0.60481
238	0.599219
239	0.593523
240	0.588123
241	0.583053
242	0.578051
243	0.573008
244	0.568208
245	0.563754
246	0.559376
247	0.554685
248	0.550042
249	0.544874
250	0.539694
251	0.534567
252	0.529586
253	0.524852
254	0.520426
255	0.516819
256	0.513243
257	0.50962
258	0.506008
259	0.502341
260	0.498662
261	0.494643
262	0.490404
263	0.48618
264	0.481931
265	0.477383
266	0.472742
267	0.46813
268	0.4634
269	0.459013
270	0.454903
271	0.450765
272	0.44649
273	0.442129
274	0.437926
275	0.433773
276	0.430056
277	0.426715
278	0.423388
279	0.419907
280	0.416171
281	0.412849
282	0.409352
283	0.405924
284	0.402511
285	0.399299
286	0.396058
287	0.392798
288	0.38966
289	0.386367
290	0.382788
291	0.379165
292	0.375505
293	0.372008
294	0.36865
295	0.365282
296	0.362108
297	0.359037
298	0.356141
299	0.353099
300	0.349987
301	0.347024
302	0.344446
303	0.343001
304	0.343034
305	0.344197
306	0.34572
307	0.346974
308	0.346885
309	0.345107
310	0.3425
311	0.339757
312	0.336732
313	0.333338
314	0.3298
315	0.326165
316	0.322756
317	0.319544
318	0.316344
319	0.313656
320	0.312734
321	0.313374
322	0.315422
323	0.317703
324	0.319681
325	0.320688
326	0.320042
327	0.318546
328	0.316701
329	0.314958
330	0.313266
331	0.31125
332	0.309005
333	0.306846
334	0.304467
335	0.302478
336	0.300542
337	0.298816
338	0.297078
339	0.295929
340	0.295185
341	0.294247
342	0.293084
343	0.291324
344	0.289132
345	0.287023
346	0.284902
347	0.282866
348	0.28092
349	0.27894
350	0.276834
351	0.27461
352	0.272892
353	0.271214
354	0.269464
355	0.267635
356	0.265565
357	0.263511
358	0.261769
359	0.260101
360	0.258449
361	0.256924
362	0.255589
363	0.254213
364	0.252468
365	0.250613
366	0.248739
367	0.246685
368	0.245079
369	0.243463
370	0.241591
371	0.239648
372	0.237834
373	0.235955
374	0.234621
375	0.232908
376	0.231512
377	0.230263
378	0.229092
379	0.227939
380	0.226732
381	0.226206
382	0.22892
383	0.235926
384	0.245653
385	0.253212
386	0.251192
387	0.249332
388	0.247822
389	0.245852
390	0.243889
391	0.241998
392	0.240301
393	0.238738
394	0.23724
395	0.235699
396	0.233954
397	0.232199
398	0.230382
399	0.228966
400	0.227424
401	0.226134
402	0.225052
403	0.224159
404	0.223207
405	0.222077
406	0.221108
407	0.219978
408	0.218578
409	0.217163
410	0.215746
411	0.21425
412	0.212716
413	0.210995
414	0.209307
415	0.207797
416	0.206275
417	0.204638
418	0.203139
419	0.201617
420	0.200494
421	0.199563
422	0.198998
423	0.198364
424	0.197656
425	0.196906
426	0.196315
427	0.196191
428	0.197177
429	0.199539
430	0.202483
431	0.205296
432	0.20706
433	0.206878
434	0.206033
435	0.204764
436	0.203407
437	0.202069
438	0.200672
439	0.198994
440	0.197675
441	0.197053
442	0.197143
443	0.198015
444	0.198998
445	0.200157
446	0.201279
447	0.201864
448	0.201552
449	0.200942
450	0.200032
451	0.198771
452	0.197754
453	0.197385
454	0.197866
455	0.199051
456	0.200832
457	0.201983
458	0.202924
459	0.203462
460	0.203582
461	0.203283
462	0.202388
463	0.201251
464	0.199884
465	0.198745
466	0.197696
467	0.196447
468	0.195805
469	0.195652
470	0.196124
471	0.196581
472	0.196543
473	0.195966
474	0.195219
475	0.19429
476	0.193378
477	0.192481
478	0.191655
479	0.19087
480	0.189881
481	0.188912
482	0.187852
483	0.186677
484	0.185628
485	0.185111
486	0.184582
487	0.183979
488	0.183438
489	0.18295
490	0.182136
491	0.181167
492	0.180111
493	0.179127
494	0.178416
495	0.17744
496	0.17615
497	0.174824
498	0.173862
499	0.174163
500	0.176693
501	0.181461
502	0.187392
503	0.193139
504	0.197287
505	0.199951
506	0.20127
507	0.200516
508	0.199642
509	0.198783
510	0.197438
511	0.195841
512	0.194444
513	0.193106
514	0.191732
515	0.190375
516	0.1894
517	0.188582
518	0.187658
519	0.186617
520	0.185511
521	0.184676
522	0.183754
523	0.182856
524	0.181877
525	0.180848
526	0.179501
527	0.178534
528	0.177378
529	0.176152
530	0.174759
531	0.173546
532	0.172428
533	0.171233
534	0.170403
535	0.169355
536	0.168208
537	0.166851
538	0.165573
539	0.164572
540	0.163617
541	0.162827
542	0.162143
543	0.161341
544	0.161025
545	0.160781
546	0.160568
547	0.159998
548	0.159213
549	0.158222
550	0.157246
551	0.156508
552	0.155642
553	0.154579
554	0.153801
555	0.153074
556	0.152554
557	0.151872
558	0.15118
559	0.150151
560	0.149371
561	0.148782
562	0.148248
563	0.14776
564	0.147435
565	0.147075
566	0.146999
567	0.147174
568	0.14715
569	0.147202
570	0.147401
571	0.147303
572	0.146788
573	0.146063
574	0.145407
575	0.145015
576	0.144567
577	0.144261
578	0.143533
579	0.14298
580	0.142202
581	0.141676
582	0.140764
583	0.139919
584	0.139265
585	0.138674
586	0.138346
587	0.138047
588	0.137609
589	0.137035
590	0.136805
591	0.136482
592	0.136041
593	0.135649
594	0.135254
595	0.135172
596	0.135589
597	0.137463
598	0.141202
599	0.146618
600	0.152633
601	0.15815
602	0.161829
603	0.163682
604	0.163991
605	0.163395
606	0.162349
607	0.160841
608	0.159424
609	0.158301
610	0.157535
611	0.1567
612	0.155915
613	0.155084
614	0.154206
615	0.153196
616	0.152363
617	0.151247
618	0.150359
619	0.149567
620	0.148887
621	0.148229
622	0.1477
623	0.147152
624	0.146367
625	0.145462
626	0.144306
627	0.143332
628	0.142394
629	0.141156
630	0.139998
631	0.13899
632	0.13816
633	0.137465
634	0.136831
635	0.136053
636	0.135168
637	0.134026
638	0.132961
639	0.132157
640	0.131371
641	0.130723
642	0.129959
643	0.128909
644	0.127891
645	0.127152
646	0.126876
647	0.126599
648	0.126525
649	0.126094
650	0.12538
651	0.124782
652	0.123901
653	0.122999
654	0.122477
655	0.121929
656	0.121587
657	0.121443
658	0.121687
659	0.121965
660	0.122065
661	0.121608
662	0.121175
663	0.120617
664	0.119988
665	0.119428
666	0.118667
667	0.117585
668	0.116362
669	0.115313
670	0.114265
671	0.113453
672	0.112575
673	0.111381
674	0.110373
675	0.109449
676	0.108626
677	0.108006
678	0.107072
679	0.106354
680	0.105629
681	0.104892
682	0.104274
683	0.103669
684	0.103111
685	0.102429
686	0.101742
687	0.100811
688	0.100028
689	0.0994202
690	0.0990683
691	0.0989846
692	0.0985753
693	0.0981827
694	0.0975365
695	0.0965336
696	0.0958706
697	0.0952459
698	0.0943746
699	0.0935082
700	0.0927255
701	0.0918542
702	0.0913085
703	0.0906814
704	0.0897814
705	0.0890155
706	0.0881706
707	0.0877924
708	0.0871198
709	0.0865932
710	0.0860331
711	0.0854036
712	0.0848842
713	0.0843457
714	0.0838
715	0.0830699
716	0.0825434
717	0.0819091
718	0.0811455
719	0.0802336
720	0.0791254
721	0.0782565
722	0.0775911
723	0.0770239
724	0.0762316
725	0.0756428
726	0.0751234
727	0.0747907
728	0.0744939
729	0.0739147
730	0.0732373
731	0.072536
732	0.0721841
733	0.0716528
734	0.0710089
735	0.0705565
736	0.0701137
737	0.0696542
738	0.0693526
739	0.068826
740	0.0682899
741	0.0675981
742	0.067074
743	0.0666096
744	0.0661764
745	0.0655588
746	0.0652453
747	0.0649102
748	0.0646421
749	0.0642089
750	0.0640246
751	0.0641275
752	0.0648097
753	0.067196
754	0.0719831
755	0.0785557
756	0.0856885
757	0.0920601
758	0.0965934
759	0.0996595
760	0.101412
761	0.101649
762	0.100806
763	0.0995255
764	0.0978429
765	0.0959448
766	0.0939366
767	0.0923808
768	0.0910979
769	0.0901045
770	0.0894655
771	0.089499
772	0.0901931
773	0.0911386
774	0.0922587
775	0.0929648
776	0.0933789
777	0.0933717
778	0.0931802
779	0.0925819
780	0.0918901
781	0.0911625
782	0.0907053
783	0.0898556
784	0.0889604
785	0.0881371
786	0.0873975
787	0.0867943
788	0.0863587
789	0.0858943
790	0.0856741
791	0.0852935
792	0.0851739
793	0.0849656
794	0.0846473
795	0.0840274
796	0.0835319
797	0.0830723
798	0.082474
799	0.0818564
800	0.0814136
801	0.0810546
802	0.080473
803	0.0798243
804	0.0792499
805	0.0789579
806	0.0787065
807	0.0782805
808	0.077931
809	0.0779095
810	0.0778592
811	0.0774787
812	0.0771962
813	0.0769497
814	0.0768444
815	0.0766289
816	0.0767893
817	0.0766266
818	0.0762603
819	0.0757074
820	0.0749583
821	0.0742546
822	0.0734384
823	0.072749
824	0.0721243
825	0.071289
826	0.070444
827	0.0700156
828	0.0696446
829	0.0689768
830	0.0679045
831	0.0675551
832	0.0674545
833	0.0672463
834	0.0668777
835	0.0667077
836	0.0666766
837	0.0665617
838	0.0664947
839	0.066375
840	0.0662913
841	0.0659131
842	0.0655804
843	0.0655636
844	0.0654248
845	0.0650299
846	0.0645416
847	0.064094
848	0.063486
849	0.0628159
850	0.0625262
851	0.0620499
852	0.0615712
853	0.0612936
854	0.0608843
855	0.0602237
856	0.0597306
857	0.0592351
858	0.0588857
859	0.0586391
860	0.0582442
861	0.0578301
862	0.0573083
863	0.0566429
864	0.0562959
865	0.0558698
866	0.0558363
867	0.0558267
868	0.0558794
869	0.0559799
870	0.0558794
871	0.0557094
872	0.0554126
873	0.0549627
874	0.0544744
875	0.0539957
876	0.0536893
877	0.0532178
878	0.053134
879	0.0536247
880	0.0538808
881	0.0542805
882	0.0553432
883	0.057507
884	0.0611906
885	0.0656689
886	0.0702526
887	0.0740942
888	0.076447
889	0.0775409
890	0.0780651
891	0.077955
892	0.0773662
893	0.0764063
894	0.0752215
895	0.0737017
896	0.0724522
897	0.0713727
898	0.0702478
899	0.069185
900	0.0685292
901	0.0681798
902	0.0680026
903	0.0677992
904	0.0674043
905	0.0672295
906	0.0669375
907	0.0665402
908	0.0661883
909	0.0659753
910	0.0657551
911	0.06542
912	0.0648192
913	0.0640916
914	0.0635698
915	0.0632251
916	0.0631366
917	0.0625047
918	0.0620044
919	0.0616574
920	0.0615186
921	0.0614683
922	0.0615856
923	0.0618752
924	0.0619231
925	0.061868
926	0.0619566
927	0.0618441
928	0.0613725
929	0.0614683
930	0.0614013
931	0.0612696
932	0.06115
933	0.0608962
934	0.060755
935	0.0605468
936	0.0602021
937	0.0601016
938	0.0599819
939	0.0597402
940	0.0599197
941	0.0600681
942	0.0602284
943	0.0605994
944	0.0605252
945	0.0603481
946	0.0599939
947	0.0599819
948	0.059958
949	0.0602763
950	0.0613989
951	0.0630289
952	0.0649461
953	0.0666886
954	0.0679404
955	0.0686609
956	0.0690654
957	0.0691563
958	0.0689792
959	0.0686585
960	0.0680433
961	0.0671984
962	0.0667245
963	0.066332
964	0.0659155
965	0.0655062
966	0.0654583
967	0.0654416
968	0.0651591
969	0.0648216
970	0.0646565
971	0.0645536
972	0.0644746
973	0.0642879
974	0.063948
975	0.0638163
976	0.0638331
977	0.0642137
978	0.0654535
979	0.068175
980	0.0721865
981	0.077122
982	0.0814782
983	0.0842165
984	0.0855449
985	0.0860403
986	0.0859948
987	0.085564
988	0.0848699
989	0.0838
990	0.0825721
991	0.0812916
992	0.080327
993	0.0792164
994	0.0785486
995	0.077718
996	0.077359
997	0.0771507
998	0.0766481
999	0.0761191
1000	0.075954
1001	0.0759564
1002	0.075954
1003	0.0757601
1004	0.0756428
1005	0.0756332
1006	0.0756452
1007	0.0753556
1008	0.0754346
1009	0.0761981
1010	0.0778832
1011	0.0800182
1012	0.0823806
1013	0.0847765
1014	0.0866387
1015	0.0873855
1016	0.0876608
1017	0.0877014
1018	0.0872203
1019	0.0864041
1020	0.0854683
1021	0.0844103
1022	0.0836372
1023	0.0830891
