0	-0.000614659
1	-0.000629021
2	-0.00058115
3	-0.000550034
4	-0.000375306
5	-0.000219726
6	-0.000277171
7	-0.000760665
8	-0.00138538
9	-0.00160798
10	-0.00157207
11	-0.00145
12	-0.00134708
13	-0.00107422
14	-0.000822897
15	-0.000528492
16	-4.97851e-05
17	0.000146485
18	0.000584502
19	0.000981829
20	0.000850184
21	0.00100816
22	0.000965074
23	0.000843004
24	0.000570141
25	0.000524663
26	0.000543812
27	0.000302065
28	-0.000212545
29	-0.000451899
30	-0.000337009
31	-0.000193397
32	-4.02109e-05
33	2.68081e-05
34	0.000503122
35	0.000740082
36	0.000969861
37	0.000986616
38	0.000737688
39	0.000656308
40	0.000512696
41	0.000646734
42	0.000716146
43	0.000395413
44	2.87271e-06
45	-0.000327435
46	-0.000305893
47	0.000213504
48	0.000656308
49	0.000629979
50	0.000560566
51	0.0008813
52	0.00119725
53	0.0011039
54	0.00100098
55	0.000785559
56	0.00083343
57	0.00119007
58	0.00278177
59	0.00744916
60	0.0216883
61	0.060004
62	0.150484
63	0.328389
64	0.615752
65	1.00224
66	1.44693
67	1.89665
68	2.30513
69	2.64345
70	2.89998
71	3.07623
72	3.18212
73	3.23132
74	3.23815
75	3.21673
76	3.17864
77	3.13196
78	3.08274
79	3.03542
80	2.99212
81	2.95401
82	2.9218
83	2.89412
84	2.87029
85	2.84936
86	2.83065
87	2.81361
88	2.7973
89	2.78188
90	2.77238
91	2.77414
92	2.77917
93	2.77555
94	2.76209
95	2.74428
96	2.7266
97	2.70991
98	2.69343
99	2.67659
100	2.6598
101	2.64382
102	2.62825
103	2.61304
104	2.59709
105	2.58035
106	2.56221
107	2.54441
108	2.52617
109	2.50752
110	2.4883
111	2.46865
112	2.44899
113	2.42959
114	2.41223
115	2.39836
116	2.38654
117	2.3728
118	2.35655
119	2.33938
120	2.32168
121	2.3037
122	2.28576
123	2.26793
124	2.2508
125	2.23433
126	2.21809
127	2.2012
128	2.18374
129	2.1656
130	2.1471
131	2.1286
132	2.11043
133	2.09223
134	2.07403
135	2.05531
136	2.03622
137	2.0174
138	1.99894
139	1.98153
140	1.96634
141	1.95196
142	1.93661
143	1.91956
144	1.90241
145	1.88653
146	1.87178
147	1.85744
148	1.84307
149	1.82858
150	1.814
151	1.79947
152	1.78466
153	1.76928
154	1.75375
155	1.73812
156	1.72236
157	1.70695
158	1.69104
159	1.6752
160	1.65962
161	1.64459
162	1.62982
163	1.61477
164	1.60029
165	1.58695
166	1.57407
167	1.56051
168	1.5458
169	1.53109
170	1.51653
171	1.50265
172	1.48957
173	1.47675
174	1.46359
175	1.45069
176	1.43805
177	1.42585
178	1.41399
179	1.40122
180	1.38843
181	1.37563
182	1.36375
183	1.35221
184	1.3414
185	1.33139
186	1.32177
187	1.3123
188	1.30209
189	1.29212
190	1.28413
191	1.28034
192	1.28146
193	1.27152
194	1.26069
195	1.24966
196	1.24024
197	1.23557
198	1.22599
199	1.21514
200	1.2038
201	1.1928
202	1.18239
203	1.17265
204	1.16295
205	1.1527
206	1.14247
207	1.13305
208	1.12384
209	1.11433
210	1.10474
211	1.09523
212	1.08575
213	1.07634
214	1.06763
215	1.05938
216	1.05121
217	1.04357
218	1.03593
219	1.02771
220	1.01919
221	1.01104
222	1.00378
223	0.99675
224	0.989002
225	0.980926
226	0.973313
227	0.966481
228	0.960617
229	0.955129
230	0.949944
231	0.945105
232	0.941155
233	0.937666
234	0.9342
235	0.930571
236	0.926313
237	0.920997
238	0.915506
239	0.909836
240	0.904276
241	0.898194
242	0.891592
243	0.885008
244	0.878617
245	0.87226
246	0.866271
247	0.860429
248	0.854126
249	0.846711
250	0.839141
251	0.831689
252	0.824411
253	0.817254
254	0.810535
255	0.803766
256	0.796737
257	0.79013
258	0.783354
259	0.776332
260	0.769639
261	0.763024
262	0.756669
263	0.750951
264	0.745948
265	0.74112
266	0.73624
267	0.731127
268	0.726352
269	0.721467
270	0.716551
271	0.711524
272	0.706531
273	0.701165
274	0.695476
275	0.689748
276	0.684176
277	0.678831
278	0.673561
279	0.667823
280	0.661574
281	0.655224
282	0.64907
283	0.643395
284	0.638184
285	0.633232
286	0.628198
287	0.623464
288	0.618411
289	0.613792
290	0.609091
291	0.604256
292	0.599505
293	0.595031
294	0.590725
295	0.586991
296	0.584112
297	0.582142
298	0.580428
299	0.578092
300	0.575289
301	0.571845
302	0.568111
303	0.56425
304	0.560643
305	0.557385
306	0.554485
307	0.552158
308	0.55031
309	0.548632
310	0.546543
311	0.544106
312	0.541437
313	0.538424
314	0.535291
315	0.532158
316	0.528838
317	0.527095
318	0.527497
319	0.530262
320	0.534996
321	0.539633
322	0.543716
323	0.554552
324	0.551031
325	0.548343
326	0.545861
327	0.543276
328	0.541258
329	0.539202
330	0.536614
331	0.533577
332	0.530513
333	0.527739
334	0.52473
335	0.52164
336	0.518921
337	0.516262
338	0.513644
339	0.511497
340	0.508967
341	0.50642
342	0.503567
343	0.500585
344	0.498038
345	0.495699
346	0.493334
347	0.490769
348	0.488322
349	0.486116
350	0.484301
351	0.482243
352	0.480206
353	0.47775
354	0.475486
355	0.473308
356	0.471398
357	0.470033
358	0.469174
359	0.468391
360	0.46752
361	0.466761
362	0.465522
363	0.463913
364	0.461938
365	0.459073
366	0.455895
367	0.45275
368	0.450239
369	0.448085
370	0.445981
371	0.443125
372	0.439884
373	0.436687
374	0.433494
375	0.430973
376	0.428936
377	0.428293
378	0.428936
379	0.430645
380	0.432632
381	0.434473
382	0.435866
383	0.435138
384	0.4369
385	0.442572
386	0.451725
387	0.448752
388	0.445603
389	0.442747
390	0.440399
391	0.438039
392	0.435727
393	0.432716
394	0.430155
395	0.428343
396	0.426627
397	0.424293
398	0.421275
399	0.417929
400	0.415011
401	0.412653
402	0.410195
403	0.407234
404	0.404099
405	0.401042
406	0.398292
407	0.396234
408	0.393967
409	0.391595
410	0.389307
411	0.386576
412	0.384129
413	0.381525
414	0.378574
415	0.375857
416	0.373957
417	0.371997
418	0.369996
419	0.367877
420	0.365654
421	0.363667
422	0.361171
423	0.358916
424	0.357068
425	0.355002
426	0.352848
427	0.350613
428	0.348404
429	0.346204
430	0.344315
431	0.343353
432	0.342654
433	0.341939
434	0.340905
435	0.339231
436	0.337321
437	0.336718
438	0.339306
439	0.347259
440	0.356702
441	0.354935
442	0.35263
443	0.350316
444	0.34781
445	0.34539
446	0.343281
447	0.341139
448	0.338705
449	0.336292
450	0.334495
451	0.332709
452	0.330947
453	0.329073
454	0.32707
455	0.325789
456	0.325603
457	0.326235
458	0.327613
459	0.329456
460	0.331302
461	0.333037
462	0.334507
463	0.33623
464	0.339796
465	0.346446
466	0.355496
467	0.358083
468	0.356479
469	0.35518
470	0.353416
471	0.351328
472	0.348885
473	0.346987
474	0.34572
475	0.344706
476	0.343226
477	0.341455
478	0.339808
479	0.337872
480	0.336472
481	0.33545
482	0.334071
483	0.332633
484	0.330962
485	0.329679
486	0.328183
487	0.326323
488	0.32432
489	0.322515
490	0.321364
491	0.32037
492	0.319183
493	0.317661
494	0.316373
495	0.315392
496	0.314303
497	0.313044
498	0.311672
499	0.310394
500	0.309418
501	0.309051
502	0.309726
503	0.312754
504	0.318398
505	0.325962
506	0.330198
507	0.328815
508	0.327465
509	0.326563
510	0.325832
511	0.324844
512	0.323884
513	0.322757
514	0.321503
515	0.320794
516	0.320323
517	0.319705
518	0.319301
519	0.318532
520	0.317438
521	0.316321
522	0.315229
523	0.31414
524	0.312721
525	0.311306
526	0.30981
527	0.308372
528	0.306902
529	0.305643
530	0.303848
531	0.302096
532	0.301045
533	0.300334
534	0.299006
535	0.298
536	0.29678
537	0.294985
538	0.293278
539	0.292062
540	0.291236
541	0.289996
542	0.288584
543	0.287584
544	0.287043
545	0.286327
546	0.285415
547	0.284312
548	0.282749
549	0.281444
550	0.280272
551	0.279015
552	0.277627
553	0.276016
554	0.274477
555	0.272579
556	0.270908
557	0.269501
558	0.268201
559	0.266906
560	0.265664
561	0.264747
562	0.264077
563	0.263861
564	0.263871
565	0.264165
566	0.264704
567	0.26541
568	0.266552
569	0.268275
570	0.27035
571	0.271748
572	0.272217
573	0.271964
574	0.27081
575	0.269458
576	0.268179
577	0.266822
578	0.265271
579	0.263455
580	0.261552
581	0.259398
582	0.257923
583	0.256434
584	0.254728
585	0.253122
586	0.251537
587	0.250319
588	0.249594
589	0.249687
590	0.249701
591	0.249644
592	0.249431
593	0.249081
594	0.24906
595	0.249505
596	0.251125
597	0.256128
598	0.267811
599	0.278814
600	0.279877
601	0.280621
602	0.281035
603	0.281073
604	0.280767
605	0.27991
606	0.279075
607	0.278163
608	0.277177
609	0.275808
610	0.274623
611	0.27344
612	0.272189
613	0.270872
614	0.269166
615	0.267165
616	0.265685
617	0.264831
618	0.26451
619	0.264869
620	0.265551
621	0.266731
622	0.267545
623	0.267215
624	0.266262
625	0.265377
626	0.264699
627	0.26362
628	0.262148
629	0.26052
630	0.258076
631	0.255872
632	0.254445
633	0.252909
634	0.251499
635	0.250592
636	0.250036
637	0.249673
638	0.249921
639	0.250192
640	0.250336
641	0.250422
642	0.249905
643	0.248782
644	0.247516
645	0.24669
646	0.246386
647	0.245898
648	0.245517
649	0.244524
650	0.243524
651	0.242542
652	0.24153
653	0.240685
654	0.239751
655	0.239555
656	0.240546
657	0.242243
658	0.243452
659	0.243892
660	0.243916
661	0.243265
662	0.242128
663	0.240553
664	0.23878
665	0.236592
666	0.234703
667	0.232899
668	0.230821
669	0.228921
670	0.227429
671	0.22624
672	0.2246
673	0.22303
674	0.221745
675	0.220756
676	0.219629
677	0.2183
678	0.217008
679	0.215347
680	0.213497
681	0.21197
682	0.211024
683	0.209959
684	0.20915
685	0.208166
686	0.206931
687	0.205579
688	0.204844
689	0.203731
690	0.202362
691	0.201115
692	0.199952
693	0.199004
694	0.197841
695	0.196768
696	0.196376
697	0.196175
698	0.196139
699	0.195854
700	0.19526
701	0.19415
702	0.193171
703	0.192158
704	0.191041
705	0.18936
706	0.187876
707	0.18666
708	0.185641
709	0.184559
710	0.182977
711	0.181605
712	0.180684
713	0.179937
714	0.178802
715	0.177582
716	0.176641
717	0.175581
718	0.174741
719	0.173869
720	0.17283
721	0.172019
722	0.170911
723	0.169898
724	0.168632
725	0.167218
726	0.165868
727	0.164956
728	0.16446
729	0.163366
730	0.161856
731	0.160391
732	0.159642
733	0.159001
734	0.158089
735	0.157268
736	0.15677
737	0.156447
738	0.155944
739	0.155272
740	0.154355
741	0.152792
742	0.151564
743	0.150829
744	0.150092
745	0.149048
746	0.147732
747	0.14636
748	0.145336
749	0.145144
750	0.145719
751	0.149582
752	0.158965
753	0.174891
754	0.188578
755	0.193515
756	0.19262
757	0.192314
758	0.191474
759	0.190222
760	0.188848
761	0.187769
762	0.186768
763	0.185791
764	0.185023
765	0.183953
766	0.182661
767	0.181835
768	0.181205
769	0.1807
770	0.180423
771	0.180583
772	0.181067
773	0.182587
774	0.185071
775	0.187704
776	0.189588
777	0.190653
778	0.191522
779	0.192335
780	0.19251
781	0.192393
782	0.192125
783	0.191251
784	0.19027
785	0.189231
786	0.188393
787	0.187424
788	0.186517
789	0.18531
790	0.184161
791	0.183171
792	0.182132
793	0.181217
794	0.180643
795	0.179786
796	0.179267
797	0.178613
798	0.178044
799	0.177945
800	0.177941
801	0.177807
802	0.177718
803	0.177574
804	0.176885
805	0.176308
806	0.175937
807	0.175789
808	0.175392
809	0.174753
810	0.174202
811	0.173869
812	0.173853
813	0.174044
814	0.174032
815	0.173965
816	0.174245
817	0.174307
818	0.174101
819	0.173266
820	0.172577
821	0.172069
822	0.171284
823	0.170202
824	0.168888
825	0.167507
826	0.16655
827	0.16677
828	0.167629
829	0.168948
830	0.170391
831	0.172041
832	0.173886
833	0.175176
834	0.175734
835	0.175449
836	0.174846
837	0.174202
838	0.173431
839	0.172943
840	0.172589
841	0.172606
842	0.17257
843	0.17239
844	0.171739
845	0.171265
846	0.17116
847	0.170741
848	0.170509
849	0.170116
850	0.169549
851	0.168498
852	0.167081
853	0.165963
854	0.16481
855	0.163536
856	0.162581
857	0.161607
858	0.160767
859	0.159501
860	0.158096
861	0.156976
862	0.156081
863	0.155714
864	0.155396
865	0.154956
866	0.15453
867	0.154467
868	0.154764
869	0.154879
870	0.154869
871	0.154312
872	0.153376
873	0.152574
874	0.152119
875	0.151487
876	0.150764
877	0.149778
878	0.148914
879	0.149271
880	0.154142
881	0.166705
882	0.174733
883	0.175863
884	0.177062
885	0.177981
886	0.178393
887	0.17875
888	0.178956
889	0.178333
890	0.177637
891	0.177072
892	0.176232
893	0.175095
894	0.174221
895	0.173709
896	0.1733
897	0.172761
898	0.171945
899	0.170992
900	0.170104
901	0.169401
902	0.168759
903	0.16824
904	0.167534
905	0.166502
906	0.165116
907	0.163807
908	0.162567
909	0.161543
910	0.161184
911	0.161255
912	0.161437
913	0.161255
914	0.160796
915	0.16036
916	0.160097
917	0.160104
918	0.160652
919	0.161863
920	0.163182
921	0.164068
922	0.164262
923	0.164298
924	0.163953
925	0.163438
926	0.162869
927	0.161897
928	0.160676
929	0.159175
930	0.15755
931	0.156207
932	0.155224
933	0.154518
934	0.153438
935	0.152557
936	0.152579
937	0.153412
938	0.155097
939	0.157744
940	0.160738
941	0.163273
942	0.165111
943	0.166445
944	0.166981
945	0.166921
946	0.166555
947	0.165913
948	0.165372
949	0.164444
950	0.163721
951	0.162727
952	0.162237
953	0.162737
954	0.16425
955	0.166181
956	0.168189
957	0.17037
958	0.171473
959	0.171753
960	0.171684
961	0.171773
962	0.171631
963	0.170858
964	0.170023
965	0.169293
966	0.168759
967	0.167739
968	0.166495
969	0.164858
970	0.163888
971	0.162691
972	0.161648
973	0.160961
974	0.160173
975	0.159573
976	0.159242
977	0.159446
978	0.159745
979	0.159929
980	0.160212
981	0.161473
982	0.164075
983	0.167424
984	0.171059
985	0.174518
986	0.177182
987	0.179195
988	0.180097
989	0.179523
990	0.178017
991	0.176246
992	0.174403
993	0.17257
994	0.170547
995	0.168575
996	0.166638
997	0.164891
998	0.16317
999	0.161641
1000	0.160324
1001	0.159513
1002	0.159266
1003	0.158845
1004	0.15812
1005	0.157304
1006	0.15666
1007	0.156387
1008	0.157098
1009	0.16155
1010	0.170341
1011	0.179777
1012	0.178422
1013	0.177383
1014	0.176923
1015	0.17666
1016	0.176301
1017	0.176059
1018	0.17588
1019	0.175779
1020	0.175368
1021	0.174508
1022	0.173295
1023	0.172132
