0	-0.000494361
1	-0.000503935
2	-0.000453671
3	-0.000448883
4	-0.000618824
5	-0.000664302
6	-0.000719353
7	-0.000599676
8	-0.000913229
9	-0.00121242
10	-0.00127226
11	-0.00148768
12	-0.00125311
13	-0.000707385
14	-0.000393832
15	-0.000393832
16	-0.000733714
17	-0.000704992
18	-0.000314845
19	0.000120778
20	0.000424757
21	0.00046066
22	0.000293113
23	0.000599485
24	0.000668898
25	0.000431938
26	0.000144713
27	-4.67695e-05
28	0.000247635
29	0.000348164
30	0.000238061
31	0.000546827
32	0.00125771
33	0.00147073
34	0.00111649
35	0.000750278
36	0.000601879
37	0.000577943
38	0.000846019
39	0.000855593
40	0.000781394
41	0.000585124
42	0.000300293
43	0.000180616
44	0.000235668
45	0.000113597
46	-8.0279e-05
47	0.000106417
48	-5.63436e-05
49	-0.000231072
50	-0.000226285
51	-7.54919e-05
52	-0.000137724
53	-0.000154479
54	-0.000159266
55	8.24814e-05
56	0.000489382
57	0.000587517
58	0.000908251
59	0.00258851
60	0.00908218
61	0.0363182
62	0.130332
63	0.373263
64	0.841879
65	1.54013
66	2.37154
67	3.20624
68	3.9505
69	4.55126
70	4.98337
71	5.24935
72	5.37508
73	5.39899
74	5.35864
75	5.28382
76	5.19519
77	5.10613
78	5.02472
79	4.95534
80	4.89942
81	4.8563
82	4.8242
83	4.79969
84	4.78063
85	4.76586
86	4.75357
87	4.74267
88	4.73157
89	4.71953
90	4.70593
91	4.69086
92	4.67445
93	4.65732
94	4.6395
95	4.62074
96	4.60132
97	4.58152
98	4.56154
99	4.54079
100	4.51914
101	4.49785
102	4.47745
103	4.45731
104	4.43694
105	4.41646
106	4.39577
107	4.37422
108	4.3516
109	4.32722
110	4.3017
111	4.2756
112	4.24896
113	4.22224
114	4.19633
115	4.17013
116	4.1438
117	4.11816
118	4.09333
119	4.06869
120	4.04436
121	4.01964
122	3.99435
123	3.96802
124	3.94085
125	3.91405
126	3.88787
127	3.86088
128	3.83258
129	3.80309
130	3.77234
131	3.74108
132	3.71035
133	3.68069
134	3.65167
135	3.62276
136	3.59361
137	3.56539
138	3.53901
139	3.51397
140	3.48904
141	3.46334
142	3.43652
143	3.40986
144	3.38328
145	3.35727
146	3.33108
147	3.30463
148	3.27816
149	3.25302
150	3.22913
151	3.20472
152	3.17867
153	3.15235
154	3.1271
155	3.10244
156	3.07614
157	3.04807
158	3.01995
159	2.99177
160	2.96373
161	2.93836
162	2.91523
163	2.89251
164	2.86882
165	2.84479
166	2.8201
167	2.79504
168	2.7703
169	2.74674
170	2.72497
171	2.7027
172	2.67889
173	2.65547
174	2.63252
175	2.60946
176	2.58694
177	2.56524
178	2.54468
179	2.52454
180	2.50504
181	2.48764
182	2.47451
183	2.46257
184	2.44074
185	2.41846
186	2.39842
187	2.3796
188	2.35996
189	2.33883
190	2.31831
191	2.29882
192	2.28056
193	2.26505
194	2.25368
195	2.24454
196	2.23006
197	2.21065
198	2.19083
199	2.17285
200	2.15627
201	2.13864
202	2.11982
203	2.10126
204	2.08376
205	2.06632
206	2.0485
207	2.03137
208	2.0148
209	1.99868
210	1.98167
211	1.96373
212	1.9441
213	1.92359
214	1.906
215	1.89085
216	1.87689
217	1.86269
218	1.84814
219	1.8338
220	1.81892
221	1.80299
222	1.78733
223	1.77234
224	1.7566
225	1.74083
226	1.72618
227	1.71227
228	1.69992
229	1.68855
230	1.67747
231	1.66615
232	1.65445
233	1.64149
234	1.62749
235	1.61301
236	1.59789
237	1.58269
238	1.56868
239	1.55496
240	1.5408
241	1.52641
242	1.51214
243	1.49853
244	1.48506
245	1.47169
246	1.45967
247	1.44891
248	1.4385
249	1.42673
250	1.41391
251	1.40114
252	1.38975
253	1.37859
254	1.367
255	1.35475
256	1.34212
257	1.33024
258	1.31822
259	1.30613
260	1.29462
261	1.28324
262	1.27217
263	1.26156
264	1.25134
265	1.24114
266	1.23087
267	1.22033
268	1.20936
269	1.19849
270	1.18789
271	1.17735
272	1.16738
273	1.15729
274	1.14692
275	1.1369
276	1.12752
277	1.11842
278	1.10964
279	1.10111
280	1.09271
281	1.08411
282	1.07558
283	1.06707
284	1.05865
285	1.05002
286	1.04156
287	1.03346
288	1.02504
289	1.01661
290	1.00799
291	0.999479
292	0.991691
293	0.983912
294	0.976004
295	0.968304
296	0.960154
297	0.951587
298	0.943219
299	0.93489
300	0.926706
301	0.918743
302	0.910801
303	0.903072
304	0.895368
305	0.887189
306	0.879065
307	0.871033
308	0.863627
309	0.857279
310	0.851915
311	0.846573
312	0.841513
313	0.836594
314	0.831611
315	0.825634
316	0.819327
317	0.813123
318	0.80712
319	0.800665
320	0.794705
321	0.790004
322	0.786656
323	0.7846
324	0.785859
325	0.791582
326	0.802752
327	0.799741
328	0.7946
329	0.789897
330	0.785483
331	0.781165
332	0.776584
333	0.771567
334	0.765808
335	0.759676
336	0.753206
337	0.746794
338	0.740712
339	0.734666
340	0.729115
341	0.723636
342	0.717911
343	0.712186
344	0.706688
345	0.701381
346	0.696185
347	0.69074
348	0.685438
349	0.680201
350	0.675019
351	0.670203
352	0.66644
353	0.662675
354	0.658472
355	0.654178
356	0.649532
357	0.644865
358	0.640231
359	0.636105
360	0.632835
361	0.629649
362	0.626227
363	0.622246
364	0.617433
365	0.612385
366	0.607275
367	0.602248
368	0.597432
369	0.592633
370	0.588155
371	0.583543
372	0.579364
373	0.574957
374	0.570438
375	0.565905
376	0.561735
377	0.557973
378	0.554775
379	0.552197
380	0.549531
381	0.546967
382	0.543767
383	0.540473
384	0.538922
385	0.541677
386	0.551251
387	0.559306
388	0.554787
389	0.55049
390	0.546283
391	0.542486
392	0.538788
393	0.535086
394	0.531474
395	0.527879
396	0.524681
397	0.521205
398	0.517412
399	0.513613
400	0.5106
401	0.507675
402	0.504489
403	0.500537
404	0.496868
405	0.493117
406	0.48885
407	0.484843
408	0.481339
409	0.478218
410	0.474613
411	0.470678
412	0.467313
413	0.463787
414	0.460352
415	0.456855
416	0.453483
417	0.450625
418	0.447597
419	0.444512
420	0.441501
421	0.438538
422	0.435984
423	0.433061
424	0.43027
425	0.427573
426	0.424569
427	0.421445
428	0.418686
429	0.416917
430	0.416426
431	0.417063
432	0.418145
433	0.418824
434	0.418633
435	0.417898
436	0.416579
437	0.414408
438	0.411749
439	0.409147
440	0.405978
441	0.403814
442	0.402816
443	0.40357
444	0.405959
445	0.408733
446	0.411206
447	0.412991
448	0.41353
449	0.412661
450	0.410375
451	0.407139
452	0.40357
453	0.400011
454	0.396533
455	0.393448
456	0.391416
457	0.390155
458	0.389494
459	0.389731
460	0.390009
461	0.389472
462	0.38829
463	0.387141
464	0.387227
465	0.389283
466	0.393585
467	0.39914
468	0.404983
469	0.408783
470	0.406826
471	0.405002
472	0.402843
473	0.400753
474	0.39846
475	0.395873
476	0.394011
477	0.392756
478	0.391773
479	0.390255
480	0.388067
481	0.385975
482	0.383855
483	0.381748
484	0.379731
485	0.377837
486	0.375571
487	0.373397
488	0.371188
489	0.368814
490	0.367234
491	0.365764
492	0.363941
493	0.36199
494	0.360482
495	0.358648
496	0.356343
497	0.354323
498	0.352777
499	0.3512
500	0.349601
501	0.349235
502	0.353481
503	0.365927
504	0.376825
505	0.376014
506	0.374881
507	0.373577
508	0.372263
509	0.370604
510	0.368859
511	0.367057
512	0.365037
513	0.363311
514	0.361983
515	0.36063
516	0.359163
517	0.357495
518	0.355676
519	0.353318
520	0.351015
521	0.348612
522	0.346489
523	0.344417
524	0.342674
525	0.340778
526	0.338749
527	0.336781
528	0.334945
529	0.333148
530	0.331006
531	0.328593
532	0.326312
533	0.324308
534	0.322149
535	0.320069
536	0.318159
537	0.316462
538	0.314988
539	0.313514
540	0.311805
541	0.310163
542	0.308664
543	0.306733
544	0.304887
545	0.303006
546	0.301094
547	0.29899
548	0.296969
549	0.295119
550	0.293281
551	0.291764
552	0.290981
553	0.290251
554	0.289447
555	0.288116
556	0.286723
557	0.285416
558	0.283458
559	0.28155
560	0.279583
561	0.277989
562	0.276526
563	0.275837
564	0.275643
565	0.27543
566	0.274465
567	0.273656
568	0.273489
569	0.274238
570	0.275861
571	0.278175
572	0.280957
573	0.283295
574	0.284312
575	0.283728
576	0.282369
577	0.280921
578	0.279425
579	0.277642
580	0.27526
581	0.272931
582	0.270595
583	0.268805
584	0.267708
585	0.266624
586	0.264817
587	0.263319
588	0.262175
589	0.261229
590	0.260561
591	0.259776
592	0.258852
593	0.257928
594	0.258546
595	0.262426
596	0.270736
597	0.282991
598	0.296888
599	0.30319
600	0.308334
601	0.312465
602	0.314811
603	0.31562
604	0.314773
605	0.313198
606	0.311364
607	0.309299
608	0.307408
609	0.305299
610	0.303425
611	0.301156
612	0.299059
613	0.297822
614	0.296689
615	0.295411
616	0.293786
617	0.291931
618	0.290105
619	0.28893
620	0.288489
621	0.28824
622	0.287939
623	0.287395
624	0.286481
625	0.284908
626	0.282955
627	0.281141
628	0.279949
629	0.278946
630	0.277843
631	0.276488
632	0.275114
633	0.273659
634	0.27201
635	0.27094
636	0.270356
637	0.269597
638	0.268987
639	0.268532
640	0.268075
641	0.267424
642	0.266464
643	0.266177
644	0.267129
645	0.269398
646	0.272539
647	0.276004
648	0.278398
649	0.279731
650	0.279442
651	0.278393
652	0.277161
653	0.276445
654	0.276945
655	0.278975
656	0.282177
657	0.285923
658	0.289715
659	0.293461
660	0.296014
661	0.297197
662	0.297149
663	0.296768
664	0.295883
665	0.294485
666	0.292623
667	0.290725
668	0.288638
669	0.286081
670	0.283661
671	0.281292
672	0.279892
673	0.278506
674	0.276864
675	0.274896
676	0.273048
677	0.271332
678	0.269731
679	0.268017
680	0.266653
681	0.265406
682	0.264056
683	0.262694
684	0.262005
685	0.26194
686	0.262026
687	0.261878
688	0.261447
689	0.260846
690	0.259743
691	0.258232
692	0.2565
693	0.254738
694	0.253438
695	0.252289
696	0.251272
697	0.249853
698	0.248479
699	0.24721
700	0.246073
701	0.244826
702	0.243878
703	0.242828
704	0.241559
705	0.240161
706	0.238763
707	0.237234
708	0.23542
709	0.233493
710	0.232109
711	0.230817
712	0.229242
713	0.227648
714	0.226047
715	0.224208
716	0.222298
717	0.220594
718	0.218481
719	0.216293
720	0.214347
721	0.21249
722	0.210833
723	0.209443
724	0.207918
725	0.205737
726	0.203389
727	0.201563
728	0.200077
729	0.198703
730	0.196857
731	0.194959
732	0.192978
733	0.190878
734	0.189066
735	0.187726
736	0.186304
737	0.184686
738	0.182748
739	0.18079
740	0.178987
741	0.177223
742	0.175615
743	0.173772
744	0.1718
745	0.170622
746	0.169605
747	0.168645
748	0.167577
749	0.166732
750	0.166689
751	0.167869
752	0.170562
753	0.17505
754	0.181843
755	0.190421
756	0.20045
757	0.209881
758	0.21748
759	0.221446
760	0.220558
761	0.219014
762	0.217066
763	0.215343
764	0.213193
765	0.210759
766	0.208677
767	0.207817
768	0.207963
769	0.208971
770	0.20961
771	0.210256
772	0.210788
773	0.211049
774	0.21114
775	0.211221
776	0.211764
777	0.212391
778	0.212612
779	0.212267
780	0.210941
781	0.209567
782	0.208614
783	0.207363
784	0.206092
785	0.204589
786	0.202906
787	0.201285
788	0.199971
789	0.198507
790	0.197185
791	0.195718
792	0.194344
793	0.193112
794	0.191814
795	0.190455
796	0.188932
797	0.188061
798	0.187106
799	0.185979
800	0.184545
801	0.182846
802	0.181125
803	0.179576
804	0.178291
805	0.17706
806	0.176125
807	0.175318
808	0.1747
809	0.174253
810	0.173987
811	0.1733
812	0.171965
813	0.17084
814	0.170071
815	0.168942
816	0.167534
817	0.166124
818	0.164755
819	0.163298
820	0.162216
821	0.161289
822	0.160184
823	0.159272
824	0.158288
825	0.157223
826	0.156131
827	0.155145
828	0.154013
829	0.153223
830	0.152455
831	0.151663
832	0.150983
833	0.149887
834	0.148927
835	0.147926
836	0.147022
837	0.146251
838	0.146186
839	0.146292
840	0.146225
841	0.146316
842	0.146296
843	0.146246
844	0.145753
845	0.145131
846	0.144415
847	0.143436
848	0.142156
849	0.140856
850	0.139891
851	0.1392
852	0.138671
853	0.137479
854	0.136203
855	0.135159
856	0.134106
857	0.133192
858	0.132026
859	0.131083
860	0.130059
861	0.129305
862	0.128457
863	0.127663
864	0.126835
865	0.126085
866	0.125372
867	0.124656
868	0.124137
869	0.123776
870	0.123632
871	0.123651
872	0.123096
873	0.122069
874	0.12087
875	0.119867
876	0.118802
877	0.118045
878	0.117359
879	0.117502
880	0.118522
881	0.120386
882	0.125078
883	0.133338
884	0.14486
885	0.157422
886	0.16134
887	0.160969
888	0.160794
889	0.160382
890	0.159997
891	0.159164
892	0.157848
893	0.156213
894	0.154578
895	0.153269
896	0.152493
897	0.151711
898	0.150557
899	0.149319
900	0.14829
901	0.146959
902	0.145949
903	0.144997
904	0.144405
905	0.143716
906	0.142768
907	0.141832
908	0.140741
909	0.13947
910	0.138783
911	0.138422
912	0.138261
913	0.137864
914	0.137211
915	0.136516
916	0.13553
917	0.134611
918	0.133783
919	0.133101
920	0.132644
921	0.132402
922	0.132215
923	0.132876
924	0.133548
925	0.13412
926	0.133797
927	0.13341
928	0.13339
929	0.13374
930	0.134384
931	0.134408
932	0.134243
933	0.133321
934	0.13249
935	0.131696
936	0.130999
937	0.130446
938	0.129767
939	0.128943
940	0.128273
941	0.128237
942	0.129068
943	0.129695
944	0.130013
945	0.130075
946	0.13015
947	0.1298
948	0.129386
949	0.129032
950	0.128587
951	0.127897
952	0.127196
953	0.12717
954	0.12829
955	0.129977
956	0.131397
957	0.132665
958	0.133496
959	0.133934
960	0.133955
961	0.133218
962	0.132462
963	0.131631
964	0.130726
965	0.129697
966	0.128383
967	0.126997
968	0.126081
969	0.125444
970	0.124429
971	0.123247
972	0.122261
973	0.12137
974	0.120925
975	0.12131
976	0.122395
977	0.124142
978	0.126186
979	0.128577
980	0.130288
981	0.131789
982	0.134192
983	0.139147
984	0.146162
985	0.154243
986	0.161809
987	0.162817
988	0.161744
989	0.161009
990	0.160366
991	0.159171
992	0.158061
993	0.15706
994	0.156014
995	0.155193
996	0.154018
997	0.152594
998	0.150382
999	0.148869
1000	0.147543
1001	0.146433
1002	0.1457
1003	0.14537
1004	0.145291
1005	0.145229
1006	0.144547
1007	0.143714
1008	0.14289
1009	0.141545
1010	0.140329
1011	0.139618
1012	0.140193
1013	0.141887
1014	0.144176
1015	0.146878
1016	0.149801
1017	0.152153
1018	0.153434
1019	0.153587
1020	0.153094
1021	0.152213
1022	0.151217
1023	0.149911
