0	0.000855664
1	0.000594434
2	-0.000159961
3	-0.000387012
4	-0.000570117
5	-0.000572559
6	-0.000465137
7	-0.000858203
8	-0.00157842
9	-0.00128301
10	-0.000340625
11	2.80273e-05
12	-0.000521289
13	-0.000220996
14	5.48828e-05
15	-6.47461e-05
16	-0.000931445
17	-0.00157842
18	-0.00139043
19	-0.000618945
20	0.000418652
21	0.000723828
22	0.000928906
23	-1.10352e-05
24	-0.00102666
25	-0.000950977
26	-0.000377246
27	-0.000343066
28	-0.000116016
29	0.00018916
30	0.000120801
31	3.04687e-05
32	0.000394238
33	0.000198926
34	0.00015498
35	0.000582227
36	0.000670117
37	0.000884961
38	0.000862988
39	0.000843457
40	0.00129268
41	0.00112178
42	0.000259961
43	-0.000526172
44	-0.000159961
45	-0.000130664
46	0.000142773
47	0.000811719
48	0.00142695
49	0.00159053
50	0.00113398
51	0.000753125
52	0.00110713
53	0.000853223
54	0.000460156
55	0.000267285
56	0.000809277
57	0.0016418
58	0.0015832
59	0.00271113
60	0.00971064
61	0.0331872
62	0.0904064
63	0.211398
64	0.427084
65	0.747362
66	1.14876
67	1.58391
68	2.00085
69	2.35977
70	2.64058
71	2.83965
72	2.96461
73	3.0276
74	3.04347
75	3.02633
76	2.98821
77	2.93954
78	2.88654
79	2.83328
80	2.78283
81	2.73734
82	2.69734
83	2.66167
84	2.6308
85	2.60436
86	2.5812
87	2.56089
88	2.54166
89	2.52159
90	2.50135
91	2.48285
92	2.46642
93	2.45066
94	2.43511
95	2.41957
96	2.40426
97	2.38839
98	2.37188
99	2.35505
100	2.33832
101	2.32128
102	2.30417
103	2.28662
104	2.26875
105	2.25106
106	2.23335
107	2.21576
108	2.19886
109	2.18206
110	2.16512
111	2.14753
112	2.12929
113	2.11043
114	2.09202
115	2.0747
116	2.05932
117	2.04552
118	2.03242
119	2.01973
120	2.00501
121	1.98615
122	1.96748
123	1.94947
124	1.93206
125	1.91545
126	1.89856
127	1.88121
128	1.86378
129	1.84631
130	1.82846
131	1.81054
132	1.79266
133	1.77526
134	1.75819
135	1.74226
136	1.72804
137	1.71519
138	1.70295
139	1.69152
140	1.67988
141	1.66756
142	1.65427
143	1.63995
144	1.62433
145	1.60878
146	1.593
147	1.57763
148	1.56262
149	1.54696
150	1.53128
151	1.51595
152	1.50109
153	1.48623
154	1.47196
155	1.45876
156	1.44644
157	1.43442
158	1.42393
159	1.41422
160	1.40483
161	1.3955
162	1.3863
163	1.3767
164	1.36635
165	1.3556
166	1.34415
167	1.33161
168	1.31803
169	1.30405
170	1.28917
171	1.27424
172	1.25974
173	1.24542
174	1.23191
175	1.21976
176	1.20846
177	1.19747
178	1.18679
179	1.17593
180	1.16496
181	1.15348
182	1.14193
183	1.13023
184	1.11807
185	1.10651
186	1.09573
187	1.08466
188	1.07296
189	1.0613
190	1.0505
191	1.04026
192	1.0299
193	1.01951
194	1.00942
195	0.9989
196	0.988175
197	0.977865
198	0.969066
199	0.961207
200	0.952728
201	0.943851
202	0.935218
203	0.926122
204	0.916129
205	0.906554
206	0.897513
207	0.888278
208	0.879669
209	0.87212
210	0.865956
211	0.85996
212	0.853876
213	0.848612
214	0.843116
215	0.836688
216	0.829584
217	0.822028
218	0.814528
219	0.808041
220	0.801476
221	0.794803
222	0.787848
223	0.780875
224	0.774161
225	0.767687
226	0.761061
227	0.754215
228	0.747191
229	0.740406
230	0.734105
231	0.727972
232	0.721481
233	0.71412
234	0.706996
235	0.700099
236	0.693627
237	0.687843
238	0.681996
239	0.674977
240	0.667601
241	0.660309
242	0.653539
243	0.647643
244	0.641363
245	0.634623
246	0.627775
247	0.620714
248	0.613571
249	0.606776
250	0.59996
251	0.592989
252	0.586041
253	0.579716
254	0.574393
255	0.569156
256	0.56391
257	0.558605
258	0.553197
259	0.548082
260	0.542958
261	0.53807
262	0.533741
263	0.529586
264	0.525248
265	0.520221
266	0.514816
267	0.509957
268	0.506268
269	0.505023
270	0.506019
271	0.508707
272	0.509921
273	0.506544
274	0.502804
275	0.498614
276	0.494347
277	0.489984
278	0.485795
279	0.481288
280	0.476388
281	0.471581
282	0.467562
283	0.463483
284	0.459362
285	0.455306
286	0.451835
287	0.448683
288	0.44599
289	0.443141
290	0.439545
291	0.435846
292	0.432574
293	0.429174
294	0.425819
295	0.422506
296	0.419088
297	0.416166
298	0.415026
299	0.416232
300	0.419078
301	0.422218
302	0.421717
303	0.417953
304	0.415338
305	0.414554
306	0.420365
307	0.430507
308	0.427189
309	0.423702
310	0.420123
311	0.417118
312	0.414291
313	0.410956
314	0.407203
315	0.403829
316	0.401044
317	0.399645
318	0.39869
319	0.397191
320	0.394735
321	0.391739
322	0.388732
323	0.386505
324	0.385917
325	0.386146
326	0.385926
327	0.385692
328	0.385973
329	0.386517
330	0.386058
331	0.384498
332	0.383248
333	0.380738
334	0.377797
335	0.375558
336	0.373961
337	0.372411
338	0.369982
339	0.36703
340	0.364066
341	0.361354
342	0.358885
343	0.356578
344	0.354098
345	0.35163
346	0.349149
347	0.34611
348	0.343219
349	0.342062
350	0.34222
351	0.341957
352	0.341031
353	0.339821
354	0.338878
355	0.3386
356	0.337372
357	0.335358
358	0.333007
359	0.331051
360	0.329535
361	0.327806
362	0.324991
363	0.321012
364	0.317689
365	0.315406
366	0.313202
367	0.310555
368	0.308358
369	0.308326
370	0.312499
371	0.321903
372	0.326034
373	0.323129
374	0.320433
375	0.318639
376	0.317443
377	0.315292
378	0.312804
379	0.310658
380	0.308453
381	0.30608
382	0.304015
383	0.302865
384	0.301769
385	0.303297
386	0.31163
387	0.323788
388	0.321935
389	0.319593
390	0.317767
391	0.316215
392	0.315858
393	0.315638
394	0.314891
395	0.313553
396	0.312889
397	0.313878
398	0.318309
399	0.327079
400	0.336332
401	0.339271
402	0.344513
403	0.351141
404	0.358822
405	0.363607
406	0.368729
407	0.371683
408	0.370209
409	0.368988
410	0.366969
411	0.365221
412	0.363712
413	0.362364
414	0.360917
415	0.359762
416	0.358212
417	0.35743
418	0.356244
419	0.354525
420	0.352772
421	0.351363
422	0.350087
423	0.348268
424	0.34693
425	0.345944
426	0.344471
427	0.342648
428	0.340892
429	0.339188
430	0.337731
431	0.336459
432	0.334452
433	0.332342
434	0.330289
435	0.328016
436	0.326114
437	0.323937
438	0.321891
439	0.320546
440	0.319005
441	0.316664
442	0.314879
443	0.313585
444	0.312416
445	0.311017
446	0.309103
447	0.308065
448	0.307059
449	0.305504
450	0.302521
451	0.300167
452	0.299049
453	0.298629
454	0.29796
455	0.297118
456	0.296039
457	0.294447
458	0.293373
459	0.29287
460	0.292277
461	0.291508
462	0.290543
463	0.289664
464	0.288866
465	0.287838
466	0.285934
467	0.284293
468	0.283456
469	0.282013
470	0.280348
471	0.27931
472	0.278922
473	0.278822
474	0.277762
475	0.275929
476	0.274264
477	0.272425
478	0.270509
479	0.268509
480	0.266407
481	0.265223
482	0.263986
483	0.261495
484	0.259401
485	0.259464
486	0.260062
487	0.259623
488	0.258768
489	0.258412
490	0.257723
491	0.256671
492	0.25536
493	0.254742
494	0.254213
495	0.25326
496	0.251952
497	0.250975
498	0.249767
499	0.248402
500	0.246525
501	0.245575
502	0.245289
503	0.245138
504	0.244608
505	0.244569
506	0.245013
507	0.244962
508	0.244611
509	0.243754
510	0.243197
511	0.243365
512	0.242296
513	0.241388
514	0.240699
515	0.240201
516	0.240289
517	0.23952
518	0.237574
519	0.235765
520	0.235604
521	0.235865
522	0.235861
523	0.234708
524	0.232758
525	0.230885
526	0.230057
527	0.229994
528	0.229115
529	0.227865
530	0.226078
531	0.224493
532	0.224132
533	0.223859
534	0.222176
535	0.220255
536	0.219032
537	0.217777
538	0.216368
539	0.215419
540	0.214137
541	0.212963
542	0.212704
543	0.212401
544	0.211315
545	0.210533
546	0.209735
547	0.208697
548	0.207814
549	0.20629
550	0.204047
551	0.202169
552	0.201803
553	0.20132
554	0.200546
555	0.199252
556	0.197435
557	0.195685
558	0.194117
559	0.193502
560	0.192504
561	0.191671
562	0.19193
563	0.19183
564	0.19128
565	0.190258
566	0.189947
567	0.190624
568	0.190995
569	0.190426
570	0.189894
571	0.189215
572	0.188871
573	0.188092
574	0.186849
575	0.18515
576	0.183541
577	0.183094
578	0.185018
579	0.18756
580	0.189525
581	0.191029
582	0.191942
583	0.192167
584	0.192321
585	0.191566
586	0.190753
587	0.190292
588	0.190013
589	0.189537
590	0.187296
591	0.184969
592	0.183248
593	0.182272
594	0.181454
595	0.180135
596	0.178466
597	0.177872
598	0.179503
599	0.18735
600	0.200909
601	0.199523
602	0.198656
603	0.197841
604	0.196979
605	0.195497
606	0.194247
607	0.193295
608	0.192577
609	0.192091
610	0.190968
611	0.18923
612	0.188414
613	0.187618
614	0.186471
615	0.18484
616	0.182606
617	0.180402
618	0.178878
619	0.177743
620	0.175873
621	0.173649
622	0.172985
623	0.173029
624	0.172428
625	0.170746
626	0.169386
627	0.168248
628	0.16703
629	0.166434
630	0.165397
631	0.1636
632	0.161754
633	0.160616
634	0.159371
635	0.158317
636	0.15693
637	0.155196
638	0.15318
639	0.152352
640	0.152784
641	0.154825
642	0.158197
643	0.162821
644	0.168514
645	0.170167
646	0.169281
647	0.168195
648	0.167101
649	0.16632
650	0.165697
651	0.166256
652	0.166683
653	0.165585
654	0.16452
655	0.164498
656	0.163119
657	0.161698
658	0.161188
659	0.160934
660	0.160677
661	0.160399
662	0.159735
663	0.158942
664	0.157982
665	0.156532
666	0.154947
667	0.153656
668	0.153212
669	0.15296
670	0.152272
671	0.150956
672	0.149008
673	0.147538
674	0.146974
675	0.146488
676	0.146183
677	0.145731
678	0.145326
679	0.145841
680	0.147406
681	0.150321
682	0.152926
683	0.155096
684	0.157001
685	0.158824
686	0.159806
687	0.159923
688	0.159137
689	0.157401
690	0.154925
691	0.152994
692	0.152135
693	0.150848
694	0.149088
695	0.147967
696	0.147733
697	0.147076
698	0.146197
699	0.145353
700	0.145153
701	0.145206
702	0.144943
703	0.144059
704	0.143229
705	0.142167
706	0.14121
707	0.140399
708	0.139523
709	0.138741
710	0.137758
711	0.136346
712	0.135294
713	0.135201
714	0.13453
715	0.132613
716	0.131532
717	0.13191
718	0.131647
719	0.130372
720	0.129103
721	0.127953
722	0.127167
723	0.126305
724	0.125599
725	0.125272
726	0.125431
727	0.125609
728	0.124889
729	0.124381
730	0.124291
731	0.123895
732	0.12327
733	0.122779
734	0.122648
735	0.122699
736	0.122352
737	0.12128
738	0.120297
739	0.118685
740	0.116703
741	0.11516
742	0.114213
743	0.114064
744	0.11368
745	0.112411
746	0.111283
747	0.110604
748	0.110223
749	0.110148
750	0.109291
751	0.108068
752	0.108258
753	0.109672
754	0.110338
755	0.10951
756	0.107384
757	0.106559
758	0.107311
759	0.107018
760	0.106529
761	0.10715
762	0.107865
763	0.107103
764	0.106473
765	0.106432
766	0.105507
767	0.10496
768	0.105153
769	0.106483
770	0.108236
771	0.10933
772	0.10901
773	0.107792
774	0.107477
775	0.107626
776	0.108314
777	0.111229
778	0.116774
779	0.124706
780	0.130223
781	0.129799
782	0.129471
783	0.128951
784	0.127714
785	0.126959
786	0.127279
787	0.12714
788	0.126622
789	0.125624
790	0.124193
791	0.123588
792	0.123317
793	0.122599
794	0.122416
795	0.122472
796	0.122067
797	0.121312
798	0.120577
799	0.120555
800	0.120045
801	0.11953
802	0.119037
803	0.118663
804	0.118417
805	0.118141
806	0.117467
807	0.117338
808	0.116998
809	0.116681
810	0.116871
811	0.117474
812	0.117631
813	0.116735
814	0.11526
815	0.114784
816	0.114857
817	0.114694
818	0.114279
819	0.114012
820	0.113646
821	0.112972
822	0.111315
823	0.110433
824	0.110421
825	0.110363
826	0.110204
827	0.109816
828	0.109354
829	0.109215
830	0.109139
831	0.108912
832	0.109193
833	0.109767
834	0.109625
835	0.109205
836	0.109972
837	0.11222
838	0.114669
839	0.118221
840	0.123903
841	0.130768
842	0.13765
843	0.143866
844	0.143278
845	0.141346
846	0.140414
847	0.139137
848	0.138278
849	0.137919
850	0.13755
851	0.136986
852	0.13559
853	0.134313
854	0.133341
855	0.132872
856	0.132867
857	0.1333
858	0.134454
859	0.13536
860	0.135709
861	0.135983
862	0.136754
863	0.137242
864	0.136561
865	0.135414
866	0.134515
867	0.134139
868	0.133524
869	0.132843
870	0.131564
871	0.130209
872	0.128558
873	0.126883
874	0.125897
875	0.12557
876	0.125646
877	0.125348
878	0.124047
879	0.122723
880	0.121947
881	0.12128
882	0.121234
883	0.121571
884	0.121471
885	0.120904
886	0.119244
887	0.116588
888	0.114405
889	0.114032
890	0.11433
891	0.11411
892	0.113177
893	0.112001
894	0.110682
895	0.109305
896	0.108265
897	0.107369
898	0.106676
899	0.105568
900	0.104161
901	0.102325
902	0.101508
903	0.10152
904	0.100321
905	0.09807
906	0.0962756
907	0.0954504
908	0.0961804
909	0.0964318
910	0.0959118
911	0.0950939
912	0.09484
913	0.0943151
914	0.0937146
915	0.0932971
916	0.0923718
917	0.0915783
918	0.0908483
919	0.0908386
920	0.0906115
921	0.0907189
922	0.0913903
923	0.0925817
924	0.0939343
925	0.0946447
926	0.0944592
927	0.0943737
928	0.0943054
929	0.093695
930	0.0935046
931	0.0931726
932	0.0920129
933	0.0918078
934	0.0920324
935	0.0924963
936	0.0918518
937	0.090382
938	0.0894445
939	0.0896691
940	0.0890759
941	0.0881628
942	0.0877648
943	0.0874304
944	0.0870715
945	0.0893029
946	0.0971643
947	0.109532
948	0.108739
949	0.109103
950	0.109357
951	0.108009
952	0.106058
953	0.105397
954	0.104928
955	0.103834
956	0.103375
957	0.103036
958	0.102257
959	0.10131
960	0.101508
961	0.101627
962	0.102008
963	0.102255
964	0.1035
965	0.10454
966	0.10472
967	0.105211
968	0.105558
969	0.104488
970	0.103426
971	0.103485
972	0.103119
973	0.102355
974	0.102179
975	0.101901
976	0.101425
977	0.101022
978	0.100919
979	0.10265
980	0.104901
981	0.10809
982	0.112574
983	0.116012
984	0.119205
985	0.121617
986	0.123053
987	0.124427
988	0.124921
989	0.125204
990	0.124591
991	0.123043
992	0.121505
993	0.120475
994	0.119066
995	0.11724
996	0.116227
997	0.116051
998	0.11555
999	0.114134
1000	0.112718
1001	0.111532
1002	0.110819
1003	0.110428
1004	0.109857
1005	0.109298
1006	0.108551
1007	0.107589
1008	0.106088
1009	0.105018
1010	0.105238
1011	0.106988
1012	0.114064
1013	0.127367
1014	0.126945
1015	0.126674
1016	0.125983
1017	0.125258
1018	0.125355
1019	0.125726
1020	0.125575
1021	0.124874
1022	0.124401
1023	0.124567
