0	-0.001561
1	-0.00186148
2	-0.00163612
3	-0.00186148
4	-0.00208684
5	-0.00201172
6	-0.00223708
7	-0.0011854
8	-0.00208684
9	-0.0011854
10	-0.0011854
11	-0.00186148
12	-0.00186148
13	-0.0019366
14	-0.0019366
15	-0.00141076
16	-0.0019366
17	-0.000659557
18	-0.000283957
19	-0.000809798
20	-0.0011854
21	-0.000960038
22	0.000917967
23	1.65242e-05
24	0.00196965
25	0.00219501
26	0.00181941
27	0.00249549
28	0.00196965
29	0.00196965
30	0.00151893
31	0.00219501
32	0.00196965
33	0.00317157
34	0.00181941
35	0.00219501
36	0.00189453
37	0.00249549
38	0.00211989
39	0.00114333
40	0.000767726
41	0.000692606
42	0.000392125
43	1.65242e-05
44	-5.8596e-05
45	-5.8596e-05
46	0.000166765
47	-0.000809798
48	-0.000659557
49	-0.000584437
50	-0.000809798
51	-0.000584437
52	-0.00178636
53	-0.00126052
54	-0.00148588
55	-0.00111028
56	-0.00208684
57	-0.00186148
58	-0.00141076
59	-0.000734678
60	-0.00133564
61	-0.0019366
62	-0.00111028
63	-0.000509317
64	0.00249549
65	0.0138386
66	0.037802
67	0.0874564
68	0.194052
69	0.365251
70	0.5677
71	0.757003
72	0.910999
73	1.02796
74	1.11345
75	1.17362
76	1.20885
77	1.22155
78	1.21486
79	1.19315
80	1.15799
81	1.11442
82	1.06522
83	1.01482
84	0.962607
85	0.913253
86	0.867204
87	0.825587
88	0.793211
89	0.77075
90	0.75535
91	0.74288
92	0.731086
93	0.717865
94	0.703742
95	0.688042
96	0.671591
97	0.652661
98	0.632904
99	0.61142
100	0.590611
101	0.569503
102	0.547117
103	0.526759
104	0.507378
105	0.48965
106	0.473424
107	0.459377
108	0.445479
109	0.433535
110	0.423469
111	0.415431
112	0.406417
113	0.398604
114	0.390341
115	0.381627
116	0.37434
117	0.365326
118	0.356312
119	0.345795
120	0.336705
121	0.327766
122	0.319653
123	0.310563
124	0.302
125	0.293211
126	0.285323
127	0.277511
128	0.270524
129	0.263163
130	0.256026
131	0.24934
132	0.242129
133	0.235368
134	0.227706
135	0.221396
136	0.21471
137	0.209076
138	0.204118
139	0.19886
140	0.193151
141	0.189319
142	0.186014
143	0.181883
144	0.177976
145	0.175272
146	0.171741
147	0.168887
148	0.166558
149	0.16438
150	0.161149
151	0.157769
152	0.154614
153	0.151233
154	0.148003
155	0.143646
156	0.140266
157	0.135909
158	0.132829
159	0.128697
160	0.124716
161	0.120434
162	0.117129
163	0.113824
164	0.110894
165	0.10834
166	0.105185
167	0.102781
168	0.100452
169	0.097823
170	0.0951938
171	0.0926397
172	0.0897852
173	0.0885081
174	0.0862545
175	0.084677
176	0.0826487
177	0.0803951
178	0.077841
179	0.0754372
180	0.0729582
181	0.0704793
182	0.0682257
183	0.0664979
184	0.0639438
185	0.062216
186	0.060939
187	0.0594366
188	0.0574084
189	0.0566571
190	0.0568074
191	0.0562064
192	0.0551547
193	0.0559059
194	0.0563567
195	0.0564318
196	0.0562815
197	0.0559059
198	0.0564318
199	0.0560562
200	0.0558308
201	0.0551547
202	0.0537275
203	0.0526758
204	0.0526007
205	0.0519246
206	0.0513236
207	0.0501968
208	0.0489198
209	0.0478681
210	0.0476427
211	0.0473422
212	0.0464408
213	0.0457647
214	0.045314
215	0.0444877
216	0.0433609
217	0.0417082
218	0.0414829
219	0.0400556
220	0.0388537
221	0.0370508
222	0.0370508
223	0.0366001
224	0.0368254
225	0.0355484
226	0.035924
227	0.0350225
228	0.0343465
229	0.033445
230	0.0329943
231	0.0324684
232	0.031567
233	0.0311914
234	0.0314168
235	0.0317924
236	0.0308158
237	0.0305153
238	0.0291632
239	0.0295388
240	0.0292383
241	0.0289378
242	0.0291632
243	0.0284871
244	0.0283368
245	0.0269847
246	0.0262335
247	0.0255574
248	0.0245057
249	0.0245808
250	0.0245057
251	0.025332
252	0.0248062
253	0.0238296
254	0.0228531
255	0.0222521
256	0.0216511
257	0.0211253
258	0.0200736
259	0.0193975
260	0.0189468
261	0.0192473
262	0.0179703
263	0.0180454
264	0.018421
265	0.0187215
266	0.0188717
267	0.0181205
268	0.0183459
269	0.0181205
270	0.01782
271	0.0178951
272	0.0183459
273	0.0175946
274	0.017219
275	0.0164678
276	0.0154162
277	0.0151908
278	0.0157166
279	0.0148152
280	0.0143645
281	0.0133879
282	0.0129372
283	0.012186
284	0.0118855
285	0.0118855
286	0.0109841
287	0.0102329
288	0.0100826
289	0.0103831
290	0.0105334
291	0.00880559
292	0.00835487
293	0.00820463
294	0.00805438
295	0.0062515
296	0.00595102
297	0.00655198
298	0.00692758
299	0.00820463
300	0.00880559
301	0.00993239
302	0.0111343
303	0.0157918
304	0.0269096
305	0.0436614
306	0.0604883
307	0.075287
308	0.0853531
309	0.0930153
310	0.0996259
311	0.103232
312	0.10541
313	0.106011
314	0.103682
315	0.101279
316	0.0970718
317	0.090912
318	0.086555
319	0.0819727
320	0.0764138
321	0.0717563
322	0.0685261
323	0.0655965
324	0.0629672
325	0.0602629
326	0.0594366
327	0.0583098
328	0.0567323
329	0.0560562
330	0.0545538
331	0.0535021
332	0.0510231
333	0.0492203
334	0.0483939
335	0.0475676
336	0.0455394
337	0.0441872
338	0.0426097
339	0.0423843
340	0.0408068
341	0.0394546
342	0.0377269
343	0.0364498
344	0.0347221
345	0.0332948
346	0.0326938
347	0.030966
348	0.0305904
349	0.0299144
350	0.0291632
351	0.0272852
352	0.0270598
353	0.0269847
354	0.0255574
355	0.0252569
356	0.025933
357	0.025332
358	0.0239047
359	0.0233789
360	0.0235291
361	0.0229282
362	0.0223272
363	0.0214258
364	0.0217263
365	0.0217263
366	0.0212755
367	0.0196229
368	0.0191722
369	0.0198483
370	0.0194727
371	0.0199985
372	0.0199234
373	0.0190971
374	0.0191722
375	0.0188717
376	0.0177449
377	0.0166932
378	0.0167683
379	0.0160922
380	0.0151908
381	0.0158669
382	0.0157166
383	0.0139138
384	0.0139889
385	0.013463
386	0.0136133
387	0.0135382
388	0.0128621
389	0.0124865
390	0.0124114
391	0.0106085
392	0.00978215
393	0.00963191
394	0.00918119
395	0.00873047
396	0.0070027
397	0.00647686
398	0.00527494
399	0.00504958
400	0.00535006
401	0.00452374
402	0.00504958
403	0.0066271
404	0.00707782
405	0.00685246
406	0.00858023
407	0.00978215
408	0.0124865
409	0.0145898
410	0.0167683
411	0.0172942
412	0.0169937
413	0.0164678
414	0.0158669
415	0.0152659
416	0.0148152
417	0.0137635
418	0.0122611
419	0.0112094
420	0.0102329
421	0.00993239
422	0.00948167
423	0.00790414
424	0.0070027
425	0.00692758
426	0.00542518
427	0.00535006
428	0.0051247
429	0.00444862
430	0.00399789
431	0.00249549
432	0.000993087
433	0.000542366
434	0.00166917
435	0.00166917
436	0.000317005
437	0.000842846
438	0.000767726
439	-0.000359077
440	-0.000809798
441	-0.000734678
442	-0.000659557
443	-0.001561
444	-0.00171124
445	-0.00246244
446	-0.00276292
447	-0.00313852
448	-0.00388973
449	-0.00464093
450	-0.00388973
451	-0.00531701
452	-0.00546725
453	-0.00666917
454	-0.00689453
455	-0.00666917
456	-0.00689453
457	-0.00802134
458	-0.00907302
459	-0.00922326
460	-0.0093735
461	-0.0101998
462	-0.00982422
463	-0.00997446
464	-0.00877254
465	-0.0089979
466	-0.00854718
467	-0.00779598
468	-0.00779598
469	-0.0089979
470	-0.00944862
471	-0.00922326
472	-0.00802134
473	-0.00839694
474	-0.00854718
475	-0.00922326
476	-0.0082467
477	-0.00802134
478	-0.00809646
479	-0.0086223
480	-0.00907302
481	-0.00832182
482	-0.00757062
483	-0.00742037
484	-0.00696965
485	-0.00674429
486	-0.00674429
487	-0.00644381
488	-0.00606821
489	-0.00629357
490	-0.00599309
491	-0.00539213
492	-0.00494141
493	-0.00456581
494	-0.00411509
495	-0.00419021
496	-0.00456581
497	-0.00479117
498	-0.00479117
499	-0.00456581
500	-0.00479117
501	-0.00486629
502	-0.00501653
503	-0.00486629
504	-0.00644381
505	-0.00629357
506	-0.00742037
507	-0.00689453
508	-0.00749549
509	-0.00742037
510	-0.00629357
511	-0.00719501
512	-0.0086223
513	-0.00877254
514	-0.00779598
515	-0.00809646
516	-0.00884766
517	-0.0086223
518	-0.00869742
519	-0.00914814
520	-0.00944862
521	-0.00952374
522	-0.0101998
523	-0.0102749
524	-0.010951
525	-0.0119276
526	-0.0124534
527	-0.0126788
528	-0.0137305
529	-0.0135802
530	-0.0137305
531	-0.0131295
532	-0.0132797
533	-0.0139558
534	-0.0144817
535	-0.0146319
536	-0.0136554
537	-0.0136554
538	-0.0138056
539	-0.014031
540	-0.0138056
541	-0.014031
542	-0.0144817
543	-0.014031
544	-0.0144817
545	-0.0144066
546	-0.0142563
547	-0.0141812
548	-0.0145568
549	-0.0144066
550	-0.0144817
551	-0.0150075
552	-0.014707
553	-0.0139558
554	-0.0142563
555	-0.0144817
556	-0.0132797
557	-0.0133549
558	-0.0141061
559	-0.0144066
560	-0.0124534
561	-0.0137305
562	-0.014031
563	-0.0135051
564	-0.0130544
565	-0.0138807
566	-0.01343
567	-0.0132797
568	-0.0117773
569	-0.0107257
570	-0.00892278
571	-0.00719501
572	-0.00539213
573	-0.00471605
574	-0.00313852
575	-0.00291316
576	-0.00321364
577	-0.00276292
578	-0.00358924
579	-0.00381461
580	-0.00358924
581	-0.00373949
582	-0.00486629
583	-0.00539213
584	-0.00599309
585	-0.00621845
586	-0.00606821
587	-0.00644381
588	-0.00674429
589	-0.00704477
590	-0.0078711
591	-0.00764574
592	-0.00839694
593	-0.00832182
594	-0.0082467
595	-0.00869742
596	-0.00877254
597	-0.00884766
598	-0.0078711
599	-0.00832182
600	-0.00847206
601	-0.00982422
602	-0.00989934
603	-0.0101247
604	-0.0104252
605	-0.0107257
606	-0.0105754
607	-0.0105003
608	-0.0116271
609	-0.0114769
610	-0.0114017
611	-0.0111764
612	-0.011552
613	-0.0113266
614	-0.010951
615	-0.0112515
616	-0.0106505
617	-0.0104252
618	-0.0107257
619	-0.00959886
620	-0.0102749
621	-0.0110261
622	-0.0108008
623	-0.0108759
624	-0.0111013
625	-0.0112515
626	-0.0117773
627	-0.0111013
628	-0.0113266
629	-0.0122281
630	-0.0118525
631	-0.0117773
632	-0.0106505
633	-0.0105754
634	-0.0105754
635	-0.0102749
636	-0.0108008
637	-0.0111764
638	-0.0108008
639	-0.0111764
640	-0.0114017
641	-0.0120027
642	-0.0123783
643	-0.0119276
644	-0.0120778
645	-0.0136554
646	-0.0135051
647	-0.0135802
648	-0.0130544
649	-0.0135051
650	-0.0132797
651	-0.0133549
652	-0.0136554
653	-0.0135051
654	-0.0138807
655	-0.0139558
656	-0.0143314
657	-0.0144066
658	-0.0143314
659	-0.0151578
660	-0.0158338
661	-0.015308
662	-0.0149324
663	-0.0156085
664	-0.0158338
665	-0.0157587
666	-0.0166602
667	-0.0168104
668	-0.0162094
669	-0.0162846
670	-0.0156836
671	-0.0158338
672	-0.0162846
673	-0.015909
674	-0.0162846
675	-0.0165099
676	-0.0162094
677	-0.0158338
678	-0.0155334
679	-0.0156836
680	-0.0154582
681	-0.0167353
682	-0.0162094
683	-0.0173362
684	-0.0169606
685	-0.0172611
686	-0.0174114
687	-0.0171109
688	-0.0167353
689	-0.0169606
690	-0.0170358
691	-0.0169606
692	-0.0162846
693	-0.0162094
694	-0.0158338
695	-0.016585
696	-0.0162846
697	-0.0163597
698	-0.0164348
699	-0.0168104
700	-0.0173362
701	-0.017787
702	-0.0186133
703	-0.018463
704	-0.017787
705	-0.0179372
706	-0.0178621
707	-0.0179372
708	-0.0176367
709	-0.0176367
710	-0.017787
711	-0.0183128
712	-0.0176367
713	-0.0181626
714	-0.0182377
715	-0.0180874
716	-0.0180123
717	-0.0182377
718	-0.0182377
719	-0.0174114
720	-0.0170358
721	-0.0176367
722	-0.018463
723	-0.0186884
724	-0.0186133
725	-0.0182377
726	-0.0180874
727	-0.0182377
728	-0.0185382
729	-0.0177118
730	-0.0172611
731	-0.0180123
732	-0.0181626
733	-0.0179372
734	-0.0181626
735	-0.0183879
736	-0.0180123
737	-0.0174865
738	-0.0166602
739	-0.0162094
740	-0.0173362
741	-0.0172611
742	-0.0172611
743	-0.0180123
744	-0.0177118
745	-0.0173362
746	-0.0176367
747	-0.0174865
748	-0.0172611
749	-0.0180123
750	-0.0174114
751	-0.0177118
752	-0.0174114
753	-0.017186
754	-0.017186
755	-0.0168855
756	-0.0172611
757	-0.0180123
758	-0.0181626
759	-0.0175616
760	-0.0177118
761	-0.0177118
762	-0.0179372
763	-0.0167353
764	-0.016585
765	-0.0169606
766	-0.0162094
767	-0.0162094
768	-0.0156085
769	-0.0151578
770	-0.0156085
771	-0.014707
772	-0.0153831
773	-0.0157587
774	-0.0159841
775	-0.0152329
776	-0.0146319
777	-0.0149324
778	-0.0154582
779	-0.0162094
780	-0.0154582
781	-0.0143314
782	-0.0149324
783	-0.014031
784	-0.0139558
785	-0.0138807
786	-0.0141812
787	-0.0138056
788	-0.0152329
789	-0.014031
790	-0.0141812
791	-0.0133549
792	-0.0141812
793	-0.0144817
794	-0.0133549
795	-0.01343
796	-0.0138807
797	-0.0138807
798	-0.0141061
799	-0.014707
800	-0.0145568
801	-0.0148573
802	-0.0146319
803	-0.0151578
804	-0.0157587
805	-0.0150075
806	-0.0141061
807	-0.0141061
808	-0.0149324
809	-0.0146319
810	-0.014031
811	-0.0135802
812	-0.0145568
813	-0.0144066
814	-0.0138056
815	-0.0138056
816	-0.0144066
817	-0.0142563
818	-0.0142563
819	-0.0138056
820	-0.0146319
821	-0.0157587
822	-0.0156836
823	-0.0154582
824	-0.0160592
825	-0.0161343
826	-0.0162846
827	-0.0154582
828	-0.0153831
829	-0.0158338
830	-0.015909
831	-0.0156085
832	-0.015308
833	-0.0163597
834	-0.0163597
835	-0.0168104
836	-0.017186
837	-0.0168855
838	-0.0171109
839	-0.0161343
840	-0.0164348
841	-0.0164348
842	-0.0176367
843	-0.0172611
844	-0.0168855
845	-0.0167353
846	-0.0166602
847	-0.0156836
848	-0.0160592
849	-0.0157587
850	-0.0161343
851	-0.0154582
852	-0.015308
853	-0.0152329
854	-0.0159841
855	-0.0153831
856	-0.015308
857	-0.0163597
858	-0.0158338
859	-0.0165099
860	-0.0163597
861	-0.0159841
862	-0.0163597
863	-0.0162846
864	-0.0156836
865	-0.0145568
866	-0.0151578
867	-0.0148573
868	-0.0154582
869	-0.0154582
870	-0.0147822
871	-0.0145568
872	-0.0149324
873	-0.0150826
874	-0.0142563
875	-0.0153831
876	-0.0150826
877	-0.0152329
878	-0.0156085
879	-0.0150075
880	-0.0153831
881	-0.0157587
882	-0.0151578
883	-0.0156085
884	-0.0153831
885	-0.0164348
886	-0.0164348
887	-0.0158338
888	-0.0155334
889	-0.0153831
890	-0.0151578
891	-0.0154582
892	-0.0158338
893	-0.0155334
894	-0.0154582
895	-0.0154582
896	-0.0163597
897	-0.0165099
898	-0.0156836
899	-0.0156836
900	-0.0166602
901	-0.0153831
902	-0.0157587
903	-0.0161343
904	-0.0157587
905	-0.0151578
906	-0.015308
907	-0.0155334
908	-0.0158338
909	-0.0156836
910	-0.0157587
911	-0.0153831
912	-0.0160592
913	-0.0159841
914	-0.0150826
915	-0.0151578
916	-0.015308
917	-0.0162846
918	-0.0160592
919	-0.0164348
920	-0.0168104
921	-0.0159841
922	-0.0168855
923	-0.0165099
924	-0.0168104
925	-0.0170358
926	-0.0176367
927	-0.0172611
928	-0.017186
929	-0.0161343
930	-0.0161343
931	-0.0161343
932	-0.015909
933	-0.0151578
934	-0.0154582
935	-0.0156836
936	-0.0146319
937	-0.0145568
938	-0.0147822
939	-0.0150075
940	-0.0154582
941	-0.0142563
942	-0.0151578
943	-0.0155334
944	-0.0157587
945	-0.0160592
946	-0.0163597
947	-0.0168855
948	-0.0172611
949	-0.0174865
950	-0.0170358
951	-0.0172611
952	-0.017787
953	-0.017186
954	-0.0174114
955	-0.0178621
956	-0.0183879
957	-0.0185382
958	-0.018463
959	-0.0178621
960	-0.0183128
961	-0.0180123
962	-0.0179372
963	-0.017787
964	-0.018463
965	-0.018463
966	-0.0183879
967	-0.0189889
968	-0.019665
969	-0.0189889
970	-0.017787
971	-0.017787
972	-0.0168855
973	-0.0182377
974	-0.0176367
975	-0.017186
976	-0.0166602
977	-0.0169606
978	-0.0169606
979	-0.0165099
980	-0.0166602
981	-0.017186
982	-0.0162094
983	-0.0162846
984	-0.0172611
985	-0.0174865
986	-0.0173362
987	-0.0175616
988	-0.0174114
989	-0.0175616
990	-0.0164348
991	-0.0170358
992	-0.0167353
993	-0.0162846
994	-0.0162846
995	-0.0166602
996	-0.0163597
997	-0.015909
998	-0.0154582
999	-0.0167353
1000	-0.0162846
1001	-0.0162846
1002	-0.0172611
1003	-0.0181626
1004	-0.0186133
1005	-0.017186
1006	-0.0174114
1007	-0.017787
1008	-0.0176367
1009	-0.0170358
1010	-0.016585
1011	-0.0167353
1012	-0.0149324
1013	-0.0150826
1014	-0.0153831
1015	-0.0156836
1016	-0.0165099
1017	-0.0160592
1018	-0.0153831
1019	-0.0156085
1020	-0.0156836
1021	-0.0164348
1022	-0.0166602
1023	-0.0168855
