0	-0.000935892
1	-0.00020347
2	-0.000854512
3	-0.00183107
4	-0.00109865
5	-4.071e-05
6	-0.00012209
7	-0.000447611
8	-0.000284851
9	0.000447571
10	-0.00020347
11	-0.00166831
12	-0.00158693
13	-0.00142417
14	-0.00101727
15	-0.00101727
16	-0.00166831
17	-0.00118003
18	-0.00174969
19	-0.00264488
20	-0.0025635
21	-0.00166831
22	4.06702e-05
23	-0.000773132
24	-0.00012209
25	0.00134275
26	0.00264484
27	0.00158689
28	0.00101723
29	0.00248208
30	0.00313312
31	0.00142413
32	0.000691712
33	0.00126137
34	0.00166827
35	0.00174965
36	-0.00020347
37	0.000203431
38	0.000691712
39	0.000773092
40	0.000447571
41	-0.00012209
42	0.000284811
43	0.00109861
44	0.000691712
45	0.00012205
46	0.000610332
47	0.00109861
48	0.000366191
49	-0.000447611
50	-0.000773132
51	-0.00020347
52	-0.000366231
53	-0.000528991
54	-0.00118003
55	-0.00142417
56	-0.00126141
57	-0.000854512
58	-0.00142417
59	-0.00158693
60	-0.00118003
61	-0.00109865
62	-0.00150555
63	-0.000284851
64	-0.000366231
65	0.00166827
66	0.0150146
67	0.0605062
68	0.176066
69	0.373739
70	0.608683
71	0.823446
72	0.992798
73	1.12292
74	1.22253
75	1.2935
76	1.33582
77	1.35177
78	1.34347
79	1.31791
80	1.28105
81	1.23482
82	1.18152
83	1.12423
84	1.0662
85	1.00956
86	0.955119
87	0.904338
88	0.861613
89	0.830851
90	0.810181
91	0.794393
92	0.78007
93	0.762899
94	0.744344
95	0.725545
96	0.704875
97	0.682414
98	0.658895
99	0.63562
100	0.611857
101	0.58842
102	0.566203
103	0.545369
104	0.526733
105	0.509481
106	0.492961
107	0.478394
108	0.466024
109	0.455282
110	0.444132
111	0.434855
112	0.426392
113	0.416382
114	0.405965
115	0.396037
116	0.387166
117	0.376668
118	0.366659
119	0.356567
120	0.34786
121	0.338094
122	0.328491
123	0.320028
124	0.312215
125	0.305786
126	0.298462
127	0.293823
128	0.288615
129	0.284139
130	0.279338
131	0.274699
132	0.270793
133	0.266968
134	0.26241
135	0.257853
136	0.253621
137	0.248983
138	0.242554
139	0.237101
140	0.230672
141	0.224731
142	0.220174
143	0.214071
144	0.209025
145	0.204224
146	0.19991
147	0.195516
148	0.189575
149	0.185588
150	0.182251
151	0.177856
152	0.173869
153	0.172078
154	0.168009
155	0.164266
156	0.160848
157	0.156942
158	0.153198
159	0.149862
160	0.146118
161	0.142944
162	0.139852
163	0.13619
164	0.132284
165	0.129923
166	0.126912
167	0.124634
168	0.122355
169	0.120158
170	0.118612
171	0.117147
172	0.114624
173	0.112996
174	0.11145
175	0.109416
176	0.107056
177	0.105184
178	0.10201
179	0.0998942
180	0.0976969
181	0.095581
182	0.094279
183	0.09257
184	0.0921631
185	0.0902913
186	0.0889892
187	0.0876058
188	0.0867106
189	0.0856526
190	0.0846761
191	0.0845947
192	0.0846761
193	0.0822347
194	0.0821533
195	0.081665
196	0.0813395
197	0.0788167
198	0.0767008
199	0.0740967
200	0.0727132
201	0.0712484
202	0.0679931
203	0.065389
204	0.0637614
205	0.0640055
206	0.0629476
207	0.0618082
208	0.0629476
209	0.0647379
210	0.0652262
211	0.0648193
212	0.0656331
213	0.0654704
214	0.0655517
215	0.0650635
216	0.0651448
217	0.0645752
218	0.0635172
219	0.0620524
220	0.0609944
221	0.0609131
222	0.0606689
223	0.0581461
224	0.0567627
225	0.0569254
226	0.0578206
227	0.0557047
228	0.0525309
229	0.0523681
230	0.0526123
231	0.0496826
232	0.0478109
233	0.0467529
234	0.0462646
235	0.0443929
236	0.0417887
237	0.0408122
238	0.039917
239	0.0391032
240	0.0369873
241	0.0367431
242	0.0367431
243	0.0363362
244	0.036499
245	0.0355224
246	0.0359293
247	0.0362549
248	0.0354411
249	0.0348714
250	0.0356852
251	0.0370687
252	0.0370687
253	0.0352783
254	0.0365804
255	0.0378825
256	0.0376383
257	0.0360921
258	0.0354411
259	0.0363362
260	0.0346273
261	0.0332438
262	0.0312907
263	0.0314534
264	0.0291748
265	0.0274658
266	0.0263265
267	0.0269775
268	0.0267334
269	0.0256754
270	0.0241292
271	0.0245361
272	0.0253499
273	0.0242106
274	0.0234782
275	0.0233968
276	0.0236409
277	0.0233968
278	0.0224202
279	0.0220947
280	0.0209554
281	0.0209554
282	0.0203043
283	0.0182698
284	0.0181071
285	0.0181071
286	0.016154
287	0.0147705
288	0.0137939
289	0.0138753
290	0.0132243
291	0.0115153
292	0.0105387
293	0.0107829
294	0.0098063
295	0.00956215
296	0.00939939
297	0.0100504
298	0.0106201
299	0.0108642
300	0.0104573
301	0.0102946
302	0.0109456
303	0.00948077
304	0.0111898
305	0.0204671
306	0.0382894
307	0.0558675
308	0.0710042
309	0.0823974
310	0.0915934
311	0.0985107
312	0.103475
313	0.106567
314	0.107463
315	0.107218
316	0.104126
317	0.100952
318	0.0972086
319	0.0938721
320	0.0903727
321	0.0869547
322	0.0841064
323	0.0815023
324	0.0784098
325	0.0740153
326	0.0726318
327	0.0706787
328	0.069458
329	0.0681559
330	0.0674235
331	0.0657959
332	0.0626221
333	0.0603434
334	0.0579834
335	0.0557047
336	0.0545654
337	0.052775
338	0.0512288
339	0.049764
340	0.0495198
341	0.048706
342	0.0475667
343	0.045695
344	0.0454508
345	0.0452067
346	0.0442301
347	0.0430908
348	0.0418701
349	0.0400797
350	0.0383707
351	0.0366618
352	0.0347086
353	0.0331624
354	0.030721
355	0.0295003
356	0.0278727
357	0.0268148
358	0.0260823
359	0.0247803
360	0.0230713
361	0.0230713
362	0.0227457
363	0.0218506
364	0.0200602
365	0.0194905
366	0.0186767
367	0.0176188
368	0.0152588
369	0.0154215
370	0.0148519
371	0.0140381
372	0.0133056
373	0.0123291
374	0.0115967
375	0.0108642
376	0.00964353
377	0.00891111
378	0.00899249
379	0.00874835
380	0.00817869
381	0.00801593
382	0.00874835
383	0.00907387
384	0.00964353
385	0.00948077
386	0.00972492
387	0.0100504
388	0.0102132
389	0.0112711
390	0.011678
391	0.0112711
392	0.0107829
393	0.0104573
394	0.00996906
395	0.00826007
396	0.00834145
397	0.00809731
398	0.00915525
399	0.00939939
400	0.0098063
401	0.0102132
402	0.0102132
403	0.0102132
404	0.0108642
405	0.0111898
406	0.0105387
407	0.0102132
408	0.0115967
409	0.0123291
410	0.0130615
411	0.0128987
412	0.0129801
413	0.0118408
414	0.0112711
415	0.0111084
416	0.00964353
417	0.00850421
418	0.00703937
419	0.00655109
420	0.0056559
421	0.0040283
422	0.00378416
423	0.0028076
424	0.00207518
425	0.00134275
426	0.000366191
427	0.000366191
428	0.000854472
429	-0.000773132
430	-0.00118003
431	-0.00174969
432	-0.00191245
433	-0.00240074
434	-0.00118003
435	-0.00150555
436	-0.00248212
437	-0.00231936
438	-0.00109865
439	-0.00199383
440	-0.00329592
441	-0.0033773
442	-0.00223798
443	-0.00321454
444	-0.00557456
445	-0.00598147
446	-0.0050049
447	-0.00590008
448	-0.00646975
449	-0.0058187
450	-0.00614423
451	-0.0058187
452	-0.00663251
453	-0.00769045
454	-0.00809735
455	-0.00695803
456	-0.00769045
457	-0.00964357
458	-0.0106201
459	-0.00939943
460	-0.0099691
461	-0.0107015
462	-0.0113526
463	-0.011027
464	-0.011027
465	-0.0117595
466	-0.0128988
467	-0.0126546
468	-0.0119222
469	-0.0128988
470	-0.0147705
471	-0.0149333
472	-0.0135498
473	-0.012085
474	-0.0129802
475	-0.012085
476	-0.0107829
477	-0.0101319
478	-0.00939943
479	-0.00874839
480	-0.00777183
481	-0.00703941
482	-0.00646975
483	-0.00663251
484	-0.00590008
485	-0.00557456
486	-0.00598147
487	-0.00638837
488	-0.00622561
489	-0.00646975
490	-0.00663251
491	-0.00687665
492	-0.00712079
493	-0.00769045
494	-0.00809735
495	-0.00882977
496	-0.00891115
497	-0.00980633
498	-0.00980633
499	-0.0107829
500	-0.0109457
501	-0.0113526
502	-0.0120036
503	-0.0112712
504	-0.0117595
505	-0.0124919
506	-0.0124105
507	-0.0124919
508	-0.0141195
509	-0.0140381
510	-0.0137126
511	-0.013794
512	-0.0146891
513	-0.0156657
514	-0.0148519
515	-0.0141195
516	-0.0150147
517	-0.0154216
518	-0.0155843
519	-0.014445
520	-0.014445
521	-0.0136312
522	-0.0139567
523	-0.0141195
524	-0.0136312
525	-0.0142009
526	-0.0140381
527	-0.0136312
528	-0.0143636
529	-0.0143636
530	-0.0147705
531	-0.0140381
532	-0.0136312
533	-0.0145264
534	-0.0149333
535	-0.0150147
536	-0.0146078
537	-0.0146078
538	-0.0151774
539	-0.0147705
540	-0.0146078
541	-0.014445
542	-0.0153402
543	-0.0151774
544	-0.0143636
545	-0.0146891
546	-0.0136312
547	-0.0138753
548	-0.013794
549	-0.0135498
550	-0.012736
551	-0.0128988
552	-0.0117595
553	-0.0119222
554	-0.0114339
555	-0.0113526
556	-0.011027
557	-0.0117595
558	-0.0129802
559	-0.0129802
560	-0.0129802
561	-0.0133057
562	-0.014445
563	-0.0146078
564	-0.016154
565	-0.0163981
566	-0.016805
567	-0.0167237
568	-0.0155029
569	-0.0158285
570	-0.0155029
571	-0.0146078
572	-0.0129802
573	-0.0131429
574	-0.0141195
575	-0.0141195
576	-0.0142822
577	-0.0141195
578	-0.0142009
579	-0.0145264
580	-0.0152588
581	-0.0150147
582	-0.0159099
583	-0.016805
584	-0.0167237
585	-0.016805
586	-0.0176188
587	-0.0177816
588	-0.0152588
589	-0.013794
590	-0.0131429
591	-0.0130615
592	-0.0122477
593	-0.012085
594	-0.0115967
595	-0.0119222
596	-0.012085
597	-0.0116781
598	-0.0112712
599	-0.0111084
600	-0.0114339
601	-0.0120036
602	-0.0119222
603	-0.0129802
604	-0.0131429
605	-0.012736
606	-0.0129802
607	-0.0119222
608	-0.012085
609	-0.0125733
610	-0.012736
611	-0.0122477
612	-0.0124919
613	-0.0126546
614	-0.0126546
615	-0.0133057
616	-0.0142009
617	-0.014445
618	-0.0153402
619	-0.014445
620	-0.0146078
621	-0.0141195
622	-0.0148519
623	-0.014445
624	-0.014445
625	-0.0147705
626	-0.0149333
627	-0.0149333
628	-0.0147705
629	-0.0146891
630	-0.0149333
631	-0.0152588
632	-0.0157471
633	-0.0151774
634	-0.0162354
635	-0.0159099
636	-0.0154216
637	-0.0146078
638	-0.0148519
639	-0.0153402
640	-0.0151774
641	-0.0153402
642	-0.0167237
643	-0.0172119
644	-0.016805
645	-0.0171306
646	-0.0170492
647	-0.0157471
648	-0.016154
649	-0.0148519
650	-0.0146891
651	-0.0140381
652	-0.0133871
653	-0.0126546
654	-0.0131429
655	-0.0126546
656	-0.0125733
657	-0.0119222
658	-0.0133057
659	-0.0126546
660	-0.0139567
661	-0.0148519
662	-0.0154216
663	-0.0152588
664	-0.0163981
665	-0.0176188
666	-0.0176188
667	-0.0175375
668	-0.0177816
669	-0.017863
670	-0.0172119
671	-0.0173747
672	-0.0182699
673	-0.0193278
674	-0.0184326
675	-0.017863
676	-0.0176188
677	-0.0183513
678	-0.018514
679	-0.0190023
680	-0.0190023
681	-0.0197347
682	-0.020223
683	-0.0187582
684	-0.0188395
685	-0.0200602
686	-0.0201416
687	-0.0199789
688	-0.0192464
689	-0.0205485
690	-0.0218506
691	-0.0213623
692	-0.0207927
693	-0.0206299
694	-0.021932
695	-0.0217692
696	-0.020874
697	-0.0216065
698	-0.0218506
699	-0.021932
700	-0.0205485
701	-0.0210368
702	-0.0216878
703	-0.0210368
704	-0.0204671
705	-0.0190837
706	-0.018514
707	-0.0179444
708	-0.0180257
709	-0.018514
710	-0.0190023
711	-0.0191651
712	-0.0181071
713	-0.0176188
714	-0.0182699
715	-0.0186768
716	-0.0182699
717	-0.0188395
718	-0.0193278
719	-0.0199789
720	-0.0194906
721	-0.0200602
722	-0.0194092
723	-0.0201416
724	-0.0207113
725	-0.020223
726	-0.0190837
727	-0.0193278
728	-0.019572
729	-0.0190023
730	-0.0181885
731	-0.0190023
732	-0.0189209
733	-0.018514
734	-0.0180257
735	-0.0190023
736	-0.0197347
737	-0.0194906
738	-0.0191651
739	-0.0188395
740	-0.0199789
741	-0.0196533
742	-0.0194906
743	-0.0196533
744	-0.020223
745	-0.0194092
746	-0.0188395
747	-0.0193278
748	-0.0190023
749	-0.0189209
750	-0.018514
751	-0.018514
752	-0.0183513
753	-0.018514
754	-0.0190837
755	-0.0190023
756	-0.0191651
757	-0.0188395
758	-0.0203044
759	-0.0203858
760	-0.0196533
761	-0.020223
762	-0.0194092
763	-0.019572
764	-0.0176188
765	-0.0181071
766	-0.0177002
767	-0.0164795
768	-0.0163981
769	-0.0159912
770	-0.0158285
771	-0.0163168
772	-0.0166423
773	-0.016154
774	-0.016154
775	-0.0177002
776	-0.0181885
777	-0.0174561
778	-0.0173747
779	-0.0163168
780	-0.0169678
781	-0.0172933
782	-0.0176188
783	-0.0184326
784	-0.0190837
785	-0.0188395
786	-0.0188395
787	-0.0183513
788	-0.0179444
789	-0.0179444
790	-0.0171306
791	-0.0167237
792	-0.017863
793	-0.0175375
794	-0.0171306
795	-0.017863
796	-0.0184326
797	-0.0187582
798	-0.0189209
799	-0.0184326
800	-0.0186768
801	-0.0191651
802	-0.0193278
803	-0.0187582
804	-0.0190837
805	-0.0194092
806	-0.0192464
807	-0.0190023
808	-0.0190023
809	-0.0189209
810	-0.0187582
811	-0.0182699
812	-0.0180257
813	-0.0183513
814	-0.0184326
815	-0.0190023
816	-0.018514
817	-0.0187582
818	-0.0198161
819	-0.0197347
820	-0.0198975
821	-0.0199789
822	-0.020223
823	-0.0199789
824	-0.0201416
825	-0.0207927
826	-0.0210368
827	-0.0217692
828	-0.0207113
829	-0.0204671
830	-0.020223
831	-0.0196533
832	-0.0198161
833	-0.0211182
834	-0.0207927
835	-0.0211182
836	-0.0204671
837	-0.0205485
838	-0.020223
839	-0.020874
840	-0.0203858
841	-0.0213623
842	-0.0211182
843	-0.0199789
844	-0.0188395
845	-0.0188395
846	-0.0183513
847	-0.0179444
848	-0.0184326
849	-0.0190023
850	-0.0190023
851	-0.0185954
852	-0.018514
853	-0.0185954
854	-0.0184326
855	-0.0190023
856	-0.0201416
857	-0.0200602
858	-0.0209554
859	-0.020223
860	-0.0203858
861	-0.0201416
862	-0.020874
863	-0.020223
864	-0.0185954
865	-0.0173747
866	-0.0159912
867	-0.0146891
868	-0.0146078
869	-0.014445
870	-0.014445
871	-0.0136312
872	-0.0137126
873	-0.0157471
874	-0.0158285
875	-0.0149333
876	-0.0162354
877	-0.0167237
878	-0.0175375
879	-0.0183513
880	-0.0190023
881	-0.0181885
882	-0.0183513
883	-0.0185954
884	-0.0181885
885	-0.0181885
886	-0.017863
887	-0.0169678
888	-0.016805
889	-0.0172119
890	-0.0175375
891	-0.0179444
892	-0.0181071
893	-0.0177816
894	-0.0184326
895	-0.0193278
896	-0.0191651
897	-0.0188395
898	-0.0181885
899	-0.0187582
900	-0.0185954
901	-0.0169678
902	-0.0171306
903	-0.0174561
904	-0.0175375
905	-0.0168864
906	-0.0168864
907	-0.0177002
908	-0.0168864
909	-0.0165609
910	-0.0169678
911	-0.0171306
912	-0.0175375
913	-0.0175375
914	-0.0169678
915	-0.0176188
916	-0.0181071
917	-0.0180257
918	-0.0181885
919	-0.018514
920	-0.0180257
921	-0.0181885
922	-0.0180257
923	-0.0168864
924	-0.017863
925	-0.0177002
926	-0.0184326
927	-0.0179444
928	-0.0179444
929	-0.0181071
930	-0.0181071
931	-0.0182699
932	-0.0187582
933	-0.018514
934	-0.0186768
935	-0.0180257
936	-0.0190837
937	-0.0190837
938	-0.0190023
939	-0.0194092
940	-0.0181885
941	-0.0175375
942	-0.0184326
943	-0.0181885
944	-0.0166423
945	-0.0149333
946	-0.0155029
947	-0.0154216
948	-0.0145264
949	-0.0150147
950	-0.0155843
951	-0.0158285
952	-0.0163168
953	-0.0167237
954	-0.0162354
955	-0.016154
956	-0.0175375
957	-0.0174561
958	-0.016805
959	-0.0166423
960	-0.0180257
961	-0.0181071
962	-0.0181071
963	-0.0177002
964	-0.0177002
965	-0.0179444
966	-0.0177002
967	-0.0173747
968	-0.0180257
969	-0.0177816
970	-0.0175375
971	-0.0166423
972	-0.0166423
973	-0.016154
974	-0.0159099
975	-0.0160726
976	-0.0169678
977	-0.0169678
978	-0.0173747
979	-0.0168864
980	-0.0171306
981	-0.0183513
982	-0.0191651
983	-0.0181071
984	-0.0172933
985	-0.017863
986	-0.0183513
987	-0.0185954
988	-0.0180257
989	-0.0184326
990	-0.0185954
991	-0.0186768
992	-0.0190023
993	-0.0184326
994	-0.0194906
995	-0.0204671
996	-0.0197347
997	-0.0189209
998	-0.0193278
999	-0.0209554
1000	-0.0199789
1001	-0.018514
1002	-0.0201416
1003	-0.0215251
1004	-0.0200602
1005	-0.0198161
1006	-0.0206299
1007	-0.020874
1008	-0.0203858
1009	-0.0205485
1010	-0.020223
1011	-0.0201416
1012	-0.0205485
1013	-0.0205485
1014	-0.020223
1015	-0.0209554
1016	-0.0213623
1017	-0.0203044
1018	-0.0200602
1019	-0.0194906
1020	-0.0190837
1021	-0.0180257
1022	-0.0169678
1023	-0.016154
