0	1.01015e-05
1	-0.000104645
2	-7.77891e-05
3	-0.000187652
4	-0.000170563
5	-0.000248688
6	-0.000214508
7	-0.000158356
8	-0.00027066
9	-0.00014859
10	-0.000297516
11	-0.000390289
12	-0.000470856
13	-0.000407379
14	-0.000309723
15	-0.000109527
16	-0.000138824
17	-8.26719e-05
18	-8.75548e-05
19	-0.000109527
20	9.31093e-05
21	0.000112641
22	8.82265e-05
23	-0.000163238
24	0.000112641
25	0.00030307
26	7.11367e-05
27	-0.000209625
28	-0.000141266
29	-5.58165e-05
30	0.000137055
31	0.000107758
32	9.55507e-05
33	-1.43126e-05
34	8.82265e-05
35	0.000185883
36	0.000127289
37	6.38124e-05
38	7.60195e-05
39	0.000298187
40	0.000220062
41	0.000256684
42	0.000368988
43	0.000256684
44	0.000139496
45	0.000251801
46	0.000222504
47	0.00021518
48	0.000344574
49	0.000322601
50	0.000293305
51	0.000378754
52	0.000469086
53	0.000532562
54	0.00052768
55	0.000774262
56	0.00183139
57	0.00582797
58	0.0186771
59	0.0523563
60	0.119917
61	0.221807
62	0.345445
63	0.474954
64	0.599578
65	0.714502
66	0.817471
67	0.907703
68	0.985188
69	1.05036
70	1.10427
71	1.14773
72	1.18255
73	1.21008
74	1.23136
75	1.24771
76	1.26048
77	1.27038
78	1.27793
79	1.28502
80	1.2934
81	1.30404
82	1.31628
83	1.32908
84	1.3411
85	1.35162
86	1.36047
87	1.36722
88	1.37205
89	1.37506
90	1.37655
91	1.37629
92	1.37449
93	1.37154
94	1.36782
95	1.36302
96	1.35752
97	1.35139
98	1.34496
99	1.33831
100	1.33169
101	1.32504
102	1.31862
103	1.31193
104	1.30514
105	1.29819
106	1.29108
107	1.28397
108	1.27635
109	1.26835
110	1.25999
111	1.25144
112	1.24275
113	1.23409
114	1.22521
115	1.21661
116	1.20756
117	1.19865
118	1.18951
119	1.18059
120	1.1716
121	1.16252
122	1.15369
123	1.14482
124	1.1358
125	1.12674
126	1.11752
127	1.1085
128	1.09904
129	1.08974
130	1.08037
131	1.07106
132	1.06139
133	1.05165
134	1.04187
135	1.03199
136	1.02233
137	1.01251
138	1.00272
139	0.992786
140	0.983201
141	0.973631
142	0.964036
143	0.954556
144	0.945227
145	0.93586
146	0.926451
147	0.917202
148	0.907864
149	0.898694
150	0.889702
151	0.880926
152	0.872036
153	0.86336
154	0.854651
155	0.845923
156	0.837342
157	0.829019
158	0.820518
159	0.811929
160	0.80347
161	0.794888
162	0.786377
163	0.777574
164	0.768887
165	0.760681
166	0.752481
167	0.744158
168	0.735713
169	0.727886
170	0.720181
171	0.712337
172	0.704568
173	0.696983
174	0.689549
175	0.68229
176	0.675113
177	0.667932
178	0.660525
179	0.653269
180	0.645977
181	0.638816
182	0.631592
183	0.624532
184	0.617466
185	0.610389
186	0.603623
187	0.596875
188	0.590066
189	0.583374
190	0.57667
191	0.570186
192	0.563455
193	0.55701
194	0.550586
195	0.544319
196	0.538001
197	0.531787
198	0.525625
199	0.519444
200	0.513648
201	0.507779
202	0.502283
203	0.496548
204	0.491097
205	0.485672
206	0.480513
207	0.47522
208	0.470179
209	0.464912
210	0.459724
211	0.454671
212	0.449737
213	0.444656
214	0.439644
215	0.434519
216	0.42958
217	0.424576
218	0.419663
219	0.414866
220	0.409986
221	0.405225
222	0.400406
223	0.395772
224	0.391219
225	0.386429
226	0.381802
227	0.377288
228	0.37272
229	0.368357
230	0.363872
231	0.359471
232	0.355159
233	0.350965
234	0.346805
235	0.342488
236	0.338465
237	0.334319
238	0.330325
239	0.326341
240	0.322207
241	0.318221
242	0.314314
243	0.31044
244	0.306543
245	0.302503
246	0.298907
247	0.295125
248	0.291385
249	0.287923
250	0.284431
251	0.281065
252	0.277825
253	0.274246
254	0.270962
255	0.267527
256	0.264312
257	0.261075
258	0.257852
259	0.254624
260	0.251326
261	0.248169
262	0.245027
263	0.241839
264	0.238553
265	0.235479
266	0.232578
267	0.229478
268	0.226556
269	0.223555
270	0.220589
271	0.217954
272	0.215088
273	0.212442
274	0.209734
275	0.207112
276	0.20461
277	0.20219
278	0.199724
279	0.197378
280	0.195118
281	0.192779
282	0.190533
283	0.188367
284	0.186211
285	0.184019
286	0.181568
287	0.179366
288	0.17709
289	0.174912
290	0.172659
291	0.170337
292	0.168084
293	0.165962
294	0.163811
295	0.16179
296	0.159942
297	0.158167
298	0.156514
299	0.155296
300	0.154063
301	0.152937
302	0.151663
303	0.150743
304	0.149993
305	0.149173
306	0.148606
307	0.148133
308	0.147525
309	0.146888
310	0.146092
311	0.145164
312	0.144085
313	0.143186
314	0.142217
315	0.141038
316	0.139871
317	0.138763
318	0.137654
319	0.136265
320	0.134956
321	0.133677
322	0.132249
323	0.130879
324	0.129234
325	0.127781
326	0.126433
327	0.124934
328	0.123396
329	0.121851
330	0.120498
331	0.119156
332	0.117823
333	0.116238
334	0.115044
335	0.11377
336	0.112317
337	0.110948
338	0.109546
339	0.108335
340	0.106917
341	0.105437
342	0.104158
343	0.10274
344	0.101475
345	0.100181
346	0.0987039
347	0.0973954
348	0.0962015
349	0.0949735
350	0.0937308
351	0.0924735
352	0.0913065
353	0.0900882
354	0.0890287
355	0.087869
356	0.0866556
357	0.0854007
358	0.084058
359	0.0828519
360	0.0816703
361	0.0801956
362	0.0787528
363	0.0776786
364	0.0764017
365	0.0750345
366	0.0739896
367	0.0731302
368	0.0722318
369	0.0712528
370	0.0703812
371	0.0695072
372	0.0685135
373	0.0675907
374	0.0666825
375	0.0658426
376	0.0648734
377	0.0638602
378	0.0629081
379	0.0619339
380	0.060784
381	0.0598392
382	0.058743
383	0.0576981
384	0.0566971
385	0.055784
386	0.0548026
387	0.0538553
388	0.0529935
389	0.0520706
390	0.0511502
391	0.0503788
392	0.0495023
393	0.0486698
394	0.0478568
395	0.0468753
396	0.0461185
397	0.0452787
398	0.0443949
399	0.0437455
400	0.0428324
401	0.0421854
402	0.0415067
403	0.0409549
404	0.0401468
405	0.0392166
406	0.0383133
407	0.0377616
408	0.0370096
409	0.0360721
410	0.0351883
411	0.0345194
412	0.0338944
413	0.0333817
414	0.0327787
415	0.0322025
416	0.0314798
417	0.0306302
418	0.0301615
419	0.0295169
420	0.0289261
421	0.0283646
422	0.0275833
423	0.0270438
424	0.026536
425	0.0259525
426	0.025286
427	0.024661
428	0.0240018
429	0.0232596
430	0.0225565
431	0.0220316
432	0.0214676
433	0.020867
434	0.0200614
435	0.0195291
436	0.0187406
437	0.0179642
438	0.0174808
439	0.0169901
440	0.0162845
441	0.0156644
442	0.0150394
443	0.0145047
444	0.0138895
445	0.013411
446	0.0128006
447	0.0121537
448	0.0116141
449	0.0108548
450	0.010391
451	0.00978061
452	0.00899448
453	0.00834262
454	0.00795932
455	0.00747592
456	0.00663608
457	0.00608188
458	0.00574496
459	0.00524204
460	0.00482455
461	0.00427036
462	0.00385287
463	0.00333286
464	0.00285922
465	0.00224399
466	0.00186313
467	0.00141879
468	0.000791351
469	0.000488617
470	0.000188324
471	-8.75548e-05
472	-0.000763824
473	-0.00132535
474	-0.00180386
475	-0.00218472
476	-0.0025314
477	-0.00300748
478	-0.0034274
479	-0.0037399
480	-0.00425015
481	-0.00444546
482	-0.00483853
483	-0.00514859
484	-0.00541226
485	-0.00584927
486	-0.00633511
487	-0.00677213
488	-0.00712857
489	-0.00753384
490	-0.00809048
491	-0.00860318
492	-0.00891812
493	-0.00943082
494	-0.00994351
495	-0.0106003
496	-0.011008
497	-0.0115768
498	-0.0118673
499	-0.012258
500	-0.0126364
501	-0.0132638
502	-0.0135983
503	-0.0140231
504	-0.0144479
505	-0.014758
506	-0.0148629
507	-0.0151754
508	-0.0154611
509	-0.0158371
510	-0.016174
511	-0.0166159
512	-0.0170089
513	-0.017175
514	-0.0174289
515	-0.0175045
516	-0.0175436
517	-0.0177658
518	-0.0176608
519	-0.0177829
520	-0.0180929
521	-0.0180929
522	-0.0181515
523	-0.0182711
524	-0.0185153
525	-0.01863
526	-0.0187692
527	-0.0188058
528	-0.0190695
529	-0.0192379
530	-0.0194577
531	-0.0197409
532	-0.0199093
533	-0.0200241
534	-0.0203073
535	-0.0206344
536	-0.0207834
537	-0.0210519
538	-0.0213009
539	-0.0213131
540	-0.0214059
541	-0.0218454
542	-0.0220334
543	-0.0221286
544	-0.0222848
545	-0.0227072
546	-0.0229123
547	-0.0229147
548	-0.0232199
549	-0.0234543
550	-0.0235885
551	-0.0237179
552	-0.0237228
553	-0.0240085
554	-0.0243161
555	-0.0245602
556	-0.0249069
557	-0.0249997
558	-0.0251144
559	-0.0253122
560	-0.0253805
561	-0.0254928
562	-0.0253903
563	-0.025278
564	-0.0250729
565	-0.0250338
566	-0.0251242
567	-0.0250778
568	-0.0251632
569	-0.0252121
570	-0.0254367
571	-0.0256833
572	-0.0256613
573	-0.0260885
574	-0.0261593
575	-0.0264718
576	-0.026567
577	-0.026567
578	-0.0267404
579	-0.0268087
580	-0.0268893
581	-0.0267282
582	-0.0267868
583	-0.0270553
584	-0.0271798
585	-0.0270822
586	-0.0272018
587	-0.0274191
588	-0.0277169
589	-0.0277462
590	-0.0279147
591	-0.0276681
592	-0.0265378
593	-0.0246188
594	-0.0221066
595	-0.0195919
596	-0.0175876
597	-0.0155026
598	-0.0135495
599	-0.011904
600	-0.0104586
601	-0.00925504
602	-0.00829556
603	-0.0075314
604	-0.00700894
605	-0.00662808
606	-0.00639127
607	-0.00619595
608	-0.00615445
609	-0.0062399
610	-0.00636929
611	-0.00645474
612	-0.0068356
613	-0.00701627
614	-0.00708463
615	-0.00735806
616	-0.00746793
617	-0.00764859
618	-0.00777066
619	-0.00819546
620	-0.00833707
621	-0.00854214
622	-0.00877896
623	-0.00901334
624	-0.00924039
625	-0.00946988
626	-0.00985074
627	-0.0102047
628	-0.0103708
629	-0.0106491
630	-0.010986
631	-0.0112423
632	-0.0112228
633	-0.01134
634	-0.0116208
635	-0.0117697
636	-0.0120236
637	-0.0122482
638	-0.012424
639	-0.0126925
640	-0.0128317
641	-0.0130246
642	-0.0133639
643	-0.0136007
644	-0.0138034
645	-0.0140255
646	-0.0145334
647	-0.0147604
648	-0.0150656
649	-0.0153219
650	-0.0157711
651	-0.0161349
652	-0.0162277
653	-0.0163937
654	-0.0167453
655	-0.0171261
656	-0.0174337
657	-0.0176828
658	-0.0179709
659	-0.018132
660	-0.0182638
661	-0.0185397
662	-0.01863
663	-0.0189303
664	-0.0192331
665	-0.0195187
666	-0.0197287
667	-0.019924
668	-0.0201559
669	-0.0204464
670	-0.0206271
671	-0.0209201
672	-0.0212545
673	-0.0215402
674	-0.0219113
675	-0.0220993
676	-0.0223312
677	-0.0224215
678	-0.0226388
679	-0.0228439
680	-0.0231588
681	-0.0232394
682	-0.0232101
683	-0.0233737
684	-0.0233639
685	-0.0233249
686	-0.0233468
687	-0.0234909
688	-0.0236032
689	-0.0237326
690	-0.0239425
691	-0.0242624
692	-0.0241378
693	-0.0241989
694	-0.0238205
695	-0.0231173
696	-0.0220651
697	-0.0209567
698	-0.019902
699	-0.0189816
700	-0.0181955
701	-0.0176217
702	-0.0171212
703	-0.0168942
704	-0.0165622
705	-0.0163644
706	-0.0160348
707	-0.0161056
708	-0.0164035
709	-0.0165426
710	-0.016694
711	-0.0168527
712	-0.0169186
713	-0.0173336
714	-0.0175656
715	-0.0177218
716	-0.0178634
717	-0.0179538
718	-0.0181442
719	-0.018298
720	-0.018403
721	-0.0187301
722	-0.0189743
723	-0.0190719
724	-0.0193063
725	-0.0194772
726	-0.0195578
727	-0.0196823
728	-0.0200558
729	-0.0202292
730	-0.0205514
731	-0.0210568
732	-0.0211618
733	-0.0214889
734	-0.0215402
735	-0.0217599
736	-0.0220236
737	-0.0223336
738	-0.0225461
739	-0.0227169
740	-0.0229538
741	-0.0230148
742	-0.0232882
743	-0.0236447
744	-0.0239816
745	-0.0242575
746	-0.024526
747	-0.0246505
748	-0.024819
749	-0.0250876
750	-0.0253878
751	-0.0255587
752	-0.0258053
753	-0.0259518
754	-0.0262643
755	-0.0264157
756	-0.0264352
757	-0.0266476
758	-0.0268161
759	-0.0271115
760	-0.0271066
761	-0.0272897
762	-0.0273703
763	-0.0275607
764	-0.027507
765	-0.0275827
766	-0.0276413
767	-0.0275631
768	-0.027463
769	-0.0275631
770	-0.0274753
771	-0.0273336
772	-0.0274093
773	-0.0274411
774	-0.027131
775	-0.0271017
776	-0.0269503
777	-0.0269284
778	-0.0268307
779	-0.0268332
780	-0.0268039
781	-0.0267868
782	-0.026882
783	-0.02686
784	-0.0269137
785	-0.0267013
786	-0.026716
787	-0.026777
788	-0.0266671
789	-0.0268063
790	-0.0270431
791	-0.0273727
792	-0.0276193
793	-0.0277536
794	-0.0277902
795	-0.0279464
796	-0.028049
797	-0.0283737
798	-0.0285153
799	-0.0286569
800	-0.0288083
801	-0.0290451
802	-0.0290353
803	-0.028984
804	-0.0291256
805	-0.0293527
806	-0.0294162
807	-0.0294772
808	-0.0295944
809	-0.029487
810	-0.0294967
811	-0.0294748
812	-0.0296457
813	-0.0298141
814	-0.0299069
815	-0.0299655
816	-0.0302047
817	-0.0302438
818	-0.030361
819	-0.0303952
820	-0.0305368
821	-0.0305978
822	-0.0307663
823	-0.0308029
824	-0.0307736
825	-0.0310275
826	-0.0313498
827	-0.0314865
828	-0.031611
829	-0.0316159
830	-0.0319333
831	-0.0320773
832	-0.0323239
833	-0.0324997
834	-0.0326657
835	-0.0326779
836	-0.0325973
837	-0.0325607
838	-0.03259
839	-0.0325778
840	-0.0325607
841	-0.0323971
842	-0.0320822
843	-0.0318503
844	-0.0316671
845	-0.0312301
846	-0.0310324
847	-0.0308249
848	-0.0303903
849	-0.0292282
850	-0.0269674
851	-0.0241867
852	-0.0211447
853	-0.0181662
854	-0.0154245
855	-0.0131955
856	-0.0112301
857	-0.00937222
858	-0.00756314
859	-0.00612759
860	-0.00496548
861	-0.00384976
862	-0.00317349
863	-0.00260464
864	-0.00217252
865	-0.00181119
866	-0.00145718
867	-0.00148892
868	-0.00157437
869	-0.00179166
870	-0.00178677
871	-0.00189908
872	-0.00189664
873	-0.00199429
874	-0.00192593
875	-0.00218961
876	-0.00227505
877	-0.00259976
878	-0.0026608
879	-0.00286588
880	-0.00322964
881	-0.00350064
882	-0.00370328
883	-0.00393765
884	-0.00434293
885	-0.00475796
886	-0.0051022
887	-0.00527798
888	-0.0055563
889	-0.00584195
890	-0.00602994
891	-0.00642789
892	-0.00654752
893	-0.00663785
894	-0.00684781
895	-0.00710904
896	-0.00732144
897	-0.00732632
898	-0.00763638
899	-0.00799039
900	-0.00805875
901	-0.00825162
902	-0.00859586
903	-0.00884732
904	-0.0090939
905	-0.00927945
906	-0.00925504
907	-0.00929898
908	-0.0094064
909	-0.00939908
910	-0.00941617
911	-0.0096066
912	-0.00977505
913	-0.00986783
914	-0.00998257
915	-0.0101535
916	-0.0102121
917	-0.0104245
918	-0.010444
919	-0.0104489
920	-0.0106564
921	-0.0105392
922	-0.0107589
923	-0.0109762
924	-0.0112497
925	-0.0114499
926	-0.0113839
927	-0.0114084
928	-0.0115207
929	-0.011821
930	-0.0118673
931	-0.0122213
932	-0.0123019
933	-0.0126608
934	-0.0128537
935	-0.0129586
936	-0.0131735
937	-0.0133395
938	-0.0135983
939	-0.0138327
940	-0.0140475
941	-0.0142453
942	-0.0143503
943	-0.0144626
944	-0.0142746
945	-0.0139596
946	-0.0138498
947	-0.0139499
948	-0.0140011
949	-0.0140573
950	-0.0140036
951	-0.0140573
952	-0.0142404
953	-0.014216
954	-0.0141916
955	-0.0144381
956	-0.0148092
957	-0.0149118
958	-0.0151364
959	-0.0155148
960	-0.0157809
961	-0.0158932
962	-0.0160006
963	-0.0163009
964	-0.0166012
965	-0.0167575
966	-0.0169577
967	-0.0172018
968	-0.0174118
969	-0.0176339
970	-0.0177267
971	-0.0177731
972	-0.0181637
973	-0.0183297
974	-0.0185202
975	-0.0186984
976	-0.0190793
977	-0.0192038
978	-0.0193014
979	-0.0191037
980	-0.0191305
981	-0.0188253
982	-0.0182809
983	-0.0178756
984	-0.0176169
985	-0.01738
986	-0.0169674
987	-0.0166232
988	-0.0165744
989	-0.0164865
990	-0.0164767
991	-0.0164279
992	-0.0164254
993	-0.0166476
994	-0.0167892
995	-0.0169992
996	-0.0171701
997	-0.0174753
998	-0.0178293
999	-0.0179709
1000	-0.0181491
1001	-0.0183395
1002	-0.0187106
1003	-0.0189181
1004	-0.0187961
1005	-0.018984
1006	-0.0191012
1007	-0.0193795
1008	-0.0197018
1009	-0.0200094
1010	-0.0200729
1011	-0.0201144
1012	-0.0200949
1013	-0.0198825
1014	-0.0196237
1015	-0.0194552
1016	-0.0194186
1017	-0.0192355
1018	-0.019277
1019	-0.0191671
1020	-0.0191598
1021	-0.0191183
1022	-0.0190988
1023	-0.0190622
