0	-0.000167135
1	-0.000247701
2	-0.000203756
3	-0.000389303
4	-0.000530905
5	-0.00050649
6	-0.000386862
7	-0.000176901
8	-0.00021108
9	-8.65686e-05
10	-0.000115865
11	-0.000118307
12	6.20484e-06
13	0.000111185
14	1.59705e-05
15	-7.43616e-05
16	2.81775e-05
17	-5.72717e-05
18	2.08533e-05
19	0.000338236
20	0.000350443
21	5.74744e-05
22	-0.000252584
23	-0.000259908
24	-0.000184225
25	-0.000206198
26	-0.000272115
27	-0.000281881
28	-0.000150045
29	-6.00219e-06
30	6.724e-05
31	0.000164896
32	0.000243021
33	0.000352885
34	0.000374857
35	0.000350443
36	0.000387064
37	0.000467631
38	0.000348002
39	0.000333353
40	0.000135599
41	3.79431e-05
42	-0.000157369
43	1.32203e-06
44	1.10877e-05
45	5.01502e-05
46	3.30603e-05
47	0.000111185
48	0.00018931
49	0.000455424
50	0.000387064
51	0.000123392
52	-0.000103658
53	-0.000274557
54	-0.00026235
55	-0.000230612
56	-0.000162252
57	-0.00012319
58	0.000243021
59	0.00133677
60	0.00490367
61	0.017555
62	0.0570375
63	0.15694
64	0.354327
65	0.66724
66	1.07861
67	1.53689
68	1.97732
69	2.3534
70	2.64672
71	2.85557
72	2.9881
73	3.0571
74	3.07704
75	3.06157
76	3.02324
77	2.97192
78	2.91544
79	2.85897
80	2.80545
81	2.75555
82	2.71033
83	2.67014
84	2.63481
85	2.60401
86	2.57667
87	2.55176
88	2.52971
89	2.50955
90	2.49098
91	2.47356
92	2.45755
93	2.44261
94	2.4271
95	2.41037
96	2.3927
97	2.37361
98	2.35325
99	2.33228
100	2.31147
101	2.29042
102	2.26997
103	2.24935
104	2.22876
105	2.20795
106	2.18715
107	2.16617
108	2.14505
109	2.12465
110	2.10492
111	2.08519
112	2.06521
113	2.04565
114	2.02693
115	2.00999
116	1.99489
117	1.98113
118	1.96769
119	1.95354
120	1.93904
121	1.92384
122	1.90826
123	1.8916
124	1.87375
125	1.85525
126	1.83628
127	1.81719
128	1.79836
129	1.78008
130	1.76271
131	1.7457
132	1.72869
133	1.7114
134	1.69394
135	1.67632
136	1.65924
137	1.64258
138	1.62726
139	1.61272
140	1.59848
141	1.58433
142	1.57032
143	1.55635
144	1.54201
145	1.52745
146	1.51243
147	1.49761
148	1.48276
149	1.46821
150	1.45406
151	1.4402
152	1.4268
153	1.41346
154	1.4
155	1.38684
156	1.37431
157	1.36267
158	1.35202
159	1.34198
160	1.33204
161	1.32191
162	1.31123
163	1.29992
164	1.28779
165	1.27505
166	1.26217
167	1.24889
168	1.23592
169	1.2232
170	1.21101
171	1.19942
172	1.18768
173	1.17573
174	1.1639
175	1.15199
176	1.14042
177	1.12903
178	1.11786
179	1.10722
180	1.09664
181	1.08584
182	1.07553
183	1.06495
184	1.05429
185	1.04369
186	1.03337
187	1.0235
188	1.01362
189	1.00381
190	0.993759
191	0.983734
192	0.973942
193	0.963751
194	0.953673
195	0.943993
196	0.934357
197	0.924572
198	0.914625
199	0.905067
200	0.895853
201	0.886771
202	0.878117
203	0.869779
204	0.861642
205	0.853202
206	0.84486
207	0.836857
208	0.829122
209	0.822035
210	0.815494
211	0.809484
212	0.803927
213	0.798099
214	0.791503
215	0.784459
216	0.776688
217	0.768456
218	0.760385
219	0.752687
220	0.745304
221	0.737904
222	0.730739
223	0.724218
224	0.718097
225	0.711906
226	0.705624
227	0.699384
228	0.6932
229	0.687377
230	0.681635
231	0.675834
232	0.670316
233	0.664796
234	0.659391
235	0.653715
236	0.648038
237	0.641994
238	0.63589
239	0.629772
240	0.623712
241	0.617435
242	0.610978
243	0.604259
244	0.597633
245	0.5914
246	0.585177
247	0.578817
248	0.571932
249	0.565707
250	0.559843
251	0.554708
252	0.549418
253	0.544357
254	0.538807
255	0.5334
256	0.527865
257	0.522326
258	0.517142
259	0.512628
260	0.508546
261	0.504266
262	0.499918
263	0.495548
264	0.491134
265	0.486705
266	0.482462
267	0.47912
268	0.47757
269	0.477523
270	0.478334
271	0.479059
272	0.477702
273	0.473727
274	0.46945
275	0.465136
276	0.460514
277	0.455846
278	0.450983
279	0.446239
280	0.441869
281	0.437894
282	0.434196
283	0.4307
284	0.427094
285	0.423839
286	0.42046
287	0.417433
288	0.414323
289	0.410792
290	0.407272
291	0.4037
292	0.399904
293	0.396061
294	0.392306
295	0.388956
296	0.385573
297	0.38215
298	0.379074
299	0.377003
300	0.376893
301	0.378097
302	0.381098
303	0.384818
304	0.389581
305	0.394826
306	0.40558
307	0.40827
308	0.405812
309	0.402973
310	0.399889
311	0.39681
312	0.393751
313	0.390927
314	0.388075
315	0.385299
316	0.382619
317	0.379535
318	0.376088
319	0.373544
320	0.371093
321	0.368844
322	0.36684
323	0.36485
324	0.363024
325	0.361698
326	0.361195
327	0.361471
328	0.361564
329	0.361168
330	0.360219
331	0.358981
332	0.357311
333	0.355394
334	0.353422
335	0.351268
336	0.349059
337	0.346488
338	0.343656
339	0.340631
340	0.337623
341	0.334708
342	0.331969
343	0.329581
344	0.328007
345	0.327379
346	0.32757
347	0.327335
348	0.326696
349	0.325744
350	0.324183
351	0.322247
352	0.320175
353	0.318256
354	0.316068
355	0.313573
356	0.311171
357	0.309142
358	0.30716
359	0.304818
360	0.30236
361	0.299743
362	0.297235
363	0.294816
364	0.292399
365	0.289965
366	0.287411
367	0.286727
368	0.289606
369	0.297692
370	0.307931
371	0.306039
372	0.304332
373	0.302484
374	0.300604
375	0.29848
376	0.296312
377	0.29393
378	0.291483
379	0.289259
380	0.286798
381	0.284608
382	0.282728
383	0.280834
384	0.279752
385	0.280661
386	0.286781
387	0.300075
388	0.301654
389	0.299984
390	0.298519
391	0.296959
392	0.295695
393	0.294828
394	0.294762
395	0.294113
396	0.293517
397	0.294147
398	0.297531
399	0.305949
400	0.319564
401	0.324928
402	0.330931
403	0.338195
404	0.345416
405	0.350839
406	0.35361
407	0.355077
408	0.35569
409	0.355465
410	0.354376
411	0.352985
412	0.351249
413	0.349269
414	0.346683
415	0.34329
416	0.340099
417	0.337189
418	0.33476
419	0.332518
420	0.330724
421	0.329118
422	0.327787
423	0.326586
424	0.325538
425	0.324518
426	0.323617
427	0.322843
428	0.322025
429	0.320995
430	0.319381
431	0.317865
432	0.31643
433	0.315343
434	0.314274
435	0.312941
436	0.311532
437	0.310307
438	0.309552
439	0.308822
440	0.307772
441	0.306442
442	0.30465
443	0.303544
444	0.302335
445	0.301305
446	0.30025
447	0.299154
448	0.298143
449	0.297172
450	0.295975
451	0.294823
452	0.2937
453	0.292609
454	0.291351
455	0.289804
456	0.288058
457	0.285773
458	0.283473
459	0.281564
460	0.280333
461	0.279232
462	0.278219
463	0.27715
464	0.276444
465	0.275668
466	0.274596
467	0.273629
468	0.272868
469	0.272421
470	0.271869
471	0.271058
472	0.270221
473	0.269271
474	0.267987
475	0.267011
476	0.265958
477	0.264816
478	0.263368
479	0.262111
480	0.260956
481	0.259926
482	0.259047
483	0.258178
484	0.257452
485	0.257145
486	0.257135
487	0.256815
488	0.256229
489	0.255414
490	0.254276
491	0.252877
492	0.251376
493	0.249804
494	0.248192
495	0.245824
496	0.243488
497	0.24111
498	0.238729
499	0.236832
500	0.235404
501	0.234183
502	0.233121
503	0.232265
504	0.231461
505	0.230675
506	0.23016
507	0.229537
508	0.22903
509	0.22861
510	0.2282
511	0.22747
512	0.226583
513	0.225414
514	0.224037
515	0.222831
516	0.221488
517	0.220099
518	0.219584
519	0.219213
520	0.219135
521	0.218519
522	0.217616
523	0.216481
524	0.21536
525	0.214266
526	0.213014
527	0.211962
528	0.210746
529	0.209193
530	0.207763
531	0.206066
532	0.204428
533	0.202868
534	0.201517
535	0.200209
536	0.199213
537	0.198632
538	0.197931
539	0.197052
540	0.196627
541	0.195951
542	0.195228
543	0.194086
544	0.193297
545	0.192533
546	0.191659
547	0.190324
548	0.189161
549	0.188126
550	0.18733
551	0.186425
552	0.185477
553	0.184381
554	0.182924
555	0.181571
556	0.180326
557	0.179061
558	0.177904
559	0.176654
560	0.175936
561	0.175245
562	0.17475
563	0.174379
564	0.173817
565	0.173363
566	0.172699
567	0.172177
568	0.171171
569	0.170082
570	0.169125
571	0.168134
572	0.167335
573	0.166268
574	0.164913
575	0.163864
576	0.162587
577	0.161664
578	0.161449
579	0.162157
580	0.16329
581	0.165016
582	0.166564
583	0.167633
584	0.168087
585	0.168034
586	0.167731
587	0.167365
588	0.16671
589	0.165978
590	0.164806
591	0.163861
592	0.162604
593	0.161334
594	0.16015
595	0.159489
596	0.161127
597	0.167543
598	0.179855
599	0.182936
600	0.181569
601	0.180438
602	0.179188
603	0.177877
604	0.176476
605	0.175097
606	0.174166
607	0.173214
608	0.172057
609	0.171107
610	0.169952
611	0.168593
612	0.167509
613	0.166159
614	0.164918
615	0.163422
616	0.162318
617	0.161185
618	0.160248
619	0.159035
620	0.157973
621	0.156823
622	0.155883
623	0.154743
624	0.153759
625	0.152831
626	0.151735
627	0.150902
628	0.149999
629	0.149274
630	0.149059
631	0.148722
632	0.147389
633	0.146115
634	0.144735
635	0.14329
636	0.141867
637	0.140487
638	0.139259
639	0.139008
640	0.140275
641	0.143473
642	0.148185
643	0.153075
644	0.157286
645	0.159276
646	0.158217
647	0.157316
648	0.156315
649	0.155739
650	0.155368
651	0.154882
652	0.154362
653	0.15381
654	0.153305
655	0.152702
656	0.151303
657	0.149967
658	0.148839
659	0.14818
660	0.147286
661	0.14632
662	0.145148
663	0.143917
664	0.14296
665	0.142228
666	0.14164
667	0.140912
668	0.139782
669	0.138832
670	0.138012
671	0.137025
672	0.136151
673	0.135568
674	0.134762
675	0.134193
676	0.133827
677	0.133117
678	0.132604
679	0.132318
680	0.132057
681	0.133024
682	0.134804
683	0.137396
684	0.140641
685	0.142951
686	0.144706
687	0.145453
688	0.145717
689	0.145416
690	0.144762
691	0.143544
692	0.142125
693	0.140975
694	0.139616
695	0.13858
696	0.137714
697	0.137028
698	0.136322
699	0.135648
700	0.135053
701	0.134017
702	0.13287
703	0.131412
704	0.130468
705	0.129882
706	0.129332
707	0.12851
708	0.127045
709	0.125983
710	0.125446
711	0.124674
712	0.123827
713	0.123031
714	0.122316
715	0.121798
716	0.121266
717	0.120499
718	0.119596
719	0.118866
720	0.118043
721	0.117496
722	0.116845
723	0.116256
724	0.116229
725	0.116627
726	0.117296
727	0.117855
728	0.117997
729	0.118124
730	0.118046
731	0.117509
732	0.117008
733	0.116483
734	0.11547
735	0.114464
736	0.1134
737	0.112838
738	0.112162
739	0.1115
740	0.110958
741	0.11046
742	0.109679
743	0.108986
744	0.108209
745	0.107619
746	0.106666
747	0.105941
748	0.105431
749	0.10473
750	0.103959
751	0.102999
752	0.102067
753	0.101212
754	0.100582
755	0.0998329
756	0.0994935
757	0.0992396
758	0.0989784
759	0.0989051
760	0.0988441
761	0.0989344
762	0.0985731
763	0.0978602
764	0.0969618
765	0.0960902
766	0.0955043
767	0.0956068
768	0.0958216
769	0.0962171
770	0.0963319
771	0.0963319
772	0.0963978
773	0.0962709
774	0.0967054
775	0.0989051
776	0.103502
777	0.109982
778	0.117218
779	0.120663
780	0.120365
781	0.120206
782	0.120072
783	0.119811
784	0.11975
785	0.119486
786	0.118722
787	0.118202
788	0.117689
789	0.116891
790	0.116129
791	0.115236
792	0.114235
793	0.113346
794	0.112597
795	0.112123
796	0.111742
797	0.111757
798	0.111874
799	0.112391
800	0.113024
801	0.11351
802	0.113707
803	0.113339
804	0.11278
805	0.112155
806	0.111762
807	0.111354
808	0.11088
809	0.110375
810	0.109733
811	0.108734
812	0.108048
813	0.10746
814	0.106793
815	0.106395
816	0.106058
817	0.105895
818	0.105751
819	0.105734
820	0.105814
821	0.105507
822	0.10527
823	0.104801
824	0.104266
825	0.103746
826	0.103234
827	0.102667
828	0.102201
829	0.101337
830	0.100441
831	0.099308
832	0.0985707
833	0.0982948
834	0.0986585
835	0.0990492
836	0.0997792
837	0.100866
838	0.102379
839	0.10539
840	0.110253
841	0.116036
842	0.12194
843	0.127387
844	0.131593
845	0.132025
846	0.131249
847	0.130177
848	0.128859
849	0.127758
850	0.126974
851	0.126058
852	0.124833
853	0.12361
854	0.122584
855	0.122103
856	0.121849
857	0.121234
858	0.121076
859	0.121159
860	0.121259
861	0.121303
862	0.121268
863	0.121088
864	0.120563
865	0.12017
866	0.119657
867	0.119122
868	0.118285
869	0.117311
870	0.116095
871	0.115116
872	0.114269
873	0.113187
874	0.112077
875	0.111229
876	0.110734
877	0.110321
878	0.10985
879	0.109376
880	0.108895
881	0.108317
882	0.10807
883	0.107843
884	0.107633
885	0.107184
886	0.106386
887	0.105016
888	0.103895
889	0.103173
890	0.102643
891	0.102072
892	0.101334
893	0.100399
894	0.0996522
895	0.0990589
896	0.0982167
897	0.0973451
898	0.0963612
899	0.0954725
900	0.0945594
901	0.0942372
902	0.0937367
903	0.0930506
904	0.0922596
905	0.0914466
906	0.0908314
907	0.0904261
908	0.0898719
909	0.089452
910	0.0892225
911	0.0891175
912	0.0886634
913	0.088329
914	0.087682
915	0.0870179
916	0.0862928
917	0.0854383
918	0.084496
919	0.083495
920	0.0826673
921	0.0820155
922	0.0818373
923	0.0817445
924	0.0820057
925	0.082638
926	0.083639
927	0.0845863
928	0.0850135
929	0.0850526
930	0.0851356
931	0.0851551
932	0.0851747
933	0.0851283
934	0.0843739
935	0.0836317
936	0.0830628
937	0.0826014
938	0.0821961
939	0.0816786
940	0.0808192
941	0.0801307
942	0.0794325
943	0.0789515
944	0.0784242
945	0.0779994
946	0.0777943
947	0.0798451
948	0.0865907
949	0.0991566
950	0.103549
951	0.10267
952	0.101788
953	0.101339
954	0.100971
955	0.100148
956	0.0994813
957	0.0989149
958	0.0985194
959	0.0977308
960	0.0967323
961	0.0957191
962	0.0954164
963	0.0954017
964	0.0956336
965	0.0959071
966	0.0963197
967	0.0964027
968	0.0961634
969	0.0961195
970	0.0956776
971	0.0952259
972	0.0946839
973	0.0939857
974	0.0934486
975	0.0928749
976	0.0924427
977	0.0919252
978	0.0918226
979	0.0921498
980	0.0933705
981	0.0956605
982	0.0982875
983	0.100978
984	0.103456
985	0.105101
986	0.106
987	0.106366
988	0.106723
989	0.106937
990	0.107203
991	0.10733
992	0.107238
993	0.10713
994	0.106737
995	0.106307
996	0.106107
997	0.105617
998	0.104725
999	0.103781
1000	0.103222
1001	0.102433
1002	0.101649
1003	0.100646
1004	0.10004
1005	0.0994252
1006	0.0984779
1007	0.097743
1008	0.0970985
1009	0.0975306
1010	0.100021
1011	0.106879
1012	0.118388
1013	0.124179
1014	0.123327
1015	0.122467
1016	0.121889
1017	0.121574
1018	0.12163
1019	0.121432
1020	0.120939
1021	0.120807
1022	0.120697
1023	0.120783
