0	0.000548633
1	0.000260547
2	0.000219043
3	-1.28901e-05
4	-2.75385e-05
5	0.000145801
6	0.000546192
7	0.000839161
8	0.000690235
9	0.000382618
10	0.000216602
11	-7.14839e-05
12	-0.000318066
13	-0.000279003
14	-0.000249707
15	-0.000357128
16	-0.000217968
17	-0.000125195
18	0.000272754
19	0.000573047
20	0.000729297
21	0.000675586
22	0.000599903
23	0.000697559
24	0.000621876
25	0.000692676
26	0.000555958
27	4.32622e-05
28	-2.99799e-05
29	0.000175098
30	0.000179981
31	4.19974e-06
32	-7.39253e-05
33	-0.000149609
34	-0.000213085
35	9.08256e-06
36	6.27935e-05
37	1.88482e-05
38	-0.000415722
39	-0.000396191
40	-0.000545117
41	-0.000628124
42	-0.000772167
43	-0.000799023
44	-0.000535351
45	-0.000618359
46	-0.000755078
47	-0.000872265
48	-0.000833203
49	-0.00046455
50	-0.00037666
51	-0.000164257
52	-0.000310742
53	-0.000257031
54	-0.00018623
55	-0.000239941
56	4.32622e-05
57	0.0014544
58	0.00744072
59	0.0252605
60	0.0669085
61	0.144809
62	0.25746
63	0.390676
64	0.529452
65	0.66309
66	0.786572
67	0.897868
68	0.995473
69	1.07917
70	1.14901
71	1.20515
72	1.24815
73	1.27949
74	1.30094
75	1.31498
76	1.32499
77	1.33364
78	1.34231
79	1.35088
80	1.35885
81	1.36582
82	1.37036
83	1.37169
84	1.37098
85	1.36948
86	1.36847
87	1.36864
88	1.37072
89	1.37408
90	1.37684
91	1.3771
92	1.37361
93	1.36568
94	1.35509
95	1.34453
96	1.33527
97	1.32884
98	1.3252
99	1.32386
100	1.32285
101	1.32031
102	1.31497
103	1.30602
104	1.29374
105	1.27984
106	1.267
107	1.25639
108	1.24892
109	1.24379
110	1.23962
111	1.23493
112	1.22818
113	1.21873
114	1.20729
115	1.19507
116	1.18299
117	1.17246
118	1.16355
119	1.15577
120	1.14748
121	1.13756
122	1.12584
123	1.11294
124	1.09997
125	1.08827
126	1.07921
127	1.07373
128	1.07056
129	1.06702
130	1.06092
131	1.05034
132	1.03527
133	1.01675
134	0.997529
135	0.980414
136	0.967844
137	0.960876
138	0.958644
139	0.959382
140	0.960414
141	0.958193
142	0.950309
143	0.936508
144	0.917602
145	0.896528
146	0.876689
147	0.861598
148	0.853056
149	0.850881
150	0.852612
151	0.85539
152	0.855788
153	0.851559
154	0.841869
155	0.827018
156	0.809343
157	0.791484
158	0.775991
159	0.765053
160	0.759304
161	0.75778
162	0.758329
163	0.759155
164	0.757768
165	0.753224
166	0.745417
167	0.734623
168	0.722311
169	0.709355
170	0.69746
171	0.686396
172	0.677148
173	0.669972
174	0.664831
175	0.660859
176	0.657282
177	0.65403
178	0.650458
179	0.645661
180	0.638896
181	0.630158
182	0.619059
183	0.606376
184	0.593945
185	0.583266
186	0.576293
187	0.573508
188	0.574011
189	0.57559
190	0.576435
191	0.574697
192	0.568403
193	0.55808
194	0.544587
195	0.529565
196	0.515678
197	0.505138
198	0.499899
199	0.49975
200	0.503222
201	0.507521
202	0.509897
203	0.508093
204	0.502707
205	0.499553
206	0.500114
207	0.452475
208	0.440488
209	0.432853
210	0.429738
211	0.430744
212	0.43413
213	0.437177
214	0.437392
215	0.433986
216	0.426764
217	0.417082
218	0.406074
219	0.39572
220	0.387219
221	0.381288
222	0.378024
223	0.376926
224	0.376935
225	0.376703
226	0.375312
227	0.372411
228	0.367768
229	0.361855
230	0.354972
231	0.347682
232	0.3403
233	0.333508
234	0.327851
235	0.323473
236	0.320905
237	0.319999
238	0.320029
239	0.320514
240	0.319875
241	0.317407
242	0.312499
243	0.30517
244	0.296657
245	0.288173
246	0.280837
247	0.275851
248	0.274196
249	0.275197
250	0.277795
251	0.28039
252	0.281159
253	0.278696
254	0.272643
255	0.26391
256	0.254067
257	0.245378
258	0.239116
259	0.236179
260	0.23696
261	0.24028
262	0.244413
263	0.247214
264	0.247065
265	0.243315
266	0.235854
267	0.226191
268	0.216506
269	0.20905
270	0.204758
271	0.203764
272	0.205617
273	0.208991
274	0.21247
275	0.21391
276	0.213141
277	0.209477
278	0.203368
279	0.196105
280	0.188942
281	0.183429
282	0.180136
283	0.179264
284	0.179865
285	0.181159
286	0.182687
287	0.183278
288	0.182231
289	0.179816
290	0.176308
291	0.171889
292	0.167013
293	0.162389
294	0.158444
295	0.155908
296	0.15457
297	0.15464
298	0.155658
299	0.157302
300	0.158744
301	0.159054
302	0.157975
303	0.155473
304	0.151298
305	0.146808
306	0.142951
307	0.140588
308	0.139904
309	0.140746
310	0.142743
311	0.14496
312	0.146594
313	0.146603
314	0.144589
315	0.141013
316	0.136269
317	0.131659
318	0.127883
319	0.125837
320	0.125671
321	0.127055
322	0.128918
323	0.130593
324	0.131252
325	0.130471
326	0.127551
327	0.123757
328	0.119462
329	0.115766
330	0.112619
331	0.111103
332	0.110778
333	0.111279
334	0.111877
335	0.112228
336	0.112367
337	0.111279
338	0.109062
339	0.106078
340	0.102839
341	0.0997283
342	0.0971136
343	0.0955486
344	0.0948821
345	0.095324
346	0.0961712
347	0.0970696
348	0.0973895
349	0.097055
350	0.0957171
351	0.0931609
352	0.0902117
353	0.0871136
354	0.0845916
355	0.0827068
356	0.0820989
357	0.0827435
358	0.0841302
359	0.0856927
360	0.0865179
361	0.0861834
362	0.084428
363	0.081823
364	0.0781097
365	0.0739495
366	0.070429
367	0.0682195
368	0.0674065
369	0.0680975
370	0.0699285
371	0.071867
372	0.0731414
373	0.0730438
374	0.0712908
375	0.0683392
376	0.0644012
377	0.0605291
378	0.0572698
379	0.0553021
380	0.0551507
381	0.0561565
382	0.0580779
383	0.0602703
384	0.0620062
385	0.0629998
386	0.0627752
387	0.0617303
388	0.0605779
389	0.0596111
390	0.0594915
391	0.0602923
392	0.0624114
393	0.0649822
394	0.0676067
395	0.0694939
396	0.0711126
397	0.0725066
398	0.0741888
399	0.0758685
400	0.0781365
401	0.0808172
402	0.083637
403	0.0863519
404	0.0892522
405	0.0920647
406	0.0949749
407	0.0975652
408	0.0998235
409	0.101279
410	0.101818
411	0.101393
412	0.100283
413	0.0986785
414	0.0969134
415	0.0952288
416	0.0940911
417	0.0932415
418	0.0930242
419	0.0939788
420	0.0955584
421	0.0968353
422	0.0977093
423	0.0976263
424	0.0962103
425	0.093952
426	0.0913226
427	0.0886126
428	0.0865496
429	0.0856829
430	0.0859271
431	0.0871624
432	0.08841
433	0.08924
434	0.0890496
435	0.0878875
436	0.0857806
437	0.0833855
438	0.0809954
439	0.0785955
440	0.0771722
441	0.0766741
442	0.0765301
443	0.0768133
444	0.0771404
445	0.0769183
446	0.0758978
447	0.0745403
448	0.072951
449	0.0711419
450	0.0693816
451	0.0679559
452	0.066806
453	0.066325
454	0.0659563
455	0.0656878
456	0.0652947
457	0.0647332
458	0.0999896
459	0.0901702
460	0.0784246
461	0.0658855
462	0.0599773
463	0.0587005
464	0.0577093
465	0.0571844
466	0.0566204
467	0.0561858
468	0.0554681
469	0.0548577
470	0.0540911
471	0.0533025
472	0.0521917
473	0.0506976
474	0.0493084
475	0.047868
476	0.0469061
477	0.0464813
478	0.0463494
479	0.0466253
480	0.0468108
481	0.0470086
482	0.047033
483	0.0464471
484	0.0450433
485	0.0433196
486	0.0418353
487	0.0403606
488	0.039638
489	0.0394476
490	0.0398089
491	0.0398772
492	0.0400164
493	0.0394598
494	0.038598
495	0.0368963
496	0.0350433
497	0.0333514
498	0.0318621
499	0.0306854
500	0.029931
501	0.0299871
502	0.0303826
503	0.0307488
504	0.0311102
505	0.0366229
506	0.040451
507	0.0430657
508	0.0446136
509	0.0456512
510	0.0463055
511	0.0465252
512	0.0461858
513	0.0456438
514	0.0447723
515	0.0434051
516	0.0413567
517	0.0392889
518	0.0371551
519	0.0350579
520	0.0330462
521	0.0312347
522	0.0298919
523	0.0287151
524	0.0274407
525	0.0264495
526	0.0256072
527	0.0250848
528	0.0243914
529	0.023969
530	0.0237811
531	0.0236761
532	0.0230804
533	0.0221014
534	0.0210247
535	0.0197894
536	0.0185857
537	0.0179729
538	0.017492
539	0.0175213
540	0.0174407
541	0.0172552
542	0.016491
543	0.0153558
544	0.014201
545	0.0129095
546	0.0119476
547	0.0110955
548	0.0107879
549	0.0109979
550	0.0111834
551	0.0112957
552	0.0112566
553	0.0106365
554	0.00963066
555	0.00843193
556	0.00723076
557	0.00628106
558	0.00563897
559	0.00538506
560	0.00528984
561	0.00552666
562	0.00607109
563	0.0060833
564	0.00544609
565	0.0044915
566	0.00342705
567	0.00236504
568	0.0012835
569	0.000458301
570	0.000145801
571	9.20904e-05
572	4.19974e-06
573	-1.77729e-05
574	-0.000249707
575	-0.000457226
576	-0.00123848
577	-0.00256172
578	-0.00341865
579	-0.00371406
580	-0.00348457
581	-0.00313545
582	-0.00308174
583	-0.00300361
584	-0.00311348
585	-0.00328682
586	-0.00362617
587	-0.00424629
588	-0.00450996
589	-0.00503486
590	-0.0056208
591	-0.00622383
592	-0.00673164
593	-0.00724189
594	-0.00753486
595	-0.00815498
596	-0.00843818
597	-0.00855537
598	-0.00842842
599	-0.00780586
600	-0.00720283
601	-0.00700508
602	-0.00692207
603	-0.00690498
604	-0.00726631
605	-0.00756172
606	-0.00758125
607	-0.00758369
608	-0.00715889
609	-0.00667305
610	-0.00599189
611	-0.00542793
612	-0.00530342
613	-0.00598945
614	-0.00683418
615	-0.00778389
616	-0.00898994
617	-0.0100104
618	-0.0104719
619	-0.0105646
620	-0.0103913
621	-0.00991768
622	-0.00952217
623	-0.0092585
624	-0.00940986
625	-0.0100275
626	-0.0108942
627	-0.0118122
628	-0.0126911
629	-0.0132136
630	-0.013487
631	-0.0135383
632	-0.0134357
633	-0.0121906
634	-0.00916572
635	-0.00363838
636	0.00321465
637	0.0104461
638	-0.0230866
639	-0.023465
640	-0.0238264
641	-0.0243684
642	-0.0248615
643	-0.0251813
644	-0.025279
645	-0.025384
646	-0.0253278
647	-0.0255866
648	-0.0256623
649	-0.0258967
650	-0.0263728
651	-0.0267609
652	-0.0270246
653	-0.02732
654	-0.0272785
655	-0.027176
656	-0.026927
657	-0.026507
658	-0.0262287
659	-0.0263923
660	-0.0266657
661	-0.0270051
662	-0.0276887
663	-0.0284016
664	-0.0292438
665	-0.0296589
666	-0.029549
667	-0.0290461
668	-0.0286384
669	-0.0281818
670	-0.0278522
671	-0.0278254
672	-0.0285456
673	-0.0293732
674	-0.0302253
675	-0.030843
676	-0.0312604
677	-0.0307771
678	-0.0298298
679	-0.0285114
680	-0.0268635
681	-0.0250861
682	-0.0234382
683	-0.0220759
684	-0.0212873
685	-0.0211555
686	-0.021656
687	-0.02201
688	-0.0225422
689	-0.0230109
690	-0.0228498
691	-0.0221052
692	-0.0210065
693	-0.0199104
694	-0.0192658
695	-0.0190656
696	-0.0192658
697	-0.01982
698	-0.0207917
699	-0.0217976
700	-0.0227961
701	-0.023487
702	-0.0236994
703	-0.0232917
704	-0.0227131
705	-0.0219831
706	-0.0213581
707	-0.0211286
708	-0.0212751
709	-0.0218757
710	-0.0228913
711	-0.0241462
712	-0.0252204
713	-0.0261091
714	-0.0264143
715	-0.0265363
716	-0.0260773
717	-0.0256892
718	-0.0252448
719	-0.0248396
720	-0.0245563
721	-0.0247932
722	-0.0253596
723	-0.0261726
724	-0.0268391
725	-0.0275422
726	-0.0278913
727	-0.0278156
728	-0.0272736
729	-0.0262458
730	-0.0253376
731	-0.0247541
732	-0.0245637
733	-0.0248981
734	-0.0255964
735	-0.0267097
736	-0.0281086
737	-0.0292927
738	-0.0299689
739	-0.0303132
740	-0.0300349
741	-0.0292585
742	-0.0284992
743	0.010285
744	0.00540459
745	0.000385059
746	-0.00496406
747	-0.010069
748	-0.0145173
749	-0.0178449
750	-0.0196638
751	-0.0200935
752	-0.0196931
753	-0.0185236
754	-0.0168342
755	-0.0149104
756	-0.0126936
757	-0.0105842
758	-0.00859199
759	-0.00718086
760	-0.00647041
761	-0.00594307
762	-0.00507637
763	-0.00426094
764	-0.00324775
765	-0.00237373
766	-0.00146064
767	-0.00053291
768	0.000367969
769	0.000575489
770	0.000389942
771	0.00016045
772	-0.000108105
773	-0.000491406
774	-0.000816113
775	-0.000518261
776	-4.70698e-05
777	0.000162891
778	0.000411915
779	0.00103203
780	0.0014544
781	0.00163506
782	0.00138115
783	0.00090752
784	0.000306934
785	-0.000281445
786	-0.000882031
787	-0.000987011
788	-0.000623242
789	9.69732e-05
790	0.000284961
791	0.000375293
792	0.000350879
793	3.10552e-05
794	-0.000745312
795	-0.00187324
796	-0.00308174
797	-0.0039875
798	-0.00448066
799	-0.00416572
800	-0.00243721
801	0.000475391
802	0.00342461
803	0.00604912
804	0.00835137
805	0.0101556
806	0.0118719
807	0.0131243
808	0.014201
809	0.0156902
810	0.017116
811	0.0180193
812	0.0190667
813	0.0204583
814	0.021535
815	0.021618
816	0.0215252
817	0.0212884
818	0.0208489
819	0.0205291
820	0.0199603
821	0.0192767
822	0.0189544
823	0.0185833
824	0.0183025
825	0.0179266
826	0.0179754
827	0.0179925
828	0.0176263
829	0.017221
830	0.0171136
831	0.0168646
832	0.0163372
833	0.0156585
834	0.015241
835	0.0151727
836	0.0151922
837	0.0152288
838	0.0156805
839	0.0162444
840	0.0165813
841	0.0169988
842	0.0169671
843	0.0171063
844	0.0174944
845	0.0177215
846	0.0182513
847	0.0191424
848	0.0200213
849	0.0208514
850	0.0214446
851	0.0218255
852	0.0221771
853	0.0224944
854	0.0223284
855	0.0223309
856	0.0225677
857	0.0227825
858	0.0225799
859	0.0226336
860	0.0228191
861	0.0231536
862	0.0229754
863	0.0224798
864	0.0221624
865	0.0218548
866	0.0211028
867	0.0204998
868	0.0199822
869	0.0194646
870	0.0186004
871	0.0180389
872	0.0176751
873	0.0175115
874	0.0172259
875	0.0169378
876	0.016491
877	0.0159808
878	0.0152972
879	0.0146722
880	0.0139739
881	0.0137737
882	0.0137591
883	0.0135052
884	0.0128582
885	0.0121795
886	0.0115203
887	0.0106072
888	0.00977959
889	0.00915947
890	0.00867607
891	0.00799981
892	0.00763604
893	0.00702324
894	0.00690361
895	0.00654717
896	0.00612725
897	0.0057415
898	0.00522637
899	0.00472832
900	0.00409111
901	0.00303643
902	0.00210625
903	0.00153984
904	0.00131768
905	0.00075127
906	0.000407032
907	0.000194629
908	-0.00020332
909	-0.000847851
910	-0.00159736
911	-0.00236396
912	-0.0031501
913	-0.00381416
914	-0.00429268
915	-0.00443672
916	-0.00442207
917	-0.00462715
918	-0.00492988
919	-0.005279
920	-0.00556953
921	-0.00575752
922	-0.00583809
923	-0.0062751
924	-0.00665107
925	-0.0073835
926	-0.00795478
927	-0.00846748
928	-0.00854316
929	-0.00826728
930	-0.0082624
931	-0.00806953
932	-0.00797432
933	-0.00821846
934	-0.0084626
935	-0.00878975
936	-0.00932441
937	-0.00980049
938	-0.0103767
939	-0.0110187
940	-0.0113557
941	-0.0114191
942	-0.0106452
943	-0.00947822
944	-0.00767891
945	-0.00568916
946	-0.00389473
947	-0.00277168
948	-0.002425
949	-0.00220283
950	-0.00209297
951	-0.0015583
952	-0.00128242
953	-0.0010456
954	-0.000835643
955	-0.000706249
956	-0.000823436
957	-0.00110176
958	-0.00168525
959	-0.00226631
960	-0.00271308
961	-0.00313301
962	-0.00332099
963	-0.00317451
964	-0.00274238
965	-0.00215156
966	-0.00182685
967	-0.00180244
968	-0.00202949
969	-0.00198066
970	-0.00238349
971	-0.00257881
972	-0.00264473
973	-0.00246406
974	-0.0025959
975	-0.0028083
976	-0.00290351
977	-0.00307197
978	-0.00300361
979	-0.00308174
980	-0.0031623
981	-0.00309394
982	-0.00299629
983	-0.00305976
984	-0.00344062
985	-0.00405342
986	-0.00454658
987	-0.00498115
988	-0.0053791
989	-0.00534736
990	-0.00474678
991	-0.00449531
992	-0.0047541
993	-0.00521064
994	-0.00575752
995	-0.00660957
996	-0.00788154
997	-0.0087458
998	-0.0093293
999	-0.00987373
1000	-0.0101984
1001	-0.0103303
1002	-0.0101838
1003	-0.0100959
1004	-0.00999092
1005	-0.00969551
1006	-0.00916572
1007	-0.00821601
1008	-0.00707099
1009	-0.00597969
1010	-0.00501533
1011	-0.00390693
1012	-0.00301826
1013	-0.00227607
1014	-0.00176338
1015	-0.0012751
1016	-0.000872265
1017	-0.000662304
1018	-0.00053291
1019	-0.000457226
1020	-0.000816113
1021	-0.00112617
1022	-0.00172676
1023	-0.0021125
