0	0.000168852
1	0.000232328
2	-5.08749e-05
3	-7.28476e-05
4	0.000159086
5	0.000303129
6	0.000129789
7	-8.7496e-05
8	-0.000182711
9	-0.000226656
10	-0.000397555
11	-0.000409762
12	-0.000448824
13	-0.000507418
14	-0.000168062
15	-4.11093e-05
16	1.74844e-05
17	-3.62265e-05
18	-0.000226656
19	-0.000202242
20	7.85196e-05
21	0.000229887
22	0.000381254
23	0.000159086
24	0.000437406
25	0.000537504
26	0.00063516
27	0.000688871
28	0.000600981
29	0.000398344
30	0.000190824
31	8.58438e-05
32	7.36368e-05
33	0.000122465
34	0.000156645
35	-8.50546e-05
36	-0.00030234
37	-0.000356051
38	-0.000295016
39	-0.000199801
40	-0.000197359
41	-8.01718e-05
42	-6.79648e-05
43	7.85196e-05
44	-1.66953e-05
45	-0.00026816
46	-0.000263277
47	-0.000397555
48	-0.000343844
49	6.63126e-05
50	0.000742582
51	0.00108194
52	0.000940336
53	0.000876859
54	0.000676664
55	0.000642484
56	0.000810941
57	0.00204629
58	0.00767618
59	0.0249003
60	0.0662821
61	0.145777
62	0.265074
63	0.411189
64	0.568477
65	0.725257
66	0.874683
67	1.01182
68	1.13345
69	1.23777
70	1.32448
71	1.39466
72	1.44856
73	1.48794
74	1.5152
75	1.53401
76	1.54698
77	1.55624
78	1.5632
79	1.56819
80	1.57134
81	1.57267
82	1.57269
83	1.57222
84	1.57177
85	1.57091
86	1.56974
87	1.56896
88	1.56907
89	1.5698
90	1.56987
91	1.56782
92	1.56296
93	1.55548
94	1.54618
95	1.53718
96	1.52946
97	1.52332
98	1.51801
99	1.51285
100	1.50672
101	1.499
102	1.48952
103	1.47834
104	1.46632
105	1.45345
106	1.44058
107	1.42846
108	1.41756
109	1.40782
110	1.39803
111	1.38776
112	1.37717
113	1.36654
114	1.356
115	1.34559
116	1.33523
117	1.32513
118	1.31418
119	1.30187
120	1.28886
121	1.27517
122	1.2617
123	1.24878
124	1.23682
125	1.22614
126	1.21685
127	1.20892
128	1.20117
129	1.19216
130	1.18119
131	1.16792
132	1.1528
133	1.13747
134	1.12318
135	1.11075
136	1.10033
137	1.09216
138	1.08522
139	1.07956
140	1.07396
141	1.06693
142	1.05724
143	1.04471
144	1.02967
145	1.01327
146	0.997447
147	0.9842
148	0.974197
149	0.967474
150	0.962286
151	0.958064
152	0.953706
153	0.948094
154	0.939815
155	0.928826
156	0.915594
157	0.90074
158	0.885547
159	0.872476
160	0.86274
161	0.856646
162	0.852823
163	0.84971
164	0.845965
165	0.840601
166	0.83272
167	0.822571
168	0.810848
169	0.798789
170	0.786756
171	0.774971
172	0.764822
173	0.756675
174	0.750281
175	0.74511
176	0.740262
177	0.735301
178	0.729451
179	0.721809
180	0.713326
181	0.703677
182	0.693584
183	0.682701
184	0.671704
185	0.661519
186	0.65344
187	0.647749
188	0.644246
189	0.641648
190	0.639302
191	0.635113
192	0.628475
193	0.619241
194	0.608081
195	0.59615
196	0.584705
197	0.575284
198	0.568643
199	0.565245
200	0.563987
201	0.563597
202	0.562288
203	0.558816
204	0.553738
205	0.551468
206	0.555433
207	0.513829
208	0.50385
209	0.496404
210	0.491285
211	0.48855
212	0.487381
213	0.486548
214	0.484639
215	0.481092
216	0.475777
217	0.46857
218	0.459812
219	0.450606
220	0.442498
221	0.43566
222	0.430296
223	0.426619
224	0.424168
225	0.421751
226	0.419241
227	0.416265
228	0.412571
229	0.407644
230	0.401287
231	0.394319
232	0.386851
233	0.37993
234	0.374019
235	0.369798
236	0.366978
237	0.365132
238	0.363748
239	0.362144
240	0.359861
241	0.356267
242	0.350769
243	0.344134
244	0.337117
245	0.329971
246	0.323494
247	0.318538
248	0.315652
249	0.314371
250	0.313621
251	0.312684
252	0.31125
253	0.307845
254	0.30252
255	0.295806
256	0.288997
257	0.282627
258	0.277334
259	0.273904
260	0.272271
261	0.272017
262	0.272383
263	0.272193
264	0.270904
265	0.267869
266	0.26295
267	0.256363
268	0.249485
269	0.243338
270	0.238743
271	0.236087
272	0.235213
273	0.23563
274	0.236497
275	0.236712
276	0.23535
277	0.232449
278	0.227788
279	0.221822
280	0.21576
281	0.210774
282	0.206668
283	0.204378
284	0.203252
285	0.203272
286	0.203426
287	0.203135
288	0.202078
289	0.199961
290	0.196673
291	0.192803
292	0.188789
293	0.1846
294	0.180926
295	0.178435
296	0.17711
297	0.176336
298	0.176055
299	0.175828
300	0.175547
301	0.174834
302	0.17377
303	0.171944
304	0.169632
305	0.167019
306	0.164458
307	0.162688
308	0.161736
309	0.161656
310	0.162102
311	0.162657
312	0.162791
313	0.162144
314	0.160433
315	0.15795
316	0.154654
317	0.151248
318	0.148348
319	0.146006
320	0.144893
321	0.144698
322	0.144805
323	0.145352
324	0.14523
325	0.14441
326	0.142705
327	0.14021
328	0.136836
329	0.133531
330	0.130525
331	0.128164
332	0.127034
333	0.126451
334	0.12605
335	0.125621
336	0.124937
337	0.123955
338	0.121717
339	0.118772
340	0.115689
341	0.112781
342	0.109764
343	0.107395
344	0.106009
345	0.105391
346	0.105242
347	0.105437
348	0.105481
349	0.104666
350	0.103272
351	0.101165
352	0.0986283
353	0.0962553
354	0.0945316
355	0.0932523
356	0.0925614
357	0.0925541
358	0.0930497
359	0.093643
360	0.0940482
361	0.093914
362	0.0926298
363	0.0904081
364	0.0878471
365	0.0849369
366	0.0820976
367	0.0803251
368	0.0794242
369	0.0795536
370	0.0799809
371	0.080286
372	0.0803813
373	0.0799442
374	0.0785722
375	0.0764555
376	0.0737309
377	0.0708427
378	0.0682328
379	0.0661625
380	0.0653007
381	0.065391
382	0.0661234
383	0.0670243
384	0.068101
385	0.0691361
386	0.0696562
387	0.069788
388	0.0696928
389	0.0699955
390	0.0703446
391	0.0713847
392	0.0731156
393	0.0752299
394	0.0773466
395	0.0790482
396	0.0806596
397	0.0821171
398	0.083914
399	0.0864701
400	0.0895243
401	0.0930668
402	0.096558
403	0.0998808
404	0.103291
405	0.106377
406	0.109461
407	0.112168
408	0.114163
409	0.115337
410	0.116267
411	0.116412
412	0.115799
413	0.114439
414	0.112981
415	0.11168
416	0.110938
417	0.110213
418	0.10981
419	0.109993
420	0.110603
421	0.111341
422	0.111675
423	0.11148
424	0.110574
425	0.108924
426	0.106878
427	0.104883
428	0.103318
429	0.102444
430	0.102181
431	0.102496
432	0.102933
433	0.10302
434	0.102701
435	0.101861
436	0.100542
437	0.0988383
438	0.0965824
439	0.0942997
440	0.0924247
441	0.0911186
442	0.090352
443	0.0899662
444	0.0897709
445	0.0894389
446	0.0888651
447	0.0877738
448	0.0863798
449	0.0847709
450	0.0833158
451	0.0821562
452	0.0808451
453	0.0798661
454	0.0790531
455	0.0785209
456	0.0782108
457	0.0780497
458	0.117557
459	0.10804
460	0.0966874
461	0.0838261
462	0.0736332
463	0.0725492
464	0.0714335
465	0.0709452
466	0.070391
467	0.0696366
468	0.0689897
469	0.0684965
470	0.0679496
471	0.067078
472	0.0658402
473	0.0644438
474	0.0628788
475	0.0614237
476	0.0605741
477	0.0599833
478	0.0596635
479	0.0593266
480	0.0591825
481	0.0584648
482	0.0576689
483	0.0565409
484	0.0551981
485	0.0537162
486	0.0523393
487	0.0510014
488	0.0497904
489	0.0487773
490	0.0479252
491	0.0472245
492	0.0464359
493	0.0456254
494	0.044932
495	0.0438212
496	0.0424174
497	0.0410893
498	0.0397196
499	0.0383866
500	0.0371757
501	0.0366581
502	0.0360526
503	0.0400834
504	0.0467704
505	0.0514652
506	0.0545487
507	0.0561991
508	0.0567143
509	0.0565629
510	0.0558354
511	0.0544731
512	0.052515
513	0.0500761
514	0.0476273
515	0.0453739
516	0.0431327
517	0.0412113
518	0.0394145
519	0.0377982
520	0.0363578
521	0.0351444
522	0.0343241
523	0.0336967
524	0.0330009
525	0.0321952
526	0.0314921
527	0.0309159
528	0.030369
529	0.0300443
530	0.0295341
531	0.0288896
532	0.0279228
533	0.0269535
534	0.0256864
535	0.0246269
536	0.0238334
537	0.0232304
538	0.0226591
539	0.0221366
540	0.0215751
541	0.020828
542	0.0200688
543	0.0189359
544	0.0179374
545	0.0170829
546	0.0161479
547	0.0152885
548	0.0148856
549	0.0146464
550	0.0140556
551	0.0134672
552	0.0128715
553	0.0120512
554	0.0111283
555	0.0101811
556	0.00908731
557	0.00815225
558	0.00732217
559	0.00681192
560	0.00654092
561	0.00654336
562	0.00642373
563	0.00621133
564	0.00568155
565	0.00469034
566	0.00403848
567	0.0033793
568	0.00296426
569	0.0027836
570	0.00237832
571	0.00200967
572	0.00191934
573	0.00179483
574	0.00180704
575	0.00176797
576	0.00135782
577	0.000806059
578	2.72501e-05
579	-0.000746676
580	-0.00129111
581	-0.00156699
582	-0.00165
583	-0.00198447
584	-0.00211142
585	-0.002629
586	-0.00311484
587	-0.00362998
588	-0.00396933
589	-0.00464804
590	-0.00538046
591	-0.00597129
592	-0.00646201
593	-0.00684287
594	-0.00719931
595	-0.00753134
596	-0.00769248
597	-0.00753134
598	-0.00695273
599	-0.00667441
600	-0.00626425
601	-0.00596396
602	-0.00570517
603	-0.00592734
604	-0.00660849
605	-0.00744101
606	-0.00766074
607	-0.00782431
608	-0.00801474
609	-0.0080416
610	-0.0077999
611	-0.00734824
612	-0.00733847
613	-0.00757773
614	-0.00828574
615	-0.00920127
616	-0.0101876
617	-0.0112179
618	-0.0119576
619	-0.0123946
620	-0.0123897
621	-0.0123385
622	-0.0123995
623	-0.012524
624	-0.0124703
625	-0.0131246
626	-0.0138058
627	-0.0143795
628	-0.0150069
629	-0.0156246
630	-0.0164205
631	-0.0169723
632	-0.0170284
633	-0.0167159
634	-0.0169845
635	-0.015898
636	-0.0120431
637	-0.00515097
638	0.00383584
639	0.012852
640	-0.0258492
641	-0.0263863
642	-0.0270382
643	-0.027839
644	-0.0280367
645	-0.0281637
646	-0.0283834
647	-0.0285641
648	-0.0285982
649	-0.0287008
650	-0.028774
651	-0.0292037
652	-0.0296969
653	-0.0299166
654	-0.0298727
655	-0.0298824
656	-0.0298531
657	-0.0297213
658	-0.0295382
659	-0.0295602
660	-0.0297994
661	-0.030273
662	-0.0308736
663	-0.0314278
664	-0.0320406
665	-0.0321798
666	-0.0320333
667	-0.0316744
668	-0.0315938
669	-0.0316305
670	-0.0317989
671	-0.031816
672	-0.0321871
673	-0.0327071
674	-0.0332931
675	-0.0338814
676	-0.0341353
677	-0.0341842
678	-0.0334347
679	-0.0320406
680	-0.0303365
681	-0.0282955
682	-0.0263985
683	-0.02467
684	-0.0233053
685	-0.0221651
686	-0.0214522
687	-0.0209298
688	-0.0209762
689	-0.0213009
690	-0.021484
691	-0.0212423
692	-0.021003
693	-0.0207198
694	-0.0202242
695	-0.0199264
696	-0.0199215
697	-0.0204464
698	-0.0212227
699	-0.0219649
700	-0.0225582
701	-0.023398
702	-0.0238912
703	-0.0236397
704	-0.0233248
705	-0.0227364
706	-0.0227608
707	-0.0228561
708	-0.0231832
709	-0.0237057
710	-0.0242892
711	-0.0248775
712	-0.0255343
713	-0.0263741
714	-0.0270894
715	-0.027297
716	-0.0269674
717	-0.0265108
718	-0.0261764
719	-0.0262179
720	-0.026274
721	-0.0266427
722	-0.0272896
723	-0.0280147
724	-0.0283175
725	-0.0283468
726	-0.0281197
727	-0.0280782
728	-0.0277144
729	-0.0272701
730	-0.0267452
731	-0.0266769
732	-0.0264718
733	-0.0265694
734	-0.0272359
735	-0.0280123
736	-0.0290694
737	-0.0298922
738	-0.0302877
739	-0.0303219
740	-0.0301803
741	-0.0294991
742	-0.0289596
743	-0.0288228
744	-0.0290548
745	-0.0294625
746	-0.0299312
747	-0.0305904
748	-0.0312716
749	-0.0316817
750	-0.0322359
751	-0.0324337
752	-0.0321187
753	-0.0322701
754	-0.0322262
755	-0.0319845
756	-0.0319967
757	-0.0321602
758	-0.0323165
759	-0.0327364
760	-0.0331612
761	-0.0335982
762	-0.03394
763	-0.034045
764	-0.0339693
765	-0.0335616
766	-0.0332955
767	-0.0327071
768	-0.032026
769	-0.0315597
770	-0.0316085
771	-0.0316915
772	-0.0320528
773	-0.032441
774	-0.0330245
775	-0.0331783
776	-0.0326754
777	-0.0319991
778	-0.0312008
779	-0.0307247
780	-0.0303194
781	-0.0301241
782	0.00547403
783	-0.00196738
784	-0.00985312
785	-0.0175606
786	-0.024587
787	-0.0305758
788	-0.0308297
789	-0.0306832
790	-0.0305099
791	-0.0305904
792	-0.0307101
793	-0.0311031
794	-0.0314889
795	-0.0320894
796	-0.0328438
797	-0.0333468
798	-0.0333712
799	-0.0332711
800	-0.029482
801	-0.0242403
802	-0.0183248
803	-0.0123849
804	-0.00669882
805	-0.00213095
806	0.00184366
807	0.00526895
808	0.00798379
809	0.0102934
810	0.0124101
811	0.0141947
812	0.0157792
813	0.0168022
814	0.0175126
815	0.0181864
816	0.0188334
817	0.0195316
818	0.0198197
819	0.0195976
820	0.0188871
821	0.0176981
822	0.0166459
823	0.0156449
824	0.0151127
825	0.0148246
826	0.0141361
827	0.0138944
828	0.0136112
829	0.0135087
830	0.0132182
831	0.0130692
832	0.0128568
833	0.0123393
834	0.0120927
835	0.0121537
836	0.012664
837	0.0130522
838	0.0135111
839	0.0141361
840	0.014539
841	0.014998
842	0.0157499
843	0.0162919
844	0.0168144
845	0.0175126
846	0.0183915
847	0.0191874
848	0.0200248
849	0.0208109
850	0.0216117
851	0.0220902
852	0.0225077
853	0.022891
854	0.0228422
855	0.0226884
856	0.022393
857	0.0222953
858	0.0222978
859	0.0223661
860	0.0226566
861	0.0227372
862	0.0227641
863	0.0224564
864	0.0223954
865	0.0221342
866	0.0219486
867	0.0216874
868	0.0214481
869	0.0209525
870	0.0201933
871	0.0195487
872	0.0190873
873	0.0185697
874	0.0182792
875	0.017891
876	0.0174613
877	0.0170072
878	0.016619
879	0.0162553
880	0.0160185
881	0.015579
882	0.0151884
883	0.0147953
884	0.0144755
885	0.0140165
886	0.013477
887	0.0129887
888	0.0127226
889	0.0125639
890	0.0122831
891	0.0117167
892	0.0107621
893	0.0101835
894	0.0096586
895	0.00899698
896	0.00850381
897	0.00786416
898	0.00734659
899	0.00672647
900	0.00609414
901	0.00518594
902	0.00449502
903	0.00417276
904	0.00386514
905	0.00356973
906	0.00286905
907	0.00231973
908	0.00161905
909	0.00117471
910	0.000593656
911	-2.04682e-06
912	-0.000558687
913	-0.00129111
914	-0.0017208
915	-0.0020455
916	-0.00209189
917	-0.00206748
918	-0.00226767
919	-0.00248984
920	-0.00264609
921	-0.00292685
922	-0.00358115
923	-0.00420859
924	-0.0045748
925	-0.00467246
926	-0.00480429
927	-0.00499716
928	-0.00509726
929	-0.00499716
930	-0.00506796
931	-0.00521201
932	-0.00571494
933	-0.00629355
934	-0.00695273
935	-0.00787802
936	-0.00867636
937	-0.00926718
938	-0.00956748
939	-0.0098873
940	-0.00976035
941	-0.00902548
942	-0.0078414
943	-0.00634482
944	-0.00502402
945	-0.00351279
946	-0.0022164
947	-0.00124716
948	-0.000531832
949	0.000115141
950	0.000713285
951	0.00138711
952	0.00209512
953	0.00262735
954	0.00295694
955	0.00305704
956	0.00260538
957	0.00222452
958	0.00152383
959	0.000937895
960	0.00035684
961	-0.000221773
962	-0.000309664
963	-0.000473238
964	-0.00040732
965	-0.000150973
966	-3.13437e-05
967	0.000112699
968	6.14297e-05
969	-0.000253512
970	-0.000194918
971	-0.000197359
972	-0.000263277
973	-0.000575777
974	-0.000898043
975	-0.00147421
976	-0.00184043
977	-0.00194541
978	-0.0019625
979	-0.00193076
980	-0.00196005
981	-0.00212363
982	-0.0024874
983	-0.00324423
984	-0.00401084
985	-0.0046456
986	-0.00529013
987	-0.00587851
988	-0.00618369
989	-0.00619834
990	-0.00627402
991	-0.0065792
992	-0.0068331
993	-0.00705771
994	-0.00776816
995	-0.00841513
996	-0.00902304
997	-0.00966757
998	-0.0102828
999	-0.0105099
1000	-0.0105782
1001	-0.0106246
1002	-0.010732
1003	-0.0109249
1004	-0.0114376
1005	-0.0113302
1006	-0.0107174
1007	-0.00961142
1008	-0.00821738
1009	-0.00682089
1010	-0.00542441
1011	-0.00413046
1012	-0.00307578
1013	-0.00188437
1014	-0.000453707
1015	0.000520414
1016	0.0010795
1017	0.00128946
1018	0.00120889
1019	0.000730375
1020	-5.81992e-05
1021	-0.000998141
1022	-0.00160117
1023	-0.00195273
