0	-0.000184815
1	-0.000338623
2	-0.000297119
3	-0.000218994
4	-0.000397217
5	-0.000323975
6	-0.000172608
7	-2.36818e-05
8	4.95604e-05
9	0.000196045
10	0.00011792
11	-1.39162e-05
12	-4.07717e-05
13	0.000113037
14	0.000186279
15	-1.39162e-05
16	-2.12404e-05
17	-7.73928e-05
18	4.22361e-05
19	7.39744e-05
20	7.64158e-05
21	0.000213135
22	0.000261963
23	0.000398681
24	0.000698974
25	0.000354736
26	9.83885e-05
27	-0.000184815
28	-0.000284912
29	-4.32131e-05
30	6.17674e-05
31	-1.14748e-05
32	-0.00017749
33	-0.000299561
34	-9.20412e-05
35	0.000288818
36	0.000406006
37	0.00029126
38	5.44432e-05
39	5.44432e-05
40	-7.98342e-05
41	-3.83303e-05
42	-0.000267822
43	-0.000460694
44	-0.000577881
45	-0.000306885
46	0.00010083
47	0.000335205
48	0.00020581
49	0.000269287
50	0.000376709
51	0.000191162
52	0.000286377
53	0.00074292
54	0.000889404
55	0.000877197
56	0.000655029
57	0.000677002
58	0.00127759
59	0.00292798
60	0.0073396
61	0.0194929
62	0.051407
63	0.127515
64	0.284718
65	0.552418
66	0.930504
67	1.37711
68	1.82539
69	2.217
70	2.5206
71	2.72889
72	2.85197
73	2.90779
74	2.9145
75	2.88864
76	2.84385
77	2.79
78	2.73423
79	2.68091
80	2.63166
81	2.58809
82	2.55036
83	2.51735
84	2.48878
85	2.46419
86	2.44295
87	2.42381
88	2.40582
89	2.38848
90	2.37118
91	2.35378
92	2.33741
93	2.32166
94	2.30596
95	2.28968
96	2.27294
97	2.25569
98	2.23856
99	2.22219
100	2.20587
101	2.18974
102	2.17389
103	2.15804
104	2.14195
105	2.12566
106	2.10918
107	2.09229
108	2.07519
109	2.05753
110	2.03911
111	2.01991
112	2.00037
113	1.98087
114	1.96182
115	1.94337
116	1.92588
117	1.90921
118	1.89302
119	1.87684
120	1.86055
121	1.84411
122	1.82781
123	1.8116
124	1.79559
125	1.7795
126	1.76321
127	1.74652
128	1.72963
129	1.71323
130	1.69695
131	1.68057
132	1.66415
133	1.64758
134	1.63061
135	1.61355
136	1.5967
137	1.58064
138	1.56549
139	1.55074
140	1.53598
141	1.52149
142	1.50696
143	1.49228
144	1.47734
145	1.46197
146	1.44655
147	1.43132
148	1.41673
149	1.40284
150	1.38944
151	1.37614
152	1.36212
153	1.34833
154	1.33451
155	1.32088
156	1.30786
157	1.29576
158	1.2851
159	1.27539
160	1.26632
161	1.25782
162	1.24917
163	1.23948
164	1.22924
165	1.21866
166	1.20816
167	1.19748
168	1.18607
169	1.17444
170	1.16263
171	1.15089
172	1.13932
173	1.1274
174	1.11553
175	1.10346
176	1.09149
177	1.07953
178	1.06742
179	1.05533
180	1.04364
181	1.03285
182	1.02238
183	1.01191
184	1.00141
185	0.991319
186	0.981571
187	0.971932
188	0.9618
189	0.951749
190	0.941705
191	0.931993
192	0.922415
193	0.912742
194	0.90337
195	0.894469
196	0.885965
197	0.877323
198	0.868812
199	0.860089
200	0.85137
201	0.842913
202	0.834322
203	0.825704
204	0.816842
205	0.807718
206	0.798636
207	0.789818
208	0.780914
209	0.772283
210	0.764373
211	0.75776
212	0.751746
213	0.745806
214	0.740081
215	0.734044
216	0.727625
217	0.721004
218	0.714044
219	0.706436
220	0.699078
221	0.691448
222	0.684041
223	0.676539
224	0.66931
225	0.6621
226	0.654747
227	0.647586
228	0.640582
229	0.63347
230	0.626265
231	0.619991
232	0.614068
233	0.608187
234	0.60192
235	0.595345
236	0.588714
237	0.58222
238	0.576063
239	0.570762
240	0.565828
241	0.560645
242	0.555355
243	0.550098
244	0.545162
245	0.540438
246	0.535291
247	0.529818
248	0.52418
249	0.51876
250	0.513594
251	0.508616
252	0.50338
253	0.498402
254	0.493131
255	0.487562
256	0.482178
257	0.477288
258	0.472323
259	0.46762
260	0.462904
261	0.458573
262	0.45452
263	0.45056
264	0.446558
265	0.442564
266	0.438621
267	0.434676
268	0.430802
269	0.427066
270	0.424317
271	0.422193
272	0.420318
273	0.418946
274	0.417198
275	0.41493
276	0.412542
277	0.40952
278	0.406331
279	0.402918
280	0.39899
281	0.395416
282	0.391807
283	0.387879
284	0.383919
285	0.380028
286	0.376365
287	0.37251
288	0.368675
289	0.364996
290	0.361326
291	0.357742
292	0.354366
293	0.351026
294	0.347525
295	0.343865
296	0.34023
297	0.336783
298	0.333773
299	0.331719
300	0.331104
301	0.331824
302	0.333289
303	0.334556
304	0.335377
305	0.335428
306	0.3346
307	0.333441
308	0.332901
309	0.334041
310	0.336297
311	0.338953
312	0.341358
313	0.342999
314	0.343988
315	0.34378
316	0.341707
317	0.339251
318	0.336793
319	0.334178
320	0.331495
321	0.328143
322	0.324515
323	0.321036
324	0.317813
325	0.314674
326	0.311829
327	0.309005
328	0.305982
329	0.30305
330	0.300133
331	0.297481
332	0.295155
333	0.29283
334	0.29109
335	0.2888
336	0.286505
337	0.284105
338	0.28182
339	0.27941
340	0.27722
341	0.274859
342	0.272635
343	0.270186
344	0.268031
345	0.265821
346	0.263201
347	0.260631
348	0.258126
349	0.255733
350	0.253431
351	0.251361
352	0.249393
353	0.247562
354	0.245828
355	0.244115
356	0.242296
357	0.240806
358	0.239566
359	0.238802
360	0.237681
361	0.236182
362	0.234351
363	0.231995
364	0.229825
365	0.227489
366	0.225318
367	0.223277
368	0.221397
369	0.219698
370	0.21859
371	0.218028
372	0.218411
373	0.219012
374	0.219622
375	0.219959
376	0.219644
377	0.218753
378	0.217393
379	0.215655
380	0.213887
381	0.212186
382	0.210384
383	0.208292
384	0.206585
385	0.206448
386	0.209288
387	0.215616
388	0.224893
389	0.23171
390	0.229759
391	0.22815
392	0.226439
393	0.224869
394	0.223065
395	0.221883
396	0.220867
397	0.21971
398	0.21837
399	0.217408
400	0.218258
401	0.223028
402	0.232686
403	0.247325
404	0.264244
405	0.280435
406	0.293487
407	0.301585
408	0.300936
409	0.299669
410	0.297618
411	0.295633
412	0.294007
413	0.291661
414	0.288477
415	0.285172
416	0.282655
417	0.279542
418	0.276485
419	0.273944
420	0.271824
421	0.270528
422	0.269805
423	0.269449
424	0.268751
425	0.267816
426	0.267076
427	0.266278
428	0.265262
429	0.263912
430	0.262503
431	0.260992
432	0.259429
433	0.257821
434	0.256077
435	0.254215
436	0.252581
437	0.25137
438	0.249681
439	0.247835
440	0.246168
441	0.244908
442	0.24389
443	0.242554
444	0.240931
445	0.239454
446	0.238055
447	0.23637
448	0.23442
449	0.232723
450	0.230926
451	0.22889
452	0.226976
453	0.225137
454	0.223148
455	0.221241
456	0.219207
457	0.217711
458	0.216383
459	0.215645
460	0.215467
461	0.216698
462	0.218673
463	0.219832
464	0.220152
465	0.219647
466	0.218934
467	0.218319
468	0.217381
469	0.215987
470	0.214136
471	0.212344
472	0.210538
473	0.208665
474	0.206927
475	0.205347
476	0.203929
477	0.202596
478	0.201229
479	0.200015
480	0.19836
481	0.196446
482	0.194632
483	0.193004
484	0.191365
485	0.189324
486	0.187408
487	0.185985
488	0.184241
489	0.182637
490	0.181011
491	0.179554
492	0.178265
493	0.17668
494	0.175157
495	0.17349
496	0.172081
497	0.170706
498	0.169078
499	0.167813
500	0.166768
501	0.165704
502	0.164171
503	0.162574
504	0.160877
505	0.159434
506	0.158096
507	0.156964
508	0.155948
509	0.154632
510	0.153355
511	0.152105
512	0.151051
513	0.150137
514	0.148807
515	0.147828
516	0.146575
517	0.145269
518	0.1445
519	0.144786
520	0.145706
521	0.146383
522	0.146951
523	0.147032
524	0.14682
525	0.146544
526	0.146129
527	0.145445
528	0.14441
529	0.14326
530	0.142572
531	0.141639
532	0.14033
533	0.139063
534	0.137786
535	0.13619
536	0.134393
537	0.13283
538	0.131756
539	0.130448
540	0.129298
541	0.128238
542	0.127415
543	0.126402
544	0.125438
545	0.124471
546	0.123399
547	0.122672
548	0.122122
549	0.121187
550	0.120142
551	0.119215
552	0.118297
553	0.117283
554	0.115819
555	0.114608
556	0.113336
557	0.111959
558	0.110916
559	0.109674
560	0.108795
561	0.107948
562	0.106568
563	0.105379
564	0.104666
565	0.104459
566	0.104339
567	0.104239
568	0.104232
569	0.104151
570	0.104161
571	0.103922
572	0.103577
573	0.103143
574	0.102447
575	0.101365
576	0.100262
577	0.0996858
578	0.0993367
579	0.0990168
580	0.0986067
581	0.0983918
582	0.098199
583	0.0977595
584	0.0974592
585	0.09701
586	0.0965095
587	0.0957625
588	0.0949348
589	0.0941145
590	0.0936287
591	0.0930793
592	0.0923103
593	0.0914656
594	0.0912263
595	0.0940071
596	0.101475
597	0.11283
598	0.12315
599	0.122437
600	0.121925
601	0.1213
602	0.120714
603	0.120301
604	0.119876
605	0.119495
606	0.119229
607	0.118463
608	0.117606
609	0.116849
610	0.116212
611	0.115997
612	0.115509
613	0.11482
614	0.113936
615	0.113258
616	0.112659
617	0.111881
618	0.111163
619	0.110504
620	0.109986
621	0.109552
622	0.109234
623	0.108541
624	0.107698
625	0.107071
626	0.106373
627	0.105758
628	0.105308
629	0.104713
630	0.103963
631	0.103355
632	0.10253
633	0.101529
634	0.100933
635	0.100633
636	0.100145
637	0.0994197
638	0.0993049
639	0.100582
640	0.103958
641	0.108306
642	0.11252
643	0.116058
644	0.118887
645	0.120687
646	0.121112
647	0.120811
648	0.120059
649	0.119459
650	0.118453
651	0.117349
652	0.116282
653	0.115594
654	0.11482
655	0.114263
656	0.113331
657	0.112266
658	0.111085
659	0.110325
660	0.109847
661	0.109473
662	0.108624
663	0.108016
664	0.107144
665	0.106602
666	0.105977
667	0.105428
668	0.104764
669	0.104281
670	0.104058
671	0.103873
672	0.103592
673	0.103319
674	0.10317
675	0.102828
676	0.102144
677	0.10158
678	0.102159
679	0.105565
680	0.113038
681	0.124212
682	0.133907
683	0.133353
684	0.132877
685	0.132435
686	0.131912
687	0.131453
688	0.130833
689	0.130135
690	0.129942
691	0.129664
692	0.129066
693	0.128663
694	0.128724
695	0.128533
696	0.128077
697	0.12762
698	0.127288
699	0.12722
700	0.127064
701	0.126671
702	0.126256
703	0.125865
704	0.125635
705	0.125518
706	0.125279
707	0.124935
708	0.124268
709	0.123941
710	0.123509
711	0.123023
712	0.122498
713	0.122005
714	0.121551
715	0.121204
716	0.121068
717	0.120765
718	0.120186
719	0.119881
720	0.119915
721	0.119696
722	0.119161
723	0.118426
724	0.118624
725	0.119454
726	0.120389
727	0.121314
728	0.122301
729	0.123258
730	0.123946
731	0.124244
732	0.123897
733	0.123109
734	0.122305
735	0.121776
736	0.121429
737	0.12077
738	0.120201
739	0.119761
740	0.119703
741	0.119798
742	0.119508
743	0.118795
744	0.118258
745	0.118258
746	0.118001
747	0.117054
748	0.116209
749	0.11544
750	0.115189
751	0.115164
752	0.114937
753	0.114791
754	0.114683
755	0.114993
756	0.115338
757	0.115284
758	0.114935
759	0.114295
760	0.113939
761	0.11366
762	0.11367
763	0.113839
764	0.114205
765	0.114244
766	0.114466
767	0.114832
768	0.115147
769	0.115687
770	0.116602
771	0.117652
772	0.118736
773	0.119102
774	0.119246
775	0.119927
776	0.120697
777	0.121627
778	0.122713
779	0.123409
780	0.123558
781	0.123179
782	0.12273
783	0.121944
784	0.121322
785	0.12088
786	0.120521
787	0.119866
788	0.118941
789	0.11796
790	0.116881
791	0.115955
792	0.114923
793	0.114097
794	0.11293
795	0.112054
796	0.111087
797	0.109967
798	0.108858
799	0.108319
800	0.10805
801	0.10785
802	0.107044
803	0.106458
804	0.106119
805	0.105833
806	0.105482
807	0.104925
808	0.104527
809	0.1044
810	0.104063
811	0.103448
812	0.102896
813	0.102567
814	0.102303
815	0.101798
816	0.101058
817	0.100225
818	0.0993171
819	0.098426
820	0.0978547
821	0.0968318
822	0.0959358
823	0.0953889
824	0.0944954
825	0.0939509
826	0.0934968
827	0.0928914
828	0.0924275
829	0.0923616
830	0.0922541
831	0.0920881
832	0.0918464
833	0.0917463
834	0.0919685
835	0.0924739
836	0.0935041
837	0.094615
838	0.0957283
839	0.0968342
840	0.0974983
841	0.0983162
842	0.0990535
843	0.0996907
844	0.100391
845	0.101768
846	0.103795
847	0.10607
848	0.10807
849	0.109354
850	0.110164
851	0.110482
852	0.110098
853	0.109339
854	0.109434
855	0.111165
856	0.114295
857	0.118697
858	0.123294
859	0.126922
860	0.12939
861	0.130714
862	0.130955
863	0.130211
864	0.129156
865	0.127867
866	0.126622
867	0.125303
868	0.123502
869	0.121422
870	0.119764
871	0.118763
872	0.117589
873	0.116639
874	0.115823
875	0.115047
876	0.11399
877	0.113018
878	0.112086
879	0.110882
880	0.109783
881	0.108741
882	0.107652
883	0.106705
884	0.105794
885	0.104666
886	0.103487
887	0.102452
888	0.101822
889	0.101446
890	0.100792
891	0.100433
892	0.0999324
893	0.0991975
894	0.0984626
895	0.0979011
896	0.0974446
897	0.096866
898	0.09597
899	0.094781
900	0.0936921
901	0.0929207
902	0.092281
903	0.0913069
904	0.0900789
905	0.0890486
906	0.0883137
907	0.087679
908	0.0871443
909	0.0863484
910	0.0856575
911	0.0849373
912	0.0843708
913	0.0839631
914	0.0834285
915	0.0828132
916	0.0821858
917	0.0814021
918	0.0806965
919	0.0802131
920	0.079637
921	0.0792048
922	0.0783406
923	0.0775984
924	0.0769465
925	0.0764021
926	0.0756965
927	0.0751423
928	0.0748176
929	0.074073
930	0.0733064
931	0.0727107
932	0.0725276
933	0.0723494
934	0.0721028
935	0.0715925
936	0.070887
937	0.0701643
938	0.0696736
939	0.0694465
940	0.0690925
941	0.0685408
942	0.0679329
943	0.0671199
944	0.0661775
945	0.0655256
946	0.0653035
947	0.0660896
948	0.0684675
949	0.0721418
950	0.0766707
951	0.0812971
952	0.0854353
953	0.0885994
954	0.0903889
955	0.0909602
956	0.0904377
957	0.0894441
958	0.0882747
959	0.086761
960	0.0856697
961	0.0844856
962	0.0834504
963	0.0827253
964	0.0819734
965	0.0812751
966	0.0807209
967	0.0803767
968	0.0797078
969	0.0794539
970	0.0794514
971	0.0795369
972	0.0792146
973	0.0789875
974	0.0788215
975	0.0782332
976	0.0774299
977	0.0766511
978	0.0760676
979	0.0755574
980	0.0748713
981	0.0742512
982	0.0739534
983	0.0738093
984	0.0738655
985	0.0741218
986	0.0744343
987	0.0747053
988	0.0747444
989	0.0745198
990	0.0740901
991	0.0737556
992	0.0731184
993	0.0724617
994	0.0716707
995	0.0707576
996	0.0699812
997	0.0691072
998	0.0686482
999	0.0683284
1000	0.0674519
1001	0.0665974
1002	0.0660676
1003	0.0655623
1004	0.0654231
1005	0.0649324
1006	0.0644099
1007	0.0640022
1008	0.0637239
1009	0.063343
1010	0.0632917
1011	0.0638167
1012	0.065677
1013	0.0692903
1014	0.0738533
1015	0.0783455
1016	0.0818293
1017	0.0842634
1018	0.0857722
1019	0.0862507
1020	0.08576
1021	0.0847542
1022	0.0837117
1023	0.0828059
