0	-0.000292725
1	-0.000229249
2	-0.000243897
3	-0.000431885
4	-0.000468507
5	-0.000314698
6	-0.000136475
7	-0.000270753
8	-0.000329346
9	-0.000287842
10	-4.37018e-05
11	-0.000112061
12	-0.000300049
13	-0.000263428
14	-0.000336671
15	-0.000170655
16	-0.000202393
17	-0.000336671
18	-0.000600342
19	-0.000568604
20	-0.00066626
21	-0.000710206
22	-0.000705323
23	-0.000697999
24	-0.000783448
25	-0.000817628
26	-0.000658936
27	-0.000566163
28	-0.000112061
29	-9.98542e-05
30	5.63958e-05
31	0.000334716
32	0.000644775
33	0.000703368
34	0.000864501
35	0.00056665
36	0.000576415
37	0.000603271
38	0.000351806
39	0.000442138
40	0.000644775
41	0.000625243
42	0.000622802
43	0.000732665
44	0.000737548
45	0.000649658
46	0.000854736
47	0.000683837
48	0.000556884
49	0.000505615
50	0.000232177
51	2.43485e-07
52	-8.03229e-05
53	3.44232e-05
54	3.9306e-05
55	-1.4405e-05
56	4.90716e-05
57	0.000163818
58	0.000178466
59	0.00133081
60	0.00559595
61	0.0172
62	0.0461941
63	0.113079
64	0.246931
65	0.465303
66	0.757854
67	1.08742
68	1.40865
69	1.68237
70	1.88481
71	2.01037
72	2.07091
73	2.0852
74	2.07098
75	2.04188
76	2.00681
77	1.97103
78	1.93769
79	1.90833
80	1.88386
81	1.86385
82	1.84711
83	1.83253
84	1.81952
85	1.80796
86	1.7976
87	1.78797
88	1.77865
89	1.76931
90	1.7596
91	1.74944
92	1.73844
93	1.72657
94	1.71431
95	1.7017
96	1.68905
97	1.67568
98	1.66212
99	1.64853
100	1.63517
101	1.6221
102	1.60948
103	1.59687
104	1.58468
105	1.57294
106	1.56098
107	1.54867
108	1.53598
109	1.52294
110	1.50938
111	1.49579
112	1.48234
113	1.46925
114	1.45608
115	1.44354
116	1.43103
117	1.41851
118	1.40595
119	1.39355
120	1.38097
121	1.36815
122	1.35527
123	1.34268
124	1.32996
125	1.31722
126	1.30476
127	1.29208
128	1.27955
129	1.26714
130	1.25509
131	1.24325
132	1.23134
133	1.21937
134	1.20735
135	1.1951
136	1.18272
137	1.17075
138	1.15915
139	1.14824
140	1.13794
141	1.12753
142	1.1173
143	1.10705
144	1.09695
145	1.08679
146	1.07683
147	1.06675
148	1.05637
149	1.04591
150	1.03522
151	1.02438
152	1.01364
153	1.00267
154	0.991841
155	0.981653
156	0.971865
157	0.962483
158	0.95345
159	0.945034
160	0.937234
161	0.930193
162	0.923025
163	0.915493
164	0.907163
165	0.898589
166	0.88979
167	0.880362
168	0.870623
169	0.860991
170	0.851441
171	0.842115
172	0.833089
173	0.824593
174	0.816397
175	0.808579
176	0.801341
177	0.794048
178	0.786826
179	0.779434
180	0.771287
181	0.763059
182	0.754712
183	0.746531
184	0.738487
185	0.730449
186	0.722764
187	0.714876
188	0.706995
189	0.699495
190	0.691822
191	0.684451
192	0.677285
193	0.67034
194	0.663494
195	0.656714
196	0.649951
197	0.643635
198	0.637066
199	0.631004
200	0.625161
201	0.61969
202	0.613963
203	0.608167
204	0.602346
205	0.59645
206	0.590774
207	0.585183
208	0.57991
209	0.574744
210	0.570142
211	0.56574
212	0.561043
213	0.556079
214	0.550918
215	0.545637
216	0.540503
217	0.535012
218	0.529453
219	0.523438
220	0.517447
221	0.511529
222	0.505706
223	0.5001
224	0.4949
225	0.489942
226	0.485347
227	0.481082
228	0.476887
229	0.472588
230	0.468042
231	0.463069
232	0.458103
233	0.453294
234	0.448504
235	0.443775
236	0.439204
237	0.434971
238	0.430718
239	0.426431
240	0.422412
241	0.418714
242	0.414878
243	0.410948
244	0.406621
245	0.402202
246	0.398028
247	0.393596
248	0.389231
249	0.384883
250	0.380645
251	0.376636
252	0.372754
253	0.368946
254	0.365086
255	0.361455
256	0.357974
257	0.354534
258	0.351275
259	0.348111
260	0.345298
261	0.342434
262	0.339861
263	0.337283
264	0.334607
265	0.331553
266	0.328367
267	0.325515
268	0.32241
269	0.319512
270	0.316988
271	0.315015
272	0.31356
273	0.312117
274	0.310969
275	0.309807
276	0.308428
277	0.30677
278	0.304488
279	0.302156
280	0.299344
281	0.296204
282	0.292976
283	0.290069
284	0.287361
285	0.28469
286	0.282212
287	0.279663
288	0.277239
289	0.274744
290	0.272324
291	0.269856
292	0.267615
293	0.26544
294	0.262971
295	0.260706
296	0.258379
297	0.255801
298	0.253423
299	0.251511
300	0.250718
301	0.250872
302	0.251844
303	0.252969
304	0.253809
305	0.253535
306	0.252427
307	0.251021
308	0.250606
309	0.251328
310	0.253245
311	0.255425
312	0.257478
313	0.258655
314	0.258745
315	0.257879
316	0.256194
317	0.254082
318	0.251531
319	0.248914
320	0.246228
321	0.243599
322	0.241094
323	0.238797
324	0.236988
325	0.235442
326	0.233804
327	0.232093
328	0.230366
329	0.228904
330	0.227119
331	0.225323
332	0.223252
333	0.221472
334	0.220156
335	0.218523
336	0.216729
337	0.214558
338	0.212354
339	0.210154
340	0.207864
341	0.205872
342	0.204138
343	0.202158
344	0.200298
345	0.198452
346	0.196858
347	0.195374
348	0.19399
349	0.192178
350	0.190281
351	0.188279
352	0.18668
353	0.185203
354	0.183948
355	0.182647
356	0.181392
357	0.179832
358	0.178491
359	0.177493
360	0.176465
361	0.175154
362	0.17377
363	0.172547
364	0.171021
365	0.169419
366	0.167976
367	0.166638
368	0.16502
369	0.163592
370	0.162283
371	0.161568
372	0.161402
373	0.161924
374	0.162959
375	0.163772
376	0.164427
377	0.164207
378	0.163687
379	0.162403
380	0.161043
381	0.159529
382	0.158225
383	0.156968
384	0.156138
385	0.156563
386	0.159468
387	0.165886
388	0.174783
389	0.183936
390	0.1846
391	0.183025
392	0.181541
393	0.180249
394	0.178938
395	0.177588
396	0.176687
397	0.175838
398	0.175039
399	0.174307
400	0.174549
401	0.177908
402	0.185965
403	0.198247
404	0.212674
405	0.225657
406	0.234595
407	0.239502
408	0.240696
409	0.239405
410	0.23687
411	0.233413
412	0.229876
413	0.226187
414	0.22284
415	0.219993
416	0.217283
417	0.215147
418	0.213213
419	0.211553
420	0.21032
421	0.209495
422	0.208767
423	0.208313
424	0.207862
425	0.2074
426	0.206682
427	0.205694
428	0.204656
429	0.203518
430	0.202149
431	0.20051
432	0.19898
433	0.197486
434	0.19636
435	0.19501
436	0.193655
437	0.191885
438	0.19032
439	0.188806
440	0.187461
441	0.185808
442	0.184275
443	0.182461
444	0.180576
445	0.17855
446	0.176634
447	0.174883
448	0.17314
449	0.171624
450	0.170362
451	0.169148
452	0.167847
453	0.166477
454	0.165437
455	0.164412
456	0.163421
457	0.162322
458	0.161155
459	0.160269
460	0.159781
461	0.160025
462	0.160496
463	0.161392
464	0.162244
465	0.162967
466	0.162918
467	0.162554
468	0.161756
469	0.160601
470	0.159307
471	0.157774
472	0.156531
473	0.155335
474	0.154087
475	0.1527
476	0.151336
477	0.149688
478	0.147898
479	0.146453
480	0.144849
481	0.14344
482	0.142224
483	0.141399
484	0.140781
485	0.139998
486	0.139031
487	0.138216
488	0.137122
489	0.135852
490	0.134837
491	0.13408
492	0.133255
493	0.132234
494	0.130996
495	0.1298
496	0.128792
497	0.127791
498	0.126765
499	0.125674
500	0.124807
501	0.12399
502	0.123152
503	0.121992
504	0.120938
505	0.119995
506	0.119033
507	0.118294
508	0.117688
509	0.117115
510	0.116118
511	0.11499
512	0.113816
513	0.112698
514	0.111724
515	0.110689
516	0.110144
517	0.109903
518	0.110012
519	0.11032
520	0.110652
521	0.110574
522	0.110342
523	0.109903
524	0.109329
525	0.108675
526	0.107952
527	0.107559
528	0.106912
529	0.106338
530	0.105674
531	0.105266
532	0.104915
533	0.104336
534	0.103552
535	0.102862
536	0.102066
537	0.101062
538	0.10013
539	0.0990408
540	0.0981863
541	0.0973733
542	0.096426
543	0.0955813
544	0.0946511
545	0.0936721
546	0.0930398
547	0.0922781
548	0.0915359
549	0.0908401
550	0.090325
551	0.0893752
552	0.088533
553	0.0873879
554	0.0865042
555	0.0858669
556	0.0851296
557	0.0841458
558	0.0833791
559	0.0826003
560	0.0820535
561	0.0813943
562	0.0806692
563	0.0800784
564	0.0797439
565	0.0794314
566	0.0793899
567	0.0794802
568	0.0795486
569	0.0795828
570	0.079512
571	0.0791213
572	0.0787161
573	0.0782937
574	0.0777859
575	0.0771121
576	0.076304
577	0.0754348
578	0.0747708
579	0.0743484
580	0.0740579
581	0.0739333
582	0.0740359
583	0.0741067
584	0.074031
585	0.0738308
586	0.073489
587	0.0729275
588	0.0723782
589	0.0717507
590	0.0709963
591	0.0704202
592	0.0698147
593	0.0694753
594	0.0690212
595	0.0691335
596	0.0717483
597	0.0784255
598	0.0892214
599	0.10201
600	0.101814
601	0.101289
602	0.100982
603	0.100432
604	0.0999807
605	0.0995876
606	0.099075
607	0.0985427
608	0.0979861
609	0.0974905
610	0.0969167
611	0.096509
612	0.0962747
613	0.0958547
614	0.095342
615	0.0948733
616	0.0945193
617	0.0941433
618	0.0936746
619	0.0933499
620	0.0926272
621	0.0921682
622	0.0916604
623	0.091238
624	0.0907327
625	0.0901809
626	0.0895657
627	0.0891067
628	0.0886013
629	0.0881155
630	0.0875833
631	0.0873245
632	0.0868679
633	0.0862087
634	0.085718
635	0.0854495
636	0.0853762
637	0.0855764
638	0.0867556
639	0.0890164
640	0.0922756
641	0.0956399
642	0.0987551
643	0.100742
644	0.101519
645	0.101096
646	0.100115
647	0.0993728
648	0.0987502
649	0.0981643
650	0.0974734
651	0.0969607
652	0.0965066
653	0.0960745
654	0.095552
655	0.0951248
656	0.0949148
657	0.0946243
658	0.0942288
659	0.0935208
660	0.092908
661	0.092156
662	0.0913723
663	0.0909377
664	0.0904861
665	0.0898245
666	0.0891897
667	0.0889089
668	0.0888088
669	0.0888137
670	0.0886672
671	0.0884255
672	0.0881301
673	0.0876467
674	0.0871462
675	0.086675
676	0.0862917
677	0.0861672
678	0.0869363
679	0.0901516
680	0.0972317
681	0.107776
682	0.119702
683	0.119663
684	0.119229
685	0.118755
686	0.11835
687	0.118052
688	0.117495
689	0.117024
690	0.116536
691	0.115972
692	0.115379
693	0.115095
694	0.114864
695	0.114615
696	0.114407
697	0.114248
698	0.114011
699	0.11399
700	0.113968
701	0.113931
702	0.113885
703	0.113621
704	0.113303
705	0.112879
706	0.112366
707	0.112115
708	0.111721
709	0.11127
710	0.110935
711	0.110796
712	0.11041
713	0.110125
714	0.109778
715	0.109199
716	0.108269
717	0.107669
718	0.107715
719	0.107556
720	0.107193
721	0.106868
722	0.106577
723	0.106411
724	0.106624
725	0.107232
726	0.108069
727	0.108804
728	0.109297
729	0.109744
730	0.109951
731	0.109898
732	0.109556
733	0.109236
734	0.108799
735	0.108616
736	0.108196
737	0.107659
738	0.107124
739	0.106602
740	0.106214
741	0.105681
742	0.105301
743	0.104751
744	0.104307
745	0.103848
746	0.103316
747	0.102998
748	0.10252
749	0.1019
750	0.101702
751	0.101363
752	0.101175
753	0.101001
754	0.100738
755	0.100418
756	0.100191
757	0.100027
758	0.0995828
759	0.0989651
760	0.0983352
761	0.0978713
762	0.0972683
763	0.0965603
764	0.095801
765	0.0950369
766	0.094446
767	0.0942874
768	0.0944631
769	0.0946707
770	0.0949246
771	0.0949343
772	0.0946292
773	0.0943411
774	0.0939602
775	0.0939138
776	0.0943386
777	0.0948049
778	0.0948586
779	0.094739
780	0.0943997
781	0.0939773
782	0.0936111
783	0.0931301
784	0.0926077
785	0.0922268
786	0.0916921
787	0.0908572
788	0.0902444
789	0.0895437
790	0.0887893
791	0.0879495
792	0.0872488
793	0.0864358
794	0.0853494
795	0.0842117
796	0.083113
797	0.0822292
798	0.0816555
799	0.0812014
800	0.0809792
801	0.0806863
802	0.0805862
803	0.0803176
804	0.0799539
805	0.0797317
806	0.0796292
807	0.079656
808	0.0794827
809	0.0790164
810	0.0787283
811	0.0781692
812	0.0777737
813	0.077217
814	0.0766604
815	0.0762649
816	0.0757888
817	0.075325
818	0.0749294
819	0.0748318
820	0.0746609
821	0.0743777
822	0.0738503
823	0.073345
824	0.0728738
825	0.0724392
826	0.0717898
827	0.0712722
828	0.0708865
829	0.0704031
830	0.0699783
831	0.069739
832	0.0693655
833	0.0693679
834	0.0694729
835	0.0699856
836	0.070967
837	0.0719363
838	0.0728835
839	0.0738845
840	0.0747512
841	0.0752322
842	0.075613
843	0.0756252
844	0.0759377
845	0.0767263
846	0.0778542
847	0.0791702
848	0.0800393
849	0.0805862
850	0.0806033
851	0.0803762
852	0.0801492
853	0.0802712
854	0.081116
855	0.0835842
856	0.0870437
857	0.0905471
858	0.0934744
859	0.0949807
860	0.095342
861	0.0952151
862	0.0946218
863	0.0934158
864	0.0922756
865	0.0910867
866	0.0901711
867	0.0892971
868	0.0880422
869	0.0868679
870	0.0860208
871	0.0855032
872	0.0850051
873	0.0848269
874	0.0843166
875	0.0839358
876	0.0835256
877	0.0831643
878	0.0827786
879	0.082488
880	0.0820193
881	0.0816189
882	0.0810623
883	0.0808743
884	0.0803909
885	0.079634
886	0.0790408
887	0.0781619
888	0.0774636
889	0.0764236
890	0.075386
891	0.0746731
892	0.073865
893	0.0729128
894	0.0723123
895	0.07178
896	0.0712063
897	0.0704983
898	0.0698611
899	0.0690164
900	0.0682961
901	0.0677249
902	0.0669802
903	0.0660647
904	0.0655691
905	0.0653811
906	0.0649465
907	0.0645999
908	0.0639163
909	0.0631814
910	0.0625222
911	0.0620339
912	0.061824
913	0.0614846
914	0.0610696
915	0.060491
916	0.0602249
917	0.0600002
918	0.0599978
919	0.0596121
920	0.0590725
921	0.0585354
922	0.0582595
923	0.0580276
924	0.0575002
925	0.0570706
926	0.0565872
927	0.0562234
928	0.0560061
929	0.0556814
930	0.0550222
931	0.054363
932	0.0538088
933	0.0534622
934	0.0533083
935	0.0531936
936	0.0528494
937	0.0525564
938	0.0521023
939	0.0516189
940	0.0511941
941	0.0507375
942	0.0503103
943	0.0499563
944	0.0495706
945	0.0496438
946	0.0507473
947	0.0532546
948	0.0567996
949	0.0603152
950	0.0629446
951	0.0647952
952	0.0656228
953	0.0657009
954	0.0654568
955	0.0649807
956	0.0643459
957	0.0634402
958	0.0626418
959	0.0616189
960	0.0608596
961	0.0600808
962	0.0594387
963	0.0590701
964	0.0589407
965	0.0587649
966	0.0585281
967	0.0583499
968	0.0581643
969	0.057842
970	0.0576125
971	0.0575393
972	0.0574832
973	0.0573489
974	0.0571145
975	0.0567166
976	0.0562136
977	0.0558059
978	0.0554153
979	0.055054
980	0.0548342
981	0.0545046
982	0.0544363
983	0.0542043
984	0.053655
985	0.0530618
986	0.0527029
987	0.0525247
988	0.0523733
989	0.0522732
990	0.0524075
991	0.052261
992	0.0520706
993	0.0517239
994	0.0512625
995	0.0510305
996	0.0507278
997	0.0504006
998	0.0502981
999	0.0503494
1000	0.0500906
1001	0.0495754
1002	0.0489675
1003	0.0484548
1004	0.0480789
1005	0.0477029
1006	0.047134
1007	0.0467678
1008	0.0467092
1009	0.0473562
1010	0.0493801
1011	0.0525027
1012	0.0564309
1013	0.0598953
1014	0.0624148
1015	0.0637527
1016	0.0645925
1017	0.0649075
1018	0.0646755
1019	0.0639773
1020	0.0633889
1021	0.0628469
1022	0.062156
1023	0.0614846
