0	-0.000191849
1	-0.000277298
2	-7.95439e-05
3	-1.36259e-05
4	-0.000167435
5	-0.000233352
6	-0.000248001
7	-0.000274856
8	-0.000252884
9	-0.000248001
10	-0.000216263
11	-0.000240677
12	-0.000304153
13	-0.000365188
14	-0.000304153
15	-0.000106399
16	-3.55986e-05
17	-0.000216263
18	-3.07158e-05
19	-9.41923e-05
20	-0.000233352
21	-0.000272415
22	-0.000162552
23	-4.29228e-05
24	-0.000252884
25	-0.000274856
26	-0.000201614
27	-2.5833e-05
28	2.7878e-05
29	0.000167038
30	0.00010112
31	0.000149948
32	0.000189011
33	0.000193894
34	0.000247605
35	0.000113327
36	-6.73369e-05
37	-4.53642e-05
38	6.69405e-05
39	0.000140183
40	0.000252487
41	0.000286667
42	0.000491745
43	0.00043071
44	0.000367233
45	0.000381882
46	0.000401413
47	0.000384323
48	0.00060405
49	0.00048198
50	0.000355026
51	0.00025737
52	0.000347702
53	0.000296433
54	0.00041362
55	0.000611374
56	0.00127055
57	0.00403667
58	0.0125108
59	0.035753
60	0.0885923
61	0.181791
62	0.308509
63	0.450882
64	0.592755
65	0.725492
66	0.845167
67	0.950619
68	1.04139
69	1.11738
70	1.17947
71	1.22912
72	1.26807
73	1.2977
74	1.31988
75	1.33598
76	1.3473
77	1.35499
78	1.36006
79	1.3636
80	1.36715
81	1.37251
82	1.38045
83	1.39015
84	1.40051
85	1.41044
86	1.41911
87	1.42608
88	1.43136
89	1.4347
90	1.43582
91	1.435
92	1.43267
93	1.42899
94	1.42407
95	1.41834
96	1.41184
97	1.40476
98	1.39715
99	1.38935
100	1.38147
101	1.37343
102	1.36558
103	1.35802
104	1.35068
105	1.34346
106	1.33613
107	1.32865
108	1.32092
109	1.31304
110	1.30512
111	1.29683
112	1.28837
113	1.27967
114	1.27052
115	1.26098
116	1.25138
117	1.24154
118	1.23163
119	1.2217
120	1.21206
121	1.20241
122	1.19305
123	1.18354
124	1.1741
125	1.16452
126	1.15514
127	1.14552
128	1.136
129	1.12623
130	1.11641
131	1.10643
132	1.09638
133	1.08614
134	1.0761
135	1.06589
136	1.05563
137	1.04552
138	1.03533
139	1.02498
140	1.01495
141	1.00512
142	0.995404
143	0.985748
144	0.97629
145	0.966905
146	0.957787
147	0.948583
148	0.939461
149	0.930465
150	0.9215
151	0.912577
152	0.903783
153	0.89495
154	0.886437
155	0.878014
156	0.869523
157	0.861136
158	0.852814
159	0.844523
160	0.836202
161	0.827855
162	0.819632
163	0.81152
164	0.803563
165	0.795765
166	0.787855
167	0.779818
168	0.772147
169	0.764237
170	0.756647
171	0.748841
172	0.740929
173	0.733009
174	0.72547
175	0.717733
176	0.710099
177	0.702613
178	0.695011
179	0.687306
180	0.679698
181	0.672274
182	0.665006
183	0.657687
184	0.650565
185	0.643348
186	0.636625
187	0.629659
188	0.622748
189	0.615704
190	0.608766
191	0.601976
192	0.595448
193	0.588827
194	0.582237
195	0.575863
196	0.569488
197	0.563019
198	0.556703
199	0.550419
200	0.544327
201	0.538014
202	0.532125
203	0.526185
204	0.52037
205	0.514281
206	0.508661
207	0.503036
208	0.497396
209	0.491493
210	0.485836
211	0.480287
212	0.474686
213	0.469208
214	0.463827
215	0.458541
216	0.45337
217	0.44818
218	0.443246
219	0.438443
220	0.433617
221	0.428793
222	0.424212
223	0.419566
224	0.415138
225	0.410755
226	0.406241
227	0.401454
228	0.397093
229	0.39276
230	0.388334
231	0.383954
232	0.379635
233	0.375345
234	0.371107
235	0.366822
236	0.36264
237	0.358468
238	0.354432
239	0.350323
240	0.346322
241	0.342154
242	0.33836
243	0.334608
244	0.330856
245	0.327218
246	0.323624
247	0.320106
248	0.316583
249	0.31296
250	0.309505
251	0.30609
252	0.302616
253	0.299129
254	0.295897
255	0.292535
256	0.289266
257	0.285934
258	0.282757
259	0.279471
260	0.276178
261	0.273063
262	0.26996
263	0.266786
264	0.263463
265	0.260384
266	0.257423
267	0.254315
268	0.251444
269	0.248587
270	0.245658
271	0.242801
272	0.240096
273	0.237337
274	0.234464
275	0.231756
276	0.229044
277	0.226373
278	0.223731
279	0.22088
280	0.218336
281	0.215675
282	0.212997
283	0.21016
284	0.207345
285	0.204618
286	0.201869
287	0.199159
288	0.196468
289	0.193983
290	0.191488
291	0.188807
292	0.186478
293	0.184291
294	0.181878
295	0.179823
296	0.177638
297	0.175616
298	0.173941
299	0.172496
300	0.171227
301	0.170191
302	0.169337
303	0.16849
304	0.167911
305	0.16756
306	0.167352
307	0.16713
308	0.166937
309	0.166598
310	0.166004
311	0.165233
312	0.164405
313	0.163639
314	0.162828
315	0.161815
316	0.160484
317	0.159156
318	0.15776
319	0.156446
320	0.154906
321	0.153446
322	0.151698
323	0.149928
324	0.148417
325	0.147042
326	0.145563
327	0.144022
328	0.14243
329	0.140838
330	0.139151
331	0.137591
332	0.136178
333	0.134889
334	0.133316
335	0.131752
336	0.130431
337	0.128917
338	0.127777
339	0.12659
340	0.125174
341	0.123866
342	0.122374
343	0.120926
344	0.119576
345	0.118417
346	0.117254
347	0.115931
348	0.11464
349	0.113536
350	0.112176
351	0.11078
352	0.109576
353	0.10839
354	0.107042
355	0.105616
356	0.104376
357	0.102909
358	0.101466
359	0.0999473
360	0.0983775
361	0.0968321
362	0.095399
363	0.094022
364	0.0926353
365	0.0913511
366	0.0902159
367	0.0891148
368	0.0881285
369	0.0871739
370	0.0863243
371	0.0854454
372	0.0847642
373	0.0836729
374	0.0828282
375	0.0820103
376	0.0809385
377	0.0798741
378	0.0787974
379	0.0777598
380	0.0767002
381	0.0756626
382	0.0748008
383	0.073629
384	0.0726158
385	0.0718833
386	0.0709581
387	0.0698643
388	0.0689707
389	0.0682847
390	0.0675328
391	0.0666539
392	0.0659043
393	0.0647691
394	0.0637461
395	0.0627842
396	0.0619615
397	0.0612901
398	0.0605088
399	0.0597349
400	0.0591978
401	0.0584092
402	0.0576939
403	0.0570713
404	0.0562413
405	0.0555088
406	0.0548252
407	0.0541832
408	0.0533921
409	0.0527232
410	0.0518272
411	0.051085
412	0.0502989
413	0.0493809
414	0.0484751
415	0.0476573
416	0.04692
417	0.0461607
418	0.045543
419	0.0445323
420	0.0436875
421	0.0427745
422	0.041981
423	0.0413023
424	0.0405308
425	0.039835
426	0.0390953
427	0.0381529
428	0.0372813
429	0.0362852
430	0.035626
431	0.0348594
432	0.0338414
433	0.0329917
434	0.0322447
435	0.031356
436	0.030438
437	0.0296885
438	0.0289122
439	0.028126
440	0.0273643
441	0.0264683
442	0.0258604
443	0.0250718
444	0.0242881
445	0.0235191
446	0.0229698
447	0.0221568
448	0.0215611
449	0.0207676
450	0.0201963
451	0.0195323
452	0.0188755
453	0.0183287
454	0.0175962
455	0.0170762
456	0.0165806
457	0.0161094
458	0.0155992
459	0.0148667
460	0.0144151
461	0.014066
462	0.0134874
463	0.0129673
464	0.0124034
465	0.0117149
466	0.0111656
467	0.0106724
468	0.0101841
469	0.00964214
470	0.00905864
471	0.00854839
472	0.00828716
473	0.00783794
474	0.00750346
475	0.00693217
476	0.0063438
477	0.00612163
478	0.00558452
479	0.00485454
480	0.00451518
481	0.00400249
482	0.00366069
483	0.00306743
484	0.00260356
485	0.0021104
486	0.00167339
487	0.00103618
488	0.000494187
489	4.49678e-05
490	-0.000533645
491	-0.00103902
492	-0.0014272
493	-0.00188863
494	-0.00232075
495	-0.0028774
496	-0.00343404
497	-0.00380025
498	-0.00421284
499	-0.00464009
500	-0.0048647
501	-0.00516255
502	-0.00547993
503	-0.00579976
504	-0.00629536
505	-0.00664693
506	-0.00704732
507	-0.00746236
508	-0.00777486
509	-0.00821431
510	-0.00854878
511	-0.0092104
512	-0.00972066
513	-0.0100185
514	-0.0101796
515	-0.0103066
516	-0.0104287
517	-0.010187
518	-0.0101699
519	-0.0101601
520	-0.0104165
521	-0.0102675
522	-0.0101821
523	-0.0101894
524	-0.0103457
525	-0.0104335
526	-0.0106362
527	-0.0108217
528	-0.0111025
529	-0.0113027
530	-0.0116835
531	-0.0118691
532	-0.0120595
533	-0.0125112
534	-0.0127822
535	-0.0130971
536	-0.0133315
537	-0.0136196
538	-0.0138247
539	-0.0141127
540	-0.0144521
541	-0.0147793
542	-0.0152236
543	-0.0154335
544	-0.0158242
545	-0.0159536
546	-0.0163222
547	-0.0163247
548	-0.0166176
549	-0.0168154
550	-0.0171181
551	-0.017311
552	-0.0174624
553	-0.0177651
554	-0.017831
555	-0.0182509
556	-0.0184926
557	-0.0187563
558	-0.0191811
559	-0.0192641
560	-0.0192885
561	-0.0192251
562	-0.0192861
563	-0.0191274
564	-0.0191958
565	-0.0192836
566	-0.0191884
567	-0.0192568
568	-0.0192861
569	-0.0194423
570	-0.019601
571	-0.0197988
572	-0.0198647
573	-0.0199038
574	-0.0199184
575	-0.0202724
576	-0.0204433
577	-0.0204287
578	-0.0206167
579	-0.020978
580	-0.0209072
581	-0.0209389
582	-0.0211782
583	-0.02152
584	-0.0216323
585	-0.0217788
586	-0.0219912
587	-0.0220522
588	-0.0222085
589	-0.0224331
590	-0.0227822
591	-0.0230483
592	-0.022936
593	-0.0220229
594	-0.0198671
595	-0.0171328
596	-0.0142861
597	-0.011642
598	-0.00930318
599	-0.00712788
600	-0.00506001
601	-0.00354634
602	-0.00231831
603	-0.00123433
604	-0.000477494
605	-0.000128373
606	7.42641e-05
607	0.00022319
608	0.000218307
609	0.000108444
610	2.78774e-05
611	-5.2689e-05
612	-0.000291947
613	-0.000687455
614	-0.000873002
615	-0.00109761
616	-0.00131001
617	-0.00158589
618	-0.00197163
619	-0.0022939
620	-0.00242085
621	-0.00259908
622	-0.00283589
623	-0.00305318
624	-0.00334859
625	-0.00361958
626	-0.0039272
627	-0.00429097
628	-0.00455464
629	-0.00489156
630	-0.00512105
631	-0.00535054
632	-0.00588521
633	-0.00637593
634	-0.00709859
635	-0.00757466
636	-0.00769673
637	-0.0080898
638	-0.00841206
639	-0.00885884
640	-0.00916646
641	-0.00924947
642	-0.00935689
643	-0.00977193
644	-0.0099941
645	-0.0101772
646	-0.0105385
647	-0.010873
648	-0.0111928
649	-0.0114126
650	-0.011686
651	-0.0119814
652	-0.0122744
653	-0.0126088
654	-0.0128603
655	-0.0132338
656	-0.0135659
657	-0.0137929
658	-0.0140175
659	-0.0141811
660	-0.014352
661	-0.0147646
662	-0.014811
663	-0.0150795
664	-0.0151748
665	-0.0155288
666	-0.0157851
667	-0.0162392
668	-0.0166298
669	-0.0169472
670	-0.0171645
671	-0.0175112
672	-0.017621
673	-0.0180434
674	-0.0184145
675	-0.0187099
676	-0.0188295
677	-0.0191005
678	-0.0192324
679	-0.0190835
680	-0.0192006
681	-0.0191884
682	-0.0193496
683	-0.0195131
684	-0.0195791
685	-0.0197255
686	-0.0197744
687	-0.0198476
688	-0.0202285
689	-0.0204824
690	-0.0205507
691	-0.0205629
692	-0.020873
693	-0.0211733
694	-0.0211001
695	-0.0205361
696	-0.0196889
697	-0.018622
698	-0.0175454
699	-0.0166079
700	-0.0158608
701	-0.0151626
702	-0.0147085
703	-0.0143593
704	-0.0140224
705	-0.013832
706	-0.0137392
707	-0.0135268
708	-0.0137001
709	-0.0140249
710	-0.014142
711	-0.0143081
712	-0.0144716
713	-0.0147475
714	-0.0148842
715	-0.0152456
716	-0.0154555
717	-0.0156411
718	-0.0157436
719	-0.0161196
720	-0.0162563
721	-0.0164858
722	-0.0167666
723	-0.0169912
724	-0.0171352
725	-0.0174477
726	-0.0177797
727	-0.0180434
728	-0.0183291
729	-0.0184462
730	-0.0186977
731	-0.0190151
732	-0.0194179
733	-0.0196669
734	-0.0197988
735	-0.0201406
736	-0.0204335
737	-0.0209267
738	-0.0211025
739	-0.0212343
740	-0.0216152
741	-0.0218032
742	-0.0220131
743	-0.0222524
744	-0.0226088
745	-0.0229189
746	-0.0230874
747	-0.0233999
748	-0.0236684
749	-0.0239467
750	-0.0242446
751	-0.0243593
752	-0.024435
753	-0.0246523
754	-0.0248671
755	-0.0251845
756	-0.0253603
757	-0.025458
758	-0.025685
759	-0.0258828
760	-0.0260439
761	-0.0262563
762	-0.0264077
763	-0.0264809
764	-0.0264882
765	-0.026769
766	-0.0268593
767	-0.0269863
768	-0.0270278
769	-0.0270961
770	-0.0273549
771	-0.0274892
772	-0.0275966
773	-0.0276821
774	-0.0277724
775	-0.0277456
776	-0.0277187
777	-0.0277309
778	-0.0272866
779	-0.027062
780	-0.0268789
781	-0.0267812
782	-0.0265419
783	-0.0264614
784	-0.0262441
785	-0.0260927
786	-0.0260439
787	-0.0261782
788	-0.0262612
789	-0.0262563
790	-0.0262856
791	-0.0265102
792	-0.0265712
793	-0.0266127
794	-0.0267421
795	-0.0269008
796	-0.0270376
797	-0.0271792
798	-0.0272646
799	-0.0272866
800	-0.0274575
801	-0.0275966
802	-0.0276626
803	-0.0279653
804	-0.0279726
805	-0.0282876
806	-0.0284121
807	-0.0286367
808	-0.0286806
809	-0.0287612
810	-0.0289174
811	-0.0291543
812	-0.0292812
813	-0.0294204
814	-0.0294741
815	-0.0296206
816	-0.0298208
817	-0.0298525
818	-0.0299477
819	-0.0301088
820	-0.0301381
821	-0.0303579
822	-0.030353
823	-0.0305996
824	-0.0306167
825	-0.0308876
826	-0.031039
827	-0.0313515
828	-0.0315175
829	-0.031852
830	-0.0317959
831	-0.0320449
832	-0.0321596
833	-0.0323842
834	-0.0325454
835	-0.032726
836	-0.0327138
837	-0.0327944
838	-0.0326992
839	-0.0325478
840	-0.0323354
841	-0.0318862
842	-0.0315322
843	-0.0313491
844	-0.0310512
845	-0.0308828
846	-0.0308022
847	-0.0307314
848	-0.0302456
849	-0.0292348
850	-0.0268984
851	-0.0237929
852	-0.0202089
853	-0.0170107
854	-0.0141909
855	-0.0114443
856	-0.00913472
857	-0.00687154
858	-0.00510152
859	-0.0035732
860	-0.00283101
861	-0.00240376
862	-0.00227437
863	-0.00188618
864	-0.00168111
865	-0.0015688
866	-0.00160054
867	-0.00168843
868	-0.00171529
869	-0.00193501
870	-0.00197163
871	-0.00197163
872	-0.00207173
873	-0.00224995
874	-0.00252583
875	-0.00261616
876	-0.00273335
877	-0.00293599
878	-0.00312642
879	-0.00321187
880	-0.00348775
881	-0.00370503
882	-0.00391011
883	-0.00390034
884	-0.00407124
885	-0.00432271
886	-0.00448628
887	-0.00471089
888	-0.00486714
889	-0.00503316
890	-0.00528462
891	-0.00543599
892	-0.00571187
893	-0.0058022
894	-0.00598775
895	-0.00599507
896	-0.00623433
897	-0.00632954
898	-0.00654195
899	-0.00682271
900	-0.00709614
901	-0.00746968
902	-0.00759419
903	-0.00772114
904	-0.00780415
905	-0.00768208
906	-0.00756978
907	-0.00736958
908	-0.00726704
909	-0.00742085
910	-0.00741841
911	-0.00745503
912	-0.00756978
913	-0.0077895
914	-0.00790181
915	-0.00806538
916	-0.00814595
917	-0.00834614
918	-0.00862691
919	-0.00880513
920	-0.00911763
921	-0.00933736
922	-0.00971577
923	-0.00998433
924	-0.0102895
925	-0.0104409
926	-0.0104995
927	-0.0106972
928	-0.0106557
929	-0.0106801
930	-0.0111025
931	-0.0113955
932	-0.0114614
933	-0.0118349
934	-0.0120595
935	-0.0122866
936	-0.0125332
937	-0.0127529
938	-0.0133217
939	-0.0137294
940	-0.0140712
941	-0.0144619
942	-0.0147451
943	-0.0149746
944	-0.0152871
945	-0.015602
946	-0.0155556
947	-0.0155312
948	-0.0152773
949	-0.0151943
950	-0.0151308
951	-0.0150942
952	-0.0150698
953	-0.0149477
954	-0.0150405
955	-0.0152334
956	-0.0153798
957	-0.0155556
958	-0.0157143
959	-0.0159243
960	-0.0162587
961	-0.0163491
962	-0.0165786
963	-0.0167128
964	-0.0170278
965	-0.0173012
966	-0.0175209
967	-0.0177456
968	-0.0179287
969	-0.0179995
970	-0.0183168
971	-0.0185463
972	-0.0187612
973	-0.0190566
974	-0.0192885
975	-0.019623
976	-0.0199697
977	-0.0204018
978	-0.0205629
979	-0.0207924
980	-0.021017
981	-0.0210488
982	-0.0209633
983	-0.0208242
984	-0.0205068
985	-0.020082
986	-0.0198134
987	-0.0197304
988	-0.0194619
989	-0.0194057
990	-0.0193081
991	-0.0195449
992	-0.0195595
993	-0.0195693
994	-0.019623
995	-0.0198159
996	-0.0199599
997	-0.0201626
998	-0.020375
999	-0.020663
1000	-0.0209365
1001	-0.0210878
1002	-0.0212954
1003	-0.0213295
1004	-0.0215322
1005	-0.0216396
1006	-0.0217714
1007	-0.0219668
1008	-0.0221474
1009	-0.0222231
1010	-0.0224746
1011	-0.0225698
1012	-0.0225087
1013	-0.0222451
1014	-0.022018
1015	-0.0219277
1016	-0.0218056
1017	-0.0217568
1018	-0.0216933
1019	-0.021686
1020	-0.0217739
1021	-0.0218618
1022	-0.0220156
1023	-0.022145
