0	0.000548289
1	0.000489695
2	0.00041157
3	0.000589793
4	0.000731394
5	0.000750926
6	0.000638621
7	0.000543406
8	0.000597117
9	0.000540965
10	0.000536082
11	0.000467722
12	0.000323679
13	9.17459e-05
14	0.000123484
15	-0.000140188
16	-0.000210989
17	-0.000298879
18	-0.000235403
19	-0.00021343
20	-4.49729e-05
21	3.55935e-05
22	-0.000115774
23	-0.00031841
24	-0.000340383
25	-0.000240285
26	-0.000250051
27	-0.000252492
28	-0.000237844
29	-0.000284231
30	-0.000264699
31	-0.000228078
32	-0.000269582
33	-0.000430715
34	-0.000401418
35	-0.000313528
36	-0.000181692
37	-0.000176809
38	-0.000176809
39	-0.000257375
40	-0.000245168
41	-0.000220754
42	9.17459e-05
43	1.41382e-06
44	-0.000215871
45	-0.000167043
46	-0.000135305
47	-0.000206106
48	-0.000337942
49	-0.000101125
50	-0.000152395
51	1.60623e-05
52	7.95388e-05
53	6.29663e-06
54	-0.000181692
55	-0.000208547
56	-0.000186574
57	-0.000450246
58	-0.00102642
59	-0.000865285
60	0.0022353
61	0.0146791
62	0.0507998
63	0.132086
64	0.277645
65	0.491598
66	0.755001
67	1.02958
68	1.27676
69	1.47197
70	1.60807
71	1.69035
72	1.7305
73	1.74083
74	1.73241
75	1.71357
76	1.69023
77	1.66643
78	1.64472
79	1.62616
80	1.61101
81	1.59817
82	1.58757
83	1.57858
84	1.57088
85	1.5632
86	1.55598
87	1.54812
88	1.5399
89	1.53152
90	1.52272
91	1.51354
92	1.50472
93	1.49577
94	1.48681
95	1.47767
96	1.46858
97	1.45974
98	1.45087
99	1.44195
100	1.4335
101	1.4246
102	1.41511
103	1.40567
104	1.39627
105	1.38685
106	1.37703
107	1.36717
108	1.35737
109	1.34747
110	1.33698
111	1.32644
112	1.31556
113	1.3042
114	1.2925
115	1.28089
116	1.26949
117	1.2583
118	1.24728
119	1.23638
120	1.22562
121	1.21475
122	1.20425
123	1.19369
124	1.18325
125	1.17303
126	1.16272
127	1.15205
128	1.14149
129	1.13121
130	1.12157
131	1.11183
132	1.1019
133	1.09201
134	1.08213
135	1.07219
136	1.0625
137	1.05314
138	1.04413
139	1.03553
140	1.02701
141	1.01824
142	1.00935
143	1.00011
144	0.990514
145	0.980646
146	0.971037
147	0.961764
148	0.952111
149	0.942389
150	0.932164
151	0.922294
152	0.912726
153	0.903305
154	0.894096
155	0.884821
156	0.876085
157	0.86819
158	0.860919
159	0.853964
160	0.847208
161	0.839777
162	0.832023
163	0.823998
164	0.816002
165	0.808095
166	0.799594
167	0.790919
168	0.782318
169	0.774235
170	0.766613
171	0.758766
172	0.751349
173	0.743959
174	0.736456
175	0.72893
176	0.721449
177	0.714159
178	0.707321
179	0.700268
180	0.693429
181	0.686478
182	0.679184
183	0.671862
184	0.664789
185	0.657409
186	0.650131
187	0.642445
188	0.635294
189	0.628498
190	0.622179
191	0.615739
192	0.608939
193	0.602067
194	0.595665
195	0.589999
196	0.584132
197	0.578253
198	0.572421
199	0.566652
200	0.560739
201	0.554838
202	0.548751
203	0.542855
204	0.536898
205	0.531303
206	0.525563
207	0.520009
208	0.514877
209	0.510375
210	0.506205
211	0.502492
212	0.499335
213	0.496051
214	0.492103
215	0.487763
216	0.483205
217	0.478541
218	0.473764
219	0.468622
220	0.463458
221	0.458683
222	0.454494
223	0.449965
224	0.445553
225	0.441254
226	0.436784
227	0.432426
228	0.427951
229	0.423783
230	0.419957
231	0.415607
232	0.411386
233	0.407189
234	0.402936
235	0.398666
236	0.394525
237	0.390456
238	0.386891
239	0.383295
240	0.379538
241	0.375929
242	0.372284
243	0.368822
244	0.365082
245	0.361254
246	0.357648
247	0.353993
248	0.350492
249	0.34682
250	0.343339
251	0.339691
252	0.336566
253	0.333468
254	0.33068
255	0.327855
256	0.324865
257	0.321825
258	0.318842
259	0.31549
260	0.312443
261	0.309059
262	0.305883
263	0.302719
264	0.299811
265	0.297135
266	0.294574
267	0.291674
268	0.288888
269	0.286439
270	0.284252
271	0.281867
272	0.279569
273	0.277204
274	0.275109
275	0.272965
276	0.270653
277	0.26819
278	0.265829
279	0.263498
280	0.261061
281	0.258737
282	0.256234
283	0.253751
284	0.251417
285	0.249027
286	0.246857
287	0.244818
288	0.242653
289	0.240617
290	0.238593
291	0.236415
292	0.234022
293	0.231632
294	0.229396
295	0.227152
296	0.224994
297	0.222919
298	0.220932
299	0.219835
300	0.220739
301	0.225021
302	0.231962
303	0.240016
304	0.242599
305	0.241435
306	0.241525
307	0.243346
308	0.247045
309	0.251176
310	0.254823
311	0.257538
312	0.259157
313	0.259394
314	0.259083
315	0.258092
316	0.256676
317	0.255058
318	0.2532
319	0.251256
320	0.249452
321	0.24734
322	0.245302
323	0.243568
324	0.241886
325	0.239997
326	0.238334
327	0.236771
328	0.23527
329	0.233805
330	0.232748
331	0.231488
332	0.230231
333	0.228895
334	0.227457
335	0.226095
336	0.224833
337	0.223681
338	0.222455
339	0.221002
340	0.219567
341	0.218117
342	0.216625
343	0.215102
344	0.213725
345	0.21225
346	0.211105
347	0.210043
348	0.208847
349	0.207875
350	0.207094
351	0.206442
352	0.205812
353	0.205399
354	0.204887
355	0.204313
356	0.2036
357	0.202501
358	0.201205
359	0.199982
360	0.198561
361	0.197211
362	0.195604
363	0.193759
364	0.191867
365	0.190158
366	0.188598
367	0.187199
368	0.186151
369	0.185617
370	0.1857
371	0.186327
372	0.187113
373	0.187536
374	0.187455
375	0.186703
376	0.186007
377	0.184723
378	0.183429
379	0.18192
380	0.180595
381	0.179213
382	0.178058
383	0.176735
384	0.175512
385	0.174257
386	0.173224
387	0.172899
388	0.173275
389	0.174318
390	0.175714
391	0.176754
392	0.177465
393	0.177653
394	0.176847
395	0.175639
396	0.174289
397	0.17317
398	0.172787
399	0.173529
400	0.175199
401	0.177555
402	0.180214
403	0.182977
404	0.186061
405	0.189252
406	0.192462
407	0.19487
408	0.196281
409	0.196188
410	0.195006
411	0.193178
412	0.191063
413	0.188693
414	0.186532
415	0.184508
416	0.182401
417	0.18059
418	0.178996
419	0.177985
420	0.177194
421	0.176469
422	0.175863
423	0.175324
424	0.174628
425	0.173871
426	0.173234
427	0.172487
428	0.171352
429	0.170067
430	0.168585
431	0.167099
432	0.165636
433	0.163888
434	0.162392
435	0.160885
436	0.159508
437	0.158112
438	0.156898
439	0.155741
440	0.154469
441	0.153253
442	0.151942
443	0.15039
444	0.148988
445	0.147435
446	0.146007
447	0.144713
448	0.143566
449	0.142389
450	0.14132
451	0.14036
452	0.139144
453	0.137946
454	0.136652
455	0.135529
456	0.134235
457	0.132926
458	0.13195
459	0.13101
460	0.130189
461	0.129284
462	0.128178
463	0.127135
464	0.126046
465	0.124748
466	0.123556
467	0.122472
468	0.121637
469	0.120658
470	0.119865
471	0.118793
472	0.117855
473	0.116898
474	0.116002
475	0.115023
476	0.114057
477	0.11317
478	0.112177
479	0.111276
480	0.11046
481	0.109811
482	0.109098
483	0.108615
484	0.107992
485	0.107438
486	0.106664
487	0.106005
488	0.105497
489	0.104928
490	0.104413
491	0.103842
492	0.103131
493	0.102389
494	0.101395
495	0.10039
496	0.0994863
497	0.0985683
498	0.0976625
499	0.0967495
500	0.0959243
501	0.0953432
502	0.0948183
503	0.0940932
504	0.0934877
505	0.0928359
506	0.0919448
507	0.0911806
508	0.0905654
509	0.0898549
510	0.0893593
511	0.0885488
512	0.0875283
513	0.0865273
514	0.0858364
515	0.0852578
516	0.0846743
517	0.0842958
518	0.0838759
519	0.0834999
520	0.0831264
521	0.0829165
522	0.0824208
523	0.0819765
524	0.081476
525	0.0805947
526	0.0796938
527	0.078915
528	0.0781435
529	0.077499
530	0.0769448
531	0.0762807
532	0.0758486
533	0.0752187
534	0.0748598
535	0.0745327
536	0.0740249
537	0.0733632
538	0.0726528
539	0.0722597
540	0.0717543
541	0.0713027
542	0.0707338
543	0.0702504
544	0.0698842
545	0.0692397
546	0.0686147
547	0.0681923
548	0.0675185
549	0.0672744
550	0.0668325
551	0.0663466
552	0.0658657
553	0.0653286
554	0.0651406
555	0.0646499
556	0.0643544
557	0.0639638
558	0.0635463
559	0.0630385
560	0.0625405
561	0.0621157
562	0.0617202
563	0.0613832
564	0.0611171
565	0.0607119
566	0.0602089
567	0.0597475
568	0.0592324
569	0.0588808
570	0.0585122
571	0.0579506
572	0.0576528
573	0.0572304
574	0.0570888
575	0.0566957
576	0.056354
577	0.0561171
578	0.0557753
579	0.055519
580	0.055165
581	0.054999
582	0.0549208
583	0.054789
584	0.0545815
585	0.0541079
586	0.0537392
587	0.0534291
588	0.0531362
589	0.0529042
590	0.0527651
591	0.0524111
592	0.0519521
593	0.0513735
594	0.0507729
595	0.0501503
596	0.0497768
597	0.0494399
598	0.0500185
599	0.0517885
600	0.0546352
601	0.0581093
602	0.0619936
603	0.0650014
604	0.0669057
605	0.0674599
606	0.0673085
607	0.0668007
608	0.0659218
609	0.0649404
610	0.0640493
611	0.0631972
612	0.0625356
613	0.0620034
614	0.0614345
615	0.0610048
616	0.0603481
617	0.0595546
618	0.0591176
619	0.0588515
620	0.0585781
621	0.0580214
622	0.0574453
623	0.05704
624	0.0565908
625	0.0560048
626	0.055519
627	0.0551796
628	0.0546035
629	0.0541201
630	0.0536586
631	0.0529238
632	0.0523207
633	0.0519887
634	0.0515786
635	0.0512783
636	0.0508095
637	0.0506459
638	0.0502993
639	0.0504921
640	0.0514711
641	0.0533461
642	0.0556289
643	0.0582338
644	0.0604165
645	0.0623305
646	0.0633974
647	0.063788
648	0.0637612
649	0.0634243
650	0.0626943
651	0.0617543
652	0.0612001
653	0.0604897
654	0.0599111
655	0.0592177
656	0.0588417
657	0.0587075
658	0.058644
659	0.0585439
660	0.0584218
661	0.0581557
662	0.0575649
663	0.057101
664	0.0567958
665	0.0561635
666	0.0556606
667	0.0550917
668	0.0545058
669	0.0540249
670	0.0535659
671	0.0534438
672	0.0532558
673	0.0530581
674	0.0530849
675	0.0528774
676	0.0527138
677	0.0524794
678	0.0522036
679	0.0516445
680	0.0511513
681	0.0507509
682	0.0504726
683	0.0504311
684	0.0504506
685	0.0507631
686	0.0511708
687	0.0512709
688	0.0514101
689	0.0514418
690	0.0513686
691	0.0513369
692	0.0511953
693	0.0509658
694	0.0506752
695	0.0504409
696	0.0503627
697	0.0500795
698	0.0499819
699	0.0496547
700	0.0492324
701	0.0489638
702	0.0486904
703	0.0481923
704	0.0476137
705	0.0471401
706	0.0467299
707	0.0464516
708	0.0459438
709	0.045519
710	0.0450576
711	0.0448671
712	0.0446206
713	0.0442031
714	0.0437905
715	0.0435122
716	0.0430019
717	0.0427993
718	0.0423647
719	0.0422255
720	0.042123
721	0.0419667
722	0.0417226
723	0.0415102
724	0.0410927
725	0.0406093
726	0.0402602
727	0.0402724
728	0.0402431
729	0.0399892
730	0.0398476
731	0.0397622
732	0.0394252
733	0.0390615
734	0.0387514
735	0.0385878
736	0.0382314
737	0.0380312
738	0.0375869
739	0.0370327
740	0.0365615
741	0.0360927
742	0.0358095
743	0.035475
744	0.0352089
745	0.0348818
746	0.0347988
747	0.0346035
748	0.0345595
749	0.0344521
750	0.0339199
751	0.0336489
752	0.0334829
753	0.0332338
754	0.0332143
755	0.0328676
756	0.0325356
757	0.0324453
758	0.0322988
759	0.0322475
760	0.0320253
761	0.0320913
762	0.032101
763	0.0319643
764	0.0317836
765	0.0318276
766	0.0317373
767	0.0321694
768	0.0331997
769	0.0347207
770	0.036249
771	0.0376699
772	0.0386757
773	0.0392348
774	0.0398769
775	0.0421669
776	0.0479799
777	0.0568032
778	0.066708
779	0.0723598
780	0.0717617
781	0.0715151
782	0.0714052
783	0.0711855
784	0.0711806
785	0.0710073
786	0.0709902
787	0.0708388
788	0.0703872
789	0.0695888
790	0.0693032
791	0.0696962
792	0.0698964
793	0.0697719
794	0.0696279
795	0.0696767
796	0.0694741
797	0.0690639
798	0.0688491
799	0.0689321
800	0.0690664
801	0.0690737
802	0.0690175
803	0.0686635
804	0.0684584
805	0.0682387
806	0.0680312
807	0.0678676
808	0.0678188
809	0.0676064
810	0.0673159
811	0.0670791
812	0.06683
813	0.066725
814	0.0668666
815	0.0669838
816	0.0669838
817	0.0666713
818	0.0665395
819	0.0664956
820	0.0665102
821	0.0665053
822	0.0664541
823	0.0661416
824	0.0660366
825	0.0658461
826	0.0657631
827	0.065392
828	0.0652041
829	0.0648525
830	0.0647695
831	0.0645742
832	0.0643789
833	0.0643593
834	0.0640444
835	0.0638906
836	0.0640102
837	0.0639614
838	0.0642666
839	0.0656752
840	0.0696889
841	0.0774526
842	0.0877797
843	0.0980654
844	0.100397
845	0.0999306
846	0.0994985
847	0.0992275
848	0.0990004
849	0.0986245
850	0.0981337
851	0.0978554
852	0.097726
853	0.0973476
854	0.0968398
855	0.0961171
856	0.0953774
857	0.0951357
858	0.095165
859	0.0956679
860	0.0961977
861	0.0966127
862	0.0967836
863	0.0969643
864	0.0971572
865	0.0971743
866	0.0970302
867	0.0969082
868	0.0964101
869	0.0960732
870	0.0960976
871	0.095729
872	0.0955458
873	0.095121
874	0.0948354
875	0.0947353
876	0.0945668
877	0.0944179
878	0.0941957
879	0.0938979
880	0.0936513
881	0.0931411
882	0.0926625
883	0.0920913
884	0.0920131
885	0.0917397
886	0.0917031
887	0.0915957
888	0.0914858
889	0.09131
890	0.091017
891	0.0908779
892	0.0907558
893	0.0905214
894	0.090104
895	0.0896352
896	0.0892275
897	0.088832
898	0.0882607
899	0.087643
900	0.0871572
901	0.086708
902	0.0862783
903	0.085707
904	0.0851796
905	0.0846694
906	0.0842031
907	0.0838491
908	0.0836074
909	0.0833046
910	0.0829946
911	0.0827968
912	0.0826235
913	0.0824526
914	0.0822841
915	0.0818813
916	0.0816103
917	0.0814028
918	0.0812416
919	0.0811123
920	0.0807973
921	0.0802773
922	0.0798891
923	0.0796059
924	0.0794912
925	0.0794838
926	0.0795864
927	0.0796865
928	0.0801918
929	0.0804165
930	0.08058
931	0.0804921
932	0.08027
933	0.0799282
934	0.0795302
935	0.0790541
936	0.078666
937	0.078329
938	0.0779628
939	0.0775039
940	0.0771279
941	0.0766835
942	0.0764003
943	0.076039
944	0.0760732
945	0.077726
946	0.0835073
947	0.0924794
948	0.102807
949	0.10789
950	0.107699
951	0.107509
952	0.107245
953	0.107265
954	0.107182
955	0.107228
956	0.106874
957	0.106444
958	0.105998
959	0.10507
960	0.103986
961	0.103141
962	0.102531
963	0.101872
964	0.101456
965	0.100985
966	0.10057
967	0.100055
968	0.0998305
969	0.099623
970	0.0995888
971	0.0994301
972	0.0993276
973	0.099435
974	0.0994277
975	0.0993715
976	0.0989321
977	0.0988369
978	0.0986684
979	0.0988466
980	0.0991298
981	0.0993618
982	0.0996328
983	0.0997939
984	0.09954
985	0.0993398
986	0.0995205
987	0.100058
988	0.100565
989	0.100976
990	0.101327
991	0.101476
992	0.101386
993	0.101203
994	0.100788
995	0.100421
996	0.0999086
997	0.0993544
998	0.0989125
999	0.0982509
1000	0.0977211
1001	0.0973378
1002	0.0968911
1003	0.0963271
1004	0.0958657
1005	0.0955556
1006	0.0951308
1007	0.0947792
1008	0.0943374
1009	0.0938466
1010	0.0939443
1011	0.0967031
1012	0.103478
1013	0.113229
1014	0.123502
1015	0.126105
1016	0.12556
1017	0.125199
1018	0.124904
1019	0.124506
1020	0.123886
1021	0.123534
1022	0.123248
1023	0.122836
