0	-0.244662
1	-0.261478
2	-0.272743
3	-0.269754
4	-0.288048
5	-0.310284
6	-0.300004
7	-0.31393
8	-0.332946
9	-0.34096
10	-0.353112
11	-0.34904
12	-0.3584
13	-0.364411
14	-0.390554
15	-0.400506
16	-0.400014
17	-0.41141
18	-0.432135
19	-0.442645
20	-0.458804
21	-0.466818
22	-0.459067
23	-0.473091
24	-0.479824
25	-0.488167
26	-0.500319
27	-0.514442
28	-0.522883
29	-0.521668
30	-0.512964
31	-0.530535
32	-0.526923
33	-0.53093
34	-0.51615
35	-0.518744
36	-0.531127
37	-0.52955
38	-0.525018
39	-0.529353
40	-0.536086
41	-0.544001
42	-0.536119
43	-0.534444
44	-0.549355
45	-0.543936
46	-0.563773
47	-0.551753
48	-0.553789
49	-0.554676
50	-0.566894
51	-0.556614
52	-0.564825
53	-0.574054
54	-0.576057
55	-0.560226
56	-0.565678
57	-0.591198
58	-0.602365
59	-0.587487
60	-0.597833
61	-0.609164
62	-0.588078
63	-0.592479
64	-0.585516
65	-0.585812
66	-0.584465
67	-0.590574
68	-0.59041
69	-0.591724
70	-0.59133
71	-0.599573
72	-0.591855
73	-0.581542
74	-0.583973
75	-0.590771
76	-0.577305
77	-0.579933
78	-0.573627
79	-0.580163
80	-0.577995
81	-0.577437
82	-0.56962
83	-0.58036
84	-0.598719
85	-0.600165
86	-0.594778
87	-0.584498
88	-0.609854
89	-0.601971
90	-0.599015
91	-0.589523
92	-0.609032
93	-0.617966
94	-0.616882
95	-0.60785
96	-0.611529
97	-0.62644
98	-0.612087
99	-0.611233
100	-0.603416
101	-0.599672
102	-0.596059
103	-0.593136
104	-0.583119
105	-0.606339
106	-0.605617
107	-0.597373
108	-0.599114
109	-0.597668
110	-0.598884
111	-0.585319
112	-0.591625
113	-0.600756
114	-0.602234
115	-0.600559
116	-0.611726
117	-0.614452
118	-0.618327
119	-0.603548
120	-0.610051
121	-0.609952
122	-0.622958
123	-0.624239
124	-0.613631
125	-0.619707
126	-0.616915
127	-0.635275
128	-0.633206
129	-0.642632
130	-0.632122
131	-0.621973
132	-0.616192
133	-0.618886
134	-0.609689
135	-0.619838
136	-0.60427
137	-0.612842
138	-0.609558
139	-0.607423
140	-0.593891
141	-0.6
142	-0.621579
143	-0.615536
144	-0.606635
145	-0.597176
146	-0.606635
147	-0.606865
148	-0.6112
149	-0.625849
150	-0.6112
151	-0.607357
152	-0.602299
153	-0.600427
154	-0.60023
155	-0.609131
156	-0.618262
157	-0.610905
158	-0.616521
159	-0.603383
160	-0.599573
161	-0.587158
162	-0.588833
163	-0.58683
164	-0.604303
165	-0.615536
166	-0.61281
167	-0.604894
168	-0.609131
169	-0.60381
170	-0.603777
171	-0.598325
172	-0.598292
173	-0.606996
174	-0.599048
175	-0.602661
176	-0.598292
177	-0.608606
178	-0.608835
179	-0.600033
180	-0.584005
181	-0.581739
182	-0.583151
183	-0.584597
184	-0.576123
185	-0.578093
186	-0.58775
187	-0.568207
188	-0.563839
189	-0.549092
190	-0.552245
191	-0.542622
192	-0.530141
193	-0.51835
194	-0.5038
195	-0.49109
196	-0.481499
197	-0.445502
198	-0.424679
199	-0.403429
200	-0.374592
201	-0.344113
202	-0.305456
203	-0.297803
204	-0.273367
205	-0.241147
206	-0.223477
207	-0.204592
208	-0.180911
209	-0.169679
210	-0.156903
211	-0.147673
212	-0.147903
213	-0.119231
214	-0.113483
215	-0.108753
216	-0.106487
217	-0.0966996
218	-0.0730519
219	-0.070293
220	-0.0563343
221	-0.0366937
222	-0.0155421
223	-0.0203374
224	-0.0178412
225	-0.016626
226	0.00170093
227	0.0135576
228	0.0183857
229	0.0394386
230	0.061674
231	0.091562
232	0.0853545
233	0.0948464
234	0.108674
235	0.129103
236	0.128019
237	0.134949
238	0.152553
239	0.155772
240	0.175544
241	0.182408
242	0.185397
243	0.188846
244	0.222577
245	0.25056
246	0.282648
247	0.300285
248	0.306986
249	0.327382
250	0.486379
251	0.982947
252	1.98817
253	3.42634
254	4.95096
255	6.30659
256	7.49988
257	8.49663
258	9.35257
259	10.0176
260	10.4888
261	10.7117
262	10.8033
263	10.7825
264	10.6388
265	10.411
266	10.0934
267	9.7378
268	9.38134
269	8.99316
270	8.64052
271	8.28051
272	8.0242
273	7.78624
274	7.63365
275	7.43163
276	7.30216
277	7.15603
278	7.0174
279	6.84405
280	6.65447
281	6.53118
282	6.35425
283	6.17784
284	6.01178
285	5.81817
286	5.68052
287	5.49824
288	5.37244
289	5.19499
290	5.08723
291	4.93808
292	4.85551
293	4.73061
294	4.6485
295	4.60186
296	4.52083
297	4.45981
298	4.38604
299	4.32978
300	4.27953
301	4.18802
302	4.14211
303	4.06739
304	4.02847
305	3.92619
306	3.88757
307	3.80257
308	3.76151
309	3.67884
310	3.61749
311	3.55384
312	3.49909
313	3.46539
314	3.40614
315	3.35642
316	3.34637
317	3.3039
318	3.27447
319	3.20129
320	3.22957
321	3.1829
322	3.16796
323	3.1228
324	3.12933
325	3.06732
326	3.03704
327	3.04289
328	3.02049
329	3.00292
330	2.96295
331	2.94363
332	2.94327
333	2.88931
334	2.89069
335	2.82763
336	2.82723
337	2.78174
338	2.77564
339	2.71671
340	2.70203
341	2.64396
342	2.63191
343	2.59017
344	2.55368
345	2.56215
346	2.52609
347	2.48878
348	2.46112
349	2.40562
350	2.40434
351	2.35205
352	2.37097
353	2.34062
354	2.34788
355	2.29221
356	2.28383
357	2.24757
358	2.23177
359	2.22396
360	2.19742
361	2.18113
362	2.17147
363	2.15938
364	2.1626
365	2.13541
366	2.16806
367	2.14953
368	2.1855
369	2.17653
370	2.19647
371	2.16214
372	2.16306
373	2.11899
374	2.09521
375	2.08811
376	2.05639
377	2.04371
378	2.01356
379	1.99727
380	1.97329
381	1.95286
382	1.95345
383	1.92471
384	1.95263
385	1.93404
386	1.94462
387	1.90839
388	1.92452
389	1.88218
390	1.85837
391	1.84628
392	1.81774
393	1.82677
394	1.77912
395	1.76007
396	1.75537
397	1.72719
398	1.71645
399	1.66081
400	1.66863
401	1.64032
402	1.64735
403	1.61798
404	1.62905
405	1.60518
406	1.5948
407	1.5702
408	1.53968
409	1.54307
410	1.51288
411	1.49052
412	1.49429
413	1.48569
414	1.49778
415	1.44726
416	1.46769
417	1.45045
418	1.45534
419	1.40223
420	1.40302
421	1.37481
422	1.34778
423	1.32321
424	1.29559
425	1.29247
426	1.27637
427	1.23213
428	1.21272
429	1.18086
430	1.19991
431	1.15712
432	1.15206
433	1.1291
434	1.1315
435	1.08585
436	1.10385
437	1.08588
438	1.06903
439	1.05419
440	1.02105
441	1.01638
442	1.00768
443	0.981108
444	0.980254
445	0.961073
446	0.972404
447	0.927671
448	0.926488
449	0.898867
450	0.916274
451	0.90018
452	0.888258
453	0.859651
454	0.866844
455	0.857089
456	0.829599
457	0.820796
458	0.81091
459	0.79035
460	0.793043
461	0.757835
462	0.779413
463	0.724826
464	0.738785
465	0.711459
466	0.734614
467	0.695037
468	0.705908
469	0.674936
470	0.683016
471	0.68433
472	0.65569
473	0.649712
474	0.641173
475	0.638151
476	0.645081
477	0.607968
478	0.614536
479	0.584845
480	0.599133
481	0.557913
482	0.564384
483	0.542542
484	0.550852
485	0.512917
486	0.511275
487	0.513804
488	0.493342
489	0.494689
490	0.468578
491	0.448215
492	0.458528
493	0.431694
494	0.439544
495	0.420658
496	0.446934
497	0.414845
498	0.422531
499	0.400098
500	0.42414
501	0.4
502	0.399179
503	0.408276
504	0.403908
505	0.402594
506	0.393234
507	0.384267
508	0.394121
509	0.37471
510	0.383381
511	0.342424
512	0.363247
513	0.351062
514	0.360882
515	0.333096
516	0.335855
517	0.316937
518	0.32009
519	0.319269
520	0.304621
521	0.300778
522	0.30403
523	0.318382
524	0.314605
525	0.282451
526	0.318185
527	0.274667
528	0.290071
529	0.276605
530	0.292863
531	0.273583
532	0.282845
533	0.283765
534	0.289841
535	0.30173
536	0.283896
537	0.298282
538	0.279659
539	0.285571
540	0.28925
541	0.269806
542	0.278116
543	0.233054
544	0.265011
545	0.261529
546	0.267343
547	0.229966
548	0.255388
549	0.238407
550	0.22343
551	0.223792
552	0.208158
553	0.22573
554	0.223956
555	0.219719
556	0.231937
557	0.228488
558	0.239852
559	0.22123
560	0.240575
561	0.206713
562	0.227339
563	0.211869
564	0.225171
565	0.201622
566	0.219982
567	0.22077
568	0.197812
569	0.19998
570	0.231937
571	0.233908
572	0.227043
573	0.195053
574	0.24133
575	0.225565
576	0.24918
577	0.230426
578	0.243268
579	0.229671
580	0.245633
581	0.223168
582	0.227996
583	0.240706
584	0.222741
585	0.227339
586	0.215252
587	0.218175
588	0.257523
589	0.233875
590	0.23463
591	0.209209
592	0.241363
593	0.209603
594	0.207731
595	0.194594
596	0.219062
597	0.183821
598	0.169107
599	0.189831
600	0.177712
601	0.196367
602	0.191933
603	0.170749
604	0.189273
605	0.168023
606	0.185758
607	0.151896
608	0.189437
609	0.173738
610	0.181193
611	0.159845
612	0.176595
613	0.14894
614	0.14894
615	0.149367
616	0.139317
617	0.142339
618	0.122468
619	0.109987
620	0.12526
621	0.108247
622	0.118593
623	0.0973754
624	0.124899
625	0.102039
626	0.109101
627	0.0897227
628	0.123552
629	0.118428
630	0.110185
631	0.11498
632	0.10309
633	0.123749
634	0.119118
635	0.118428
636	0.12388
637	0.112878
638	0.119282
639	0.0824314
640	0.112188
641	0.100528
642	0.132748
643	0.0939925
644	0.123848
645	0.120333
646	0.134456
647	0.132945
648	0.103287
649	0.139514
650	0.147167
651	0.144474
652	0.153309
653	0.134259
654	0.177285
655	0.1494
656	0.156724
657	0.1561
658	0.183361
659	0.149335
660	0.164147
661	0.150451
662	0.172785
663	0.173967
664	0.148218
665	0.154918
666	0.163063
667	0.158826
668	0.162012
669	0.136164
670	0.165855
671	0.14316
672	0.165757
673	0.138759
674	0.155739
675	0.150714
676	0.163425
677	0.136558
678	0.141156
679	0.161158
680	0.144572
681	0.129628
682	0.143685
683	0.15055
684	0.168187
685	0.137084
686	0.149597
687	0.130811
688	0.163983
689	0.138332
690	0.143061
691	0.139613
692	0.162472
693	0.135343
694	0.139777
695	0.154261
696	0.146477
697	0.146083
698	0.133274
699	0.144671
700	0.159089
701	0.131402
702	0.136493
703	0.13334
704	0.170552
705	0.144408
706	0.140631
707	0.120005
708	0.150254
709	0.133077
710	0.131927
711	0.126475
712	0.116228
713	0.122829
714	0.119873
715	0.100101
716	0.118987
717	0.11337
718	0.123618
719	0.0834495
720	0.120432
721	0.123355
722	0.129464
723	0.0873908
724	0.121286
725	0.104371
726	0.111104
727	0.101612
728	0.0881462
729	0.109134
730	0.107885
731	0.0940581
732	0.100003
733	0.0846648
734	0.100857
735	0.0826941
736	0.115505
737	0.10447
738	0.105816
739	0.0781945
740	0.0986563
741	0.0837123
742	0.0964558
743	0.102105
744	0.0747787
745	0.0883433
746	0.0908723
747	0.0957332
748	0.112418
749	0.0886389
750	0.113009
751	0.0814461
752	0.102795
753	0.088606
754	0.118297
755	0.105521
756	0.119315
757	0.0856172
758	0.0927444
759	0.0933027
760	0.0769464
761	0.094715
762	0.0992146
763	0.0937954
764	0.0967842
765	0.0813475
766	0.123815
767	0.0870952
768	0.0973425
769	0.0940253
770	0.126081
771	0.109922
772	0.115702
773	0.0955033
774	0.116622
775	0.142569
776	0.12388
777	0.122665
778	0.126574
779	0.136854
780	0.147955
781	0.109889
782	0.131829
783	0.113272
784	0.139777
785	0.117542
786	0.119578
787	0.106079
788	0.135212
789	0.107491
790	0.11429
791	0.127559
792	0.135015
793	0.130613
794	0.124833
795	0.11764
796	0.150911
797	0.12434
798	0.1248
799	0.111038
800	0.143094
801	0.108345
802	0.124504
803	0.112779
804	0.127756
805	0.114947
806	0.106375
807	0.115242
808	0.114224
809	0.137445
810	0.126705
811	0.12122
812	0.142897
813	0.131467
814	0.158761
815	0.119315
816	0.145755
817	0.132683
818	0.152455
819	0.131172
820	0.153604
821	0.148776
822	0.143685
823	0.147462
824	0.13508
825	0.161093
826	0.165001
827	0.155969
828	0.147857
829	0.138562
830	0.168975
831	0.137576
832	0.154163
833	0.129365
834	0.157644
835	0.120662
836	0.130088
837	0.127132
838	0.136493
839	0.145952
840	0.121187
841	0.138726
842	0.158367
843	0.172227
844	0.174624
845	0.154491
846	0.179584
847	0.172785
848	0.199192
849	0.174427
850	0.190882
851	0.180044
852	0.19975
853	0.188156
854	0.197845
855	0.215187
856	0.215449
857	0.200801
858	0.185923
859	0.199356
860	0.212395
861	0.180274
862	0.199257
863	0.164114
864	0.195349
865	0.164147
866	0.178401
867	0.161487
868	0.186383
869	0.157611
870	0.155049
871	0.167267
872	0.163589
873	0.170946
874	0.162538
875	0.147988
876	0.157644
877	0.133766
878	0.160239
879	0.131073
880	0.166643
881	0.148185
882	0.159516
883	0.134489
884	0.161126
885	0.137051
886	0.151174
887	0.140828
888	0.130909
889	0.143226
890	0.140007
891	0.130416
892	0.14385
893	0.12076
894	0.140729
895	0.114651
896	0.145557
897	0.13242
898	0.141419
899	0.116326
900	0.139646
901	0.111104
902	0.108017
903	0.122074
904	0.117903
905	0.136033
906	0.127296
907	0.135244
908	0.143028
909	0.123651
910	0.138693
911	0.115078
912	0.140007
913	0.129037
914	0.138397
915	0.102696
916	0.139711
917	0.126344
918	0.129333
919	0.122764
920	0.135803
921	0.146346
922	0.127822
923	0.130843
924	0.15321
925	0.127329
926	0.138036
927	0.12145
928	0.151732
929	0.14224
930	0.15794
931	0.130449
932	0.150451
933	0.133307
934	0.150747
935	0.13219
936	0.115275
937	0.1561
938	0.163917
939	0.138923
940	0.14513
941	0.130351
942	0.153309
943	0.127231
944	0.151338
945	0.147134
946	0.176825
947	0.155181
948	0.169566
949	0.163556
950	0.167924
951	0.19548
952	0.177777
953	0.178598
954	0.191112
955	0.193313
956	0.208224
957	0.174854
958	0.194594
959	0.177843
960	0.189536
961	0.173442
962	0.21384
963	0.190258
964	0.203494
965	0.193937
966	0.198568
967	0.212493
968	0.196958
969	0.205793
970	0.203429
971	0.210556
972	0.225762
973	0.198798
974	0.210063
975	0.20067
976	0.230393
977	0.196696
978	0.212789
979	0.194561
980	0.207468
981	0.17965
982	0.207797
983	0.224646
984	0.215712
985	0.221755
986	0.232561
987	0.210884
988	0.223004
989	0.208125
990	0.213282
991	0.178598
992	0.204644
993	0.215055
994	0.213479
995	0.197944
996	0.23266
997	0.233612
998	0.229802
999	0.226978
1000	0.218307
1001	0.235287
1002	0.219818
1003	0.208716
1004	0.230722
1005	0.215088
1006	0.21742
1007	0.190718
1008	0.215745
1009	0.199487
1010	0.225565
1011	0.219226
1012	0.247801
1013	0.240181
1014	0.25703
1015	0.268788
1016	0.258179
1017	0.286524
1018	0.308431
1019	0.303898
1020	0.324721
1021	0.324261
1022	0.35901
1023	0.331618
