0	-0.284499
1	-0.296988
2	-0.303836
3	-0.310316
4	-0.336904
5	-0.354127
6	-0.356376
7	-0.372759
8	-0.378735
9	-0.394782
10	-0.405592
11	-0.412239
12	-0.421035
13	-0.421606
14	-0.434531
15	-0.446919
16	-0.454607
17	-0.456688
18	-0.454338
19	-0.46676
20	-0.470285
21	-0.464947
22	-0.464175
23	-0.480155
24	-0.494893
25	-0.4865
26	-0.4959
27	-0.503185
28	-0.507113
29	-0.507784
30	-0.508691
31	-0.499458
32	-0.512551
33	-0.506576
34	-0.519165
35	-0.521717
36	-0.517453
37	-0.523362
38	-0.541524
39	-0.545787
40	-0.55079
41	-0.544512
42	-0.545754
43	-0.544512
44	-0.543169
45	-0.539174
46	-0.526517
47	-0.54572
48	-0.542867
49	-0.536622
50	-0.54092
51	-0.546996
52	-0.55841
53	-0.556228
54	-0.547332
55	-0.54854
56	-0.538335
57	-0.54045
58	-0.549648
59	-0.540114
60	-0.546761
61	-0.545217
62	-0.560525
63	-0.553576
64	-0.544545
65	-0.557
66	-0.546123
67	-0.542027
68	-0.546358
69	-0.562943
70	-0.5569
71	-0.540416
72	-0.546862
73	-0.547432
74	-0.533903
75	-0.546929
76	-0.544948
77	-0.540718
78	-0.537193
79	-0.537327
80	-0.554986
81	-0.549984
82	-0.551125
83	-0.546123
84	-0.54431
85	-0.546694
86	-0.563245
87	-0.567575
88	-0.569556
89	-0.575062
90	-0.57392
91	-0.570563
92	-0.5617
93	-0.550857
94	-0.569993
95	-0.561935
96	-0.561768
97	-0.56734
98	-0.562943
99	-0.558813
100	-0.554315
101	-0.566199
102	-0.572813
103	-0.574995
104	-0.566736
105	-0.570798
106	-0.57006
107	-0.579594
108	-0.578016
109	-0.57241
110	-0.590035
111	-0.580971
112	-0.577479
113	-0.573484
114	-0.582246
115	-0.589934
116	-0.589766
117	-0.569187
118	-0.571906
119	-0.583354
120	-0.593023
121	-0.586812
122	-0.564688
123	-0.574693
124	-0.586711
125	-0.581944
126	-0.581038
127	-0.580366
128	-0.562338
129	-0.574223
130	-0.578688
131	-0.592049
132	-0.580769
133	-0.583891
134	-0.582783
135	-0.584563
136	-0.571
137	-0.574021
138	-0.561499
139	-0.559518
140	-0.560962
141	-0.555926
142	-0.551897
143	-0.54572
144	-0.546056
145	-0.545385
146	-0.55972
147	-0.565192
148	-0.564218
149	-0.569254
150	-0.55888
151	-0.555926
152	-0.559955
153	-0.56264
154	-0.567676
155	-0.564218
156	-0.570664
157	-0.582448
158	-0.580601
159	-0.573014
160	-0.572242
161	-0.574793
162	-0.568348
163	-0.565225
164	-0.563043
165	-0.561835
166	-0.56264
167	-0.550823
168	-0.545821
169	-0.550756
170	-0.549145
171	-0.559384
172	-0.561835
173	-0.5663
174	-0.568952
175	-0.571
176	-0.565293
177	-0.570933
178	-0.566669
179	-0.566602
180	-0.548809
181	-0.553072
182	-0.558612
183	-0.552804
184	-0.550017
185	-0.536723
186	-0.545821
187	-0.531519
188	-0.518628
189	-0.510537
190	-0.519736
191	-0.515103
192	-0.514935
193	-0.497578
194	-0.504058
195	-0.47955
196	-0.456554
197	-0.433893
198	-0.428018
199	-0.412978
200	-0.39307
201	-0.381185
202	-0.353422
203	-0.333514
204	-0.321898
205	-0.310181
206	-0.28752
207	-0.269761
208	-0.242601
209	-0.227091
210	-0.216785
211	-0.199596
212	-0.194493
213	-0.170389
214	-0.158672
215	-0.143531
216	-0.126779
217	-0.109825
218	-0.104118
219	-0.100224
220	-0.0893803
221	-0.0711173
222	-0.0525521
223	-0.0510078
224	-0.0434206
225	-0.0318048
226	-0.0171004
227	0.000289728
228	0.0103612
229	0.0116705
230	0.0292285
231	0.0240585
232	0.0398372
233	0.040005
234	0.055448
235	0.0546759
236	0.0594766
237	0.0649488
238	0.0791496
239	0.0958348
240	0.0997962
241	0.105839
242	0.115676
243	0.117052
244	0.140586
245	0.145286
246	0.177045
247	0.170196
248	0.190574
249	0.217666
250	0.4525
251	1.08321
252	2.12531
253	3.4663
254	4.86238
255	6.1094
256	7.21982
257	8.12588
258	8.86714
259	9.44632
260	9.85006
261	10.0438
262	10.1179
263	10.0729
264	9.92955
265	9.73172
266	9.44179
267	9.12454
268	8.82723
269	8.5088
270	8.23049
271	7.92912
272	7.7674
273	7.60025
274	7.48597
275	7.34054
276	7.23381
277	7.09379
278	6.98025
279	6.82515
280	6.67323
281	6.51847
282	6.34964
283	6.1761
284	6.00704
285	5.82904
286	5.69536
287	5.51917
288	5.41027
289	5.26198
290	5.14519
291	5.00815
292	4.93979
293	4.83673
294	4.77267
295	4.70889
296	4.62919
297	4.55523
298	4.47885
299	4.42057
300	4.34557
301	4.24694
302	4.20202
303	4.10144
304	4.05145
305	3.94234
306	3.89665
307	3.8185
308	3.78899
309	3.71661
310	3.67763
311	3.63365
312	3.59797
313	3.55916
314	3.52418
315	3.48882
316	3.46798
317	3.42346
318	3.40768
319	3.35148
320	3.34732
321	3.30008
322	3.28155
323	3.23553
324	3.22932
325	3.18514
326	3.15573
327	3.13981
328	3.11255
329	3.08617
330	3.05246
331	3.02661
332	3.03201
333	2.98193
334	2.99025
335	2.95255
336	2.95772
337	2.89894
338	2.89263
339	2.83468
340	2.82421
341	2.77069
342	2.74978
343	2.71929
344	2.69543
345	2.68314
346	2.65323
347	2.62503
348	2.61673
349	2.56087
350	2.55228
351	2.50185
352	2.51172
353	2.46707
354	2.46355
355	2.43229
356	2.4531
357	2.41127
358	2.38428
359	2.36528
360	2.32923
361	2.32291
362	2.28293
363	2.25517
364	2.25819
365	2.21814
366	2.23892
367	2.20206
368	2.21891
369	2.18346
370	2.1898
371	2.15378
372	2.17899
373	2.17832
374	2.14945
375	2.13088
376	2.11554
377	2.10393
378	2.08489
379	2.05149
380	2.03943
381	2.00606
382	2.02413
383	1.98418
384	1.99133
385	1.95262
386	1.96823
387	1.92422
388	1.93879
389	1.89766
390	1.86788
391	1.85204
392	1.80386
393	1.8095
394	1.7576
395	1.74588
396	1.74588
397	1.69626
398	1.69368
399	1.62553
400	1.65695
401	1.62429
402	1.62791
403	1.57514
404	1.58907
405	1.55953
406	1.53525
407	1.51421
408	1.48792
409	1.48523
410	1.45401
411	1.42417
412	1.41792
413	1.37643
414	1.40198
415	1.34886
416	1.37334
417	1.3488
418	1.35424
419	1.32006
420	1.32634
421	1.31721
422	1.3019
423	1.29498
424	1.26661
425	1.26554
426	1.22864
427	1.208
428	1.2078
429	1.15187
430	1.1712
431	1.11641
432	1.12303
433	1.0766
434	1.08137
435	1.02627
436	1.04481
437	1.00486
438	1.00197
439	1.0022
440	0.967557
441	0.96749
442	0.932206
443	0.911694
444	0.919919
445	0.877014
446	0.897862
447	0.847874
448	0.853313
449	0.811449
450	0.816686
451	0.785129
452	0.81625
453	0.773144
454	0.776635
455	0.768645
456	0.749039
457	0.761897
458	0.733764
459	0.701837
460	0.713722
461	0.675282
462	0.700595
463	0.658731
464	0.675181
465	0.646276
466	0.646981
467	0.626939
468	0.629222
469	0.60364
470	0.608273
471	0.600048
472	0.587996
473	0.576615
474	0.562616
475	0.553618
476	0.55899
477	0.520349
478	0.553383
479	0.532871
480	0.524277
481	0.498594
482	0.500441
483	0.481842
484	0.504772
485	0.487851
486	0.487079
487	0.479391
488	0.464284
489	0.460558
490	0.451191
491	0.433566
492	0.439475
493	0.406809
494	0.418761
495	0.380288
496	0.413457
497	0.388714
498	0.388211
499	0.355915
500	0.386028
501	0.360514
502	0.356485
503	0.35766
504	0.352759
505	0.35108
506	0.346078
507	0.34581
508	0.358668
509	0.334362
510	0.350879
511	0.330602
512	0.349335
513	0.32006
514	0.331441
515	0.308612
516	0.325331
517	0.316031
518	0.307236
519	0.29562
520	0.27682
521	0.290483
522	0.283769
523	0.268058
524	0.280345
525	0.25426
526	0.267923
527	0.239757
528	0.27541
529	0.250063
530	0.259832
531	0.235325
532	0.258691
533	0.247344
534	0.246102
535	0.240797
536	0.240495
537	0.248351
538	0.237205
539	0.225455
540	0.231196
541	0.221024
542	0.243114
543	0.207561
544	0.242442
545	0.22428
546	0.236601
547	0.205446
548	0.231062
549	0.223642
550	0.226764
551	0.237843
552	0.209106
553	0.22099
554	0.22804
555	0.221661
556	0.230692
557	0.198228
558	0.237239
559	0.205077
560	0.207763
561	0.166705
562	0.192286
563	0.159218
564	0.186512
565	0.169222
566	0.176575
567	0.163012
568	0.143708
569	0.157237
570	0.147569
571	0.150389
572	0.167141
573	0.120275
574	0.162139
575	0.136389
576	0.15435
577	0.123699
578	0.159017
579	0.112856
580	0.142634
581	0.120309
582	0.109465
583	0.108961
584	0.122927
585	0.133704
586	0.11675
587	0.120241
588	0.141425
589	0.123397
590	0.14401
591	0.114702
592	0.142466
593	0.113561
594	0.147065
595	0.111647
596	0.139075
597	0.113561
598	0.138001
599	0.113426
600	0.108156
601	0.121014
602	0.115541
603	0.106913
604	0.119906
605	0.0975469
606	0.142936
607	0.106712
608	0.13884
609	0.101911
610	0.121416
611	0.114937
612	0.13649
613	0.111009
614	0.125546
615	0.131622
616	0.13508
617	0.138102
618	0.132327
619	0.121148
620	0.116112
621	0.102079
622	0.129306
623	0.105604
624	0.13273
625	0.0959019
626	0.11534
627	0.0872404
628	0.140284
629	0.124841
630	0.119738
631	0.126385
632	0.129171
633	0.151933
634	0.147065
635	0.129138
636	0.150792
637	0.135752
638	0.179328
639	0.139646
640	0.15895
641	0.130917
642	0.164187
643	0.137564
644	0.175836
645	0.163012
646	0.167309
647	0.170733
648	0.152806
649	0.172244
650	0.183155
651	0.165026
652	0.1755
653	0.151127
654	0.193025
655	0.150422
656	0.196617
657	0.15848
658	0.189097
659	0.155223
660	0.161367
661	0.14683
662	0.147468
663	0.156767
664	0.148811
665	0.143372
666	0.132831
667	0.116112
668	0.136658
669	0.0998634
670	0.137732
671	0.105537
672	0.143339
673	0.119906
674	0.142097
675	0.114031
676	0.14072
677	0.127426
678	0.128097
679	0.128332
680	0.121484
681	0.13038
682	0.124908
683	0.134576
684	0.158647
685	0.125244
686	0.162072
687	0.140485
688	0.17738
689	0.139914
690	0.161132
691	0.149247
692	0.178153
693	0.150456
694	0.153175
695	0.155022
696	0.145789
697	0.150389
698	0.155559
699	0.146797
700	0.152101
701	0.125277
702	0.151564
703	0.142734
704	0.166503
705	0.136356
706	0.151664
707	0.121047
708	0.163012
709	0.126519
710	0.135382
711	0.148945
712	0.150792
713	0.166637
714	0.142869
715	0.135349
716	0.145118
717	0.135416
718	0.153679
719	0.131085
720	0.159554
721	0.138974
722	0.162105
723	0.131555
724	0.171371
725	0.159151
726	0.159621
727	0.152672
728	0.150422
729	0.162743
730	0.154149
731	0.129944
732	0.154015
733	0.144212
734	0.167611
735	0.131286
736	0.151463
737	0.132327
738	0.14025
739	0.106511
740	0.141224
741	0.122356
742	0.135785
743	0.119369
744	0.104832
745	0.118093
746	0.106041
747	0.0949619
748	0.110908
749	0.0894226
750	0.133939
751	0.101307
752	0.118194
753	0.0858975
754	0.114232
755	0.073006
756	0.101978
757	0.0831782
758	0.109498
759	0.117791
760	0.0957676
761	0.105537
762	0.115273
763	0.0982855
764	0.0951633
765	0.0690446
766	0.103623
767	0.0598795
768	0.101072
769	0.0671981
770	0.114702
771	0.0863004
772	0.104899
773	0.0871397
774	0.0899933
775	0.0966069
776	0.0875426
777	0.0968755
778	0.0911012
779	0.0937533
780	0.117119
781	0.0878447
782	0.105571
783	0.0881133
784	0.127661
785	0.0987219
786	0.123733
787	0.101341
788	0.128534
789	0.114299
790	0.127157
791	0.141224
792	0.129406
793	0.160494
794	0.150557
795	0.134039
796	0.160796
797	0.136826
798	0.15613
799	0.132159
800	0.163717
801	0.129306
802	0.145789
803	0.112856
804	0.129809
805	0.111748
806	0.11252
807	0.112621
808	0.0997962
809	0.124639
810	0.103388
811	0.10171
812	0.120006
813	0.0972783
814	0.115071
815	0.0923769
816	0.11393
817	0.0978491
818	0.109968
819	0.0877776
820	0.1238
821	0.112486
822	0.128634
823	0.122692
824	0.110808
825	0.131488
826	0.142432
827	0.125311
828	0.124841
829	0.112721
830	0.159117
831	0.129205
832	0.163247
833	0.141425
834	0.154082
835	0.11534
836	0.144111
837	0.127896
838	0.147972
839	0.150221
840	0.125277
841	0.125176
842	0.122323
843	0.114736
844	0.132831
845	0.113728
846	0.148039
847	0.122659
848	0.155525
849	0.126956
850	0.155861
851	0.141056
852	0.169793
853	0.154887
854	0.143708
855	0.157909
856	0.138572
857	0.139579
858	0.131924
859	0.135315
860	0.152168
861	0.129373
862	0.153712
863	0.123061
864	0.153947
865	0.116884
866	0.151362
867	0.123196
868	0.152504
869	0.139209
870	0.130179
871	0.124304
872	0.131689
873	0.138135
874	0.12568
875	0.11534
876	0.136624
877	0.119436
878	0.143641
879	0.114501
880	0.154552
881	0.109834
882	0.134644
883	0.10829
884	0.146024
885	0.111748
886	0.122558
887	0.125781
888	0.111009
889	0.132126
890	0.113561
891	0.108659
892	0.144413
893	0.129944
894	0.155995
895	0.128299
896	0.150456
897	0.137397
898	0.162105
899	0.139713
900	0.16553
901	0.163482
902	0.148341
903	0.151295
904	0.140989
905	0.164925
906	0.158916
907	0.16694
908	0.169155
909	0.156264
910	0.201418
911	0.165295
912	0.199001
913	0.185303
914	0.204003
915	0.169357
916	0.185203
917	0.16704
918	0.17916
919	0.177011
920	0.185941
921	0.1989
922	0.211221
923	0.190272
924	0.199504
925	0.187888
926	0.228376
927	0.192085
928	0.2177
929	0.190977
930	0.221124
931	0.196651
932	0.22287
933	0.193159
934	0.217834
935	0.207561
936	0.188392
937	0.195509
938	0.194233
939	0.189701
940	0.185605
941	0.177313
942	0.21253
943	0.16882
944	0.189701
945	0.165832
946	0.179462
947	0.158647
948	0.181913
949	0.148576
950	0.158144
951	0.15247
952	0.151664
953	0.164925
954	0.15341
955	0.146192
956	0.164321
957	0.141962
958	0.174292
959	0.155693
960	0.185807
961	0.154619
962	0.18631
963	0.153276
964	0.189533
965	0.185874
966	0.192152
967	0.193025
968	0.179831
969	0.199739
970	0.197188
971	0.202324
972	0.236903
973	0.208904
974	0.242006
975	0.207125
976	0.231162
977	0.20783
978	0.22005
979	0.193058
980	0.216961
981	0.207494
982	0.222601
983	0.221326
984	0.211456
985	0.217599
986	0.212496
987	0.201015
988	0.21488
989	0.200746
990	0.208636
991	0.176508
992	0.204775
993	0.203566
994	0.232841
995	0.212094
996	0.232639
997	0.221225
998	0.22945
999	0.240999
1000	0.236702
1001	0.249761
1002	0.236869
1003	0.231867
1004	0.262686
1005	0.245128
1006	0.268763
1007	0.237172
1008	0.26893
1009	0.244725
1010	0.277357
1011	0.257919
1012	0.303543
1013	0.300421
1014	0.302704
1015	0.305994
1016	0.315125
1017	0.328923
1018	0.325734
1019	0.341412
1020	0.364308
1021	0.354605
1022	0.390762
1023	0.37072
