0	-0.000660133
1	-7.41959e-05
2	-7.41959e-05
3	-0.000562477
4	0.000121117
5	0.000414085
6	0.000609398
7	0.000121117
8	-0.000367165
9	0.000121117
10	0.000121117
11	0.000121117
12	0.000121117
13	0.00119534
14	0.00178127
15	0.00226955
16	0.00139065
17	0.00187893
18	0.000707054
19	0.000511742
20	2.34604e-05
21	0.00080471
22	0.00100002
23	0.00080471
24	0.000609398
25	0.000707054
26	0.000902367
27	0.00080471
28	0.00080471
29	0.00109768
30	0.00129299
31	0.000902367
32	2.34604e-05
33	-0.000269508
34	-0.000464821
35	0.000414085
36	0.000218773
37	-0.00075779
38	-0.00124607
39	-0.00144138
40	-0.00232029
41	-0.00241795
42	-0.00202732
43	-0.00183201
44	-0.00105076
45	-0.00173435
46	-0.00212498
47	-0.00153904
48	-0.000367165
49	-0.000562477
50	-0.000464821
51	-0.0016367
52	0.000414085
53	0.000902367
54	-0.00105076
55	-0.000464821
56	-0.00114841
57	-0.00134373
58	-0.00124607
59	-0.00124607
60	-0.00212498
61	-0.00153904
62	-0.000660133
63	0.00168362
64	0.00861721
65	0.0248281
66	0.0503164
67	0.105004
68	0.215648
69	0.381078
70	0.566723
71	0.731469
72	0.861449
73	0.959105
74	1.03176
75	1.08381
76	1.11467
77	1.12424
78	1.11633
79	1.09495
80	1.06282
81	1.02375
82	0.978734
83	0.934301
84	0.889965
85	0.847875
86	0.809301
87	0.775805
88	0.747875
89	0.729418
90	0.714867
91	0.704027
92	0.690551
93	0.675316
94	0.659008
95	0.640844
96	0.619848
97	0.598363
98	0.576977
99	0.556957
100	0.536742
101	0.514574
102	0.494457
103	0.47727
104	0.461254
105	0.447289
106	0.434789
107	0.423656
108	0.414477
109	0.406176
110	0.39768
111	0.390355
112	0.384301
113	0.376977
114	0.368383
115	0.360375
116	0.353051
117	0.344945
118	0.337426
119	0.329711
120	0.32268
121	0.315746
122	0.308715
123	0.300805
124	0.293676
125	0.287133
126	0.280688
127	0.27473
128	0.269848
129	0.264379
130	0.259789
131	0.254613
132	0.247973
133	0.242699
134	0.237328
135	0.231469
136	0.226
137	0.220922
138	0.216332
139	0.211547
140	0.206566
141	0.203148
142	0.200023
143	0.195043
144	0.191332
145	0.186547
146	0.18352
147	0.179906
148	0.174828
149	0.170629
150	0.16682
151	0.161547
152	0.157934
153	0.153637
154	0.150609
155	0.148266
156	0.145141
157	0.142504
158	0.13977
159	0.13684
160	0.134789
161	0.130395
162	0.127465
163	0.126098
164	0.123559
165	0.121508
166	0.118773
167	0.116527
168	0.114965
169	0.112816
170	0.109203
171	0.107445
172	0.104027
173	0.101293
174	0.0990469
175	0.0967031
176	0.0945547
177	0.0920156
178	0.0901602
179	0.0885977
180	0.0858633
181	0.0829336
182	0.0812735
183	0.0781485
184	0.0764883
185	0.0745352
186	0.0732656
187	0.0717031
188	0.0687735
189	0.066918
190	0.0648672
191	0.0660391
192	0.0664297
193	0.0682852
194	0.0688711
195	0.0685781
196	0.0685781
197	0.0685781
198	0.0681875
199	0.0675039
200	0.0670156
201	0.0647696
202	0.0636953
203	0.0605703
204	0.0588125
205	0.0581289
206	0.05725
207	0.0561758
208	0.0550039
209	0.0531485
210	0.0536367
211	0.0525625
212	0.0524649
213	0.0514883
214	0.0510977
215	0.0488516
216	0.0474844
217	0.0465078
218	0.0461172
219	0.0452383
220	0.0443594
221	0.0438711
222	0.0431875
223	0.0426992
224	0.0410391
225	0.0412344
226	0.0402578
227	0.0405508
228	0.039086
229	0.0368399
230	0.0364492
231	0.035668
232	0.035668
233	0.0335196
234	0.0327383
235	0.0316641
236	0.0305899
237	0.0296133
238	0.0289297
239	0.0290274
240	0.0270742
241	0.0255117
242	0.0236563
243	0.022875
244	0.0237539
245	0.022875
246	0.0221914
247	0.0201406
248	0.0204336
249	0.0186758
250	0.0174063
251	0.0170156
252	0.0154531
253	0.0150625
254	0.0151602
255	0.014086
256	0.014086
257	0.0130117
258	0.0115469
259	0.0102774
260	0.00959377
261	0.00920315
262	0.0084219
263	0.00744534
264	0.00705471
265	0.00646877
266	0.00627346
267	0.00598049
268	0.00578518
269	0.00598049
270	0.00764065
271	0.0084219
272	0.00832424
273	0.00861721
274	0.0099844
275	0.00920315
276	0.00881252
277	0.0084219
278	0.00881252
279	0.00891018
280	0.00939846
281	0.0101797
282	0.0111563
283	0.0105703
284	0.00939846
285	0.0093008
286	0.00891018
287	0.00871487
288	0.00851955
289	0.00803127
290	0.00676174
291	0.00598049
292	0.00568752
293	0.00422268
294	0.00353909
295	0.00353909
296	0.0021719
297	0.00129299
298	0.000902367
299	0.000902367
300	0.000511742
301	0.000609398
302	0.000902367
303	0.000707054
304	0.000707054
305	0.00100002
306	0.000121117
307	0.000121117
308	-0.000660133
309	-0.000269508
310	0.000414085
311	-0.000171852
312	-0.000855446
313	-0.00105076
314	0.000218773
315	0.00119534
316	0.0014883
317	-0.000367165
318	-0.00124607
319	-0.00173435
320	-0.00173435
321	-0.00241795
322	-0.00310154
323	-0.00349216
324	-0.00446873
325	-0.00573826
326	-0.00544529
327	-0.00495701
328	-0.00485935
329	-0.0056406
330	-0.00583591
331	-0.00739841
332	-0.00778904
333	-0.00769138
334	-0.00681248
335	-0.00710545
336	-0.00739841
337	-0.00837498
338	-0.0087656
339	-0.00896091
340	-0.00817966
341	-0.00857029
342	-0.00808201
343	-0.00827732
344	-0.00778904
345	-0.00798435
346	-0.00808201
347	-0.00827732
348	-0.00866795
349	-0.00983982
350	-0.00847263
351	-0.00866795
352	-0.00808201
353	-0.0094492
354	-0.00954685
355	-0.00925388
356	-0.00905857
357	-0.0078867
358	-0.0072031
359	-0.00808201
360	-0.00681248
361	-0.0063242
362	-0.00593357
363	-0.00603123
364	-0.00583591
365	-0.00554295
366	-0.00554295
367	-0.0056406
368	-0.00573826
369	-0.00544529
370	-0.00671482
371	-0.00700779
372	-0.00661716
373	-0.00710545
374	-0.00759373
375	-0.00827732
376	-0.00681248
377	-0.00671482
378	-0.00661716
379	-0.0078867
380	-0.00857029
381	-0.00808201
382	-0.00827732
383	-0.00857029
384	-0.00886326
385	-0.00954685
386	-0.00993748
387	-0.00915623
388	-0.00915623
389	-0.00925388
390	-0.0103281
391	-0.0115976
392	-0.0116953
393	-0.0113047
394	-0.0108164
395	-0.0117929
396	-0.0128672
397	-0.0135508
398	-0.0132578
399	-0.0139414
400	-0.0135508
401	-0.0130625
402	-0.0129648
403	-0.0137461
404	-0.0145273
405	-0.0138437
406	-0.0138437
407	-0.0142344
408	-0.0158945
409	-0.0158945
410	-0.0159922
411	-0.0156992
412	-0.0156992
413	-0.0153086
414	-0.0137461
415	-0.014332
416	-0.0137461
417	-0.0134531
418	-0.0129648
419	-0.0118906
420	-0.0128672
421	-0.0130625
422	-0.0132578
423	-0.0129648
424	-0.0133554
425	-0.0133554
426	-0.0135508
427	-0.0135508
428	-0.0136484
429	-0.0147226
430	-0.0152109
431	-0.0157969
432	-0.0165781
433	-0.0166758
434	-0.0173594
435	-0.0169687
436	-0.0168711
437	-0.0166758
438	-0.0167734
439	-0.0165781
440	-0.0166758
441	-0.0161875
442	-0.0161875
443	-0.0156015
444	-0.0149179
445	-0.014625
446	-0.0148203
447	-0.0144297
448	-0.0134531
449	-0.0138437
450	-0.0141367
451	-0.0141367
452	-0.0139414
453	-0.014625
454	-0.0145273
455	-0.0154062
456	-0.0158945
457	-0.0167734
458	-0.0153086
459	-0.0152109
460	-0.0162851
461	-0.0157969
462	-0.0156015
463	-0.0149179
464	-0.0150156
465	-0.0144297
466	-0.0152109
467	-0.0151133
468	-0.0149179
469	-0.0154062
470	-0.0142344
471	-0.014332
472	-0.0148203
473	-0.014625
474	-0.0142344
475	-0.0144297
476	-0.0147226
477	-0.0154062
478	-0.0160898
479	-0.0153086
480	-0.0156992
481	-0.0168711
482	-0.0167734
483	-0.0167734
484	-0.0162851
485	-0.017164
486	-0.0167734
487	-0.0167734
488	-0.0180429
489	-0.0188242
490	-0.0181406
491	-0.0180429
492	-0.0181406
493	-0.0185312
494	-0.0180429
495	-0.017457
496	-0.0172617
497	-0.0175547
498	-0.0176523
499	-0.0169687
500	-0.0181406
501	-0.0175547
502	-0.0175547
503	-0.0181406
504	-0.0186289
505	-0.0187265
506	-0.0184336
507	-0.0186289
508	-0.0195078
509	-0.0186289
510	-0.0187265
511	-0.0190195
512	-0.0190195
513	-0.0183359
514	-0.0188242
515	-0.0197031
516	-0.0198008
517	-0.0198984
518	-0.020289
519	-0.0196054
520	-0.0192148
521	-0.0183359
522	-0.0179453
523	-0.0186289
524	-0.0187265
525	-0.0183359
526	-0.0185312
527	-0.0185312
528	-0.0180429
529	-0.0178476
530	-0.01775
531	-0.0172617
532	-0.0176523
533	-0.0169687
534	-0.0157969
535	-0.014039
536	-0.0137461
537	-0.0136484
538	-0.0131601
539	-0.0120859
540	-0.0134531
541	-0.0122812
542	-0.0124765
543	-0.0115
544	-0.0122812
545	-0.0133554
546	-0.0131601
547	-0.0128672
548	-0.0136484
549	-0.0150156
550	-0.0152109
551	-0.0153086
552	-0.0160898
553	-0.0153086
554	-0.0157969
555	-0.014625
556	-0.0130625
557	-0.0129648
558	-0.0130625
559	-0.0126719
560	-0.0118906
561	-0.0114023
562	-0.0120859
563	-0.0123789
564	-0.0114023
565	-0.0120859
566	-0.0111094
567	-0.0119883
568	-0.0123789
569	-0.0132578
570	-0.0138437
571	-0.014332
572	-0.0151133
573	-0.0145273
574	-0.0154062
575	-0.0154062
576	-0.0157969
577	-0.0150156
578	-0.0144297
579	-0.0147226
580	-0.0156992
581	-0.0155039
582	-0.0144297
583	-0.0137461
584	-0.0145273
585	-0.0148203
586	-0.0147226
587	-0.0152109
588	-0.0155039
589	-0.0150156
590	-0.014039
591	-0.0135508
592	-0.0138437
593	-0.0136484
594	-0.014039
595	-0.0139414
596	-0.0142344
597	-0.0141367
598	-0.0139414
599	-0.014039
600	-0.0144297
601	-0.0139414
602	-0.0139414
603	-0.0144297
604	-0.0144297
605	-0.014332
606	-0.0147226
607	-0.014039
608	-0.0133554
609	-0.0138437
610	-0.0144297
611	-0.0139414
612	-0.014625
613	-0.0142344
614	-0.0148203
615	-0.0150156
616	-0.0150156
617	-0.0152109
618	-0.0153086
619	-0.0158945
620	-0.0160898
621	-0.0163828
622	-0.0161875
623	-0.0170664
624	-0.0166758
625	-0.0153086
626	-0.0136484
627	-0.0144297
628	-0.0137461
629	-0.0133554
630	-0.0129648
631	-0.014332
632	-0.0138437
633	-0.0128672
634	-0.0135508
635	-0.0133554
636	-0.014332
637	-0.0133554
638	-0.0135508
639	-0.0130625
640	-0.0137461
641	-0.0134531
642	-0.0122812
643	-0.0129648
644	-0.0127695
645	-0.0131601
646	-0.0123789
647	-0.0132578
648	-0.0130625
649	-0.0132578
650	-0.0122812
651	-0.0126719
652	-0.0129648
653	-0.0137461
654	-0.014332
655	-0.0138437
656	-0.0144297
657	-0.0148203
658	-0.0144297
659	-0.0153086
660	-0.0150156
661	-0.0152109
662	-0.0160898
663	-0.0156015
664	-0.0156015
665	-0.0163828
666	-0.0159922
667	-0.0156992
668	-0.0159922
669	-0.0156992
670	-0.0154062
671	-0.0150156
672	-0.0154062
673	-0.0156015
674	-0.0156015
675	-0.0163828
676	-0.0160898
677	-0.0168711
678	-0.0162851
679	-0.0160898
680	-0.0167734
681	-0.0172617
682	-0.0162851
683	-0.0156015
684	-0.0156992
685	-0.0162851
686	-0.0165781
687	-0.0172617
688	-0.0169687
689	-0.017164
690	-0.0173594
691	-0.0173594
692	-0.0167734
693	-0.0175547
694	-0.017457
695	-0.0164804
696	-0.0153086
697	-0.0153086
698	-0.0168711
699	-0.0163828
700	-0.0160898
701	-0.0166758
702	-0.0176523
703	-0.0169687
704	-0.0167734
705	-0.0162851
706	-0.017457
707	-0.017164
708	-0.0164804
709	-0.0169687
710	-0.0179453
711	-0.017164
712	-0.0167734
713	-0.0172617
714	-0.0166758
715	-0.0166758
716	-0.0170664
717	-0.0162851
718	-0.0162851
719	-0.0167734
720	-0.0172617
721	-0.0163828
722	-0.0168711
723	-0.017457
724	-0.0178476
725	-0.0167734
726	-0.017164
727	-0.0181406
728	-0.0182383
729	-0.01775
730	-0.0181406
731	-0.0181406
732	-0.0180429
733	-0.0181406
734	-0.0178476
735	-0.0184336
736	-0.0185312
737	-0.0183359
738	-0.0169687
739	-0.0168711
740	-0.0164804
741	-0.0169687
742	-0.0165781
743	-0.0179453
744	-0.017457
745	-0.0168711
746	-0.0167734
747	-0.0168711
748	-0.0172617
749	-0.017164
750	-0.0181406
751	-0.0179453
752	-0.0176523
753	-0.0178476
754	-0.0179453
755	-0.0185312
756	-0.0186289
757	-0.0192148
758	-0.0194101
759	-0.0191172
760	-0.0193125
761	-0.0191172
762	-0.0189219
763	-0.0193125
764	-0.0195078
765	-0.0198008
766	-0.0184336
767	-0.0189219
768	-0.0189219
769	-0.0180429
770	-0.0192148
771	-0.0189219
772	-0.0192148
773	-0.0191172
774	-0.0185312
775	-0.0191172
776	-0.0186289
777	-0.0181406
778	-0.0176523
779	-0.0181406
780	-0.0184336
781	-0.0182383
782	-0.01775
783	-0.0180429
784	-0.0179453
785	-0.0170664
786	-0.0165781
787	-0.017164
788	-0.017457
789	-0.0173594
790	-0.0168711
791	-0.0161875
792	-0.0160898
793	-0.0160898
794	-0.0153086
795	-0.0142344
796	-0.0153086
797	-0.0158945
798	-0.0155039
799	-0.0154062
800	-0.0160898
801	-0.0162851
802	-0.0159922
803	-0.0162851
804	-0.0170664
805	-0.0175547
806	-0.0172617
807	-0.0168711
808	-0.0165781
809	-0.0165781
810	-0.0169687
811	-0.0163828
812	-0.0168711
813	-0.0178476
814	-0.0186289
815	-0.0180429
816	-0.0175547
817	-0.0166758
818	-0.0167734
819	-0.0163828
820	-0.0160898
821	-0.0151133
822	-0.0151133
823	-0.0144297
824	-0.0131601
825	-0.0134531
826	-0.0133554
827	-0.0127695
828	-0.0120859
829	-0.0116953
830	-0.0128672
831	-0.0137461
832	-0.0128672
833	-0.0121836
834	-0.0130625
835	-0.0138437
836	-0.014625
837	-0.0139414
838	-0.0149179
839	-0.0149179
840	-0.0137461
841	-0.0133554
842	-0.0145273
843	-0.014625
844	-0.0134531
845	-0.0138437
846	-0.014039
847	-0.0148203
848	-0.0154062
849	-0.0156992
850	-0.0156992
851	-0.0158945
852	-0.0155039
853	-0.0155039
854	-0.0151133
855	-0.0159922
856	-0.0160898
857	-0.0154062
858	-0.0152109
859	-0.0156992
860	-0.0158945
861	-0.0164804
862	-0.0169687
863	-0.0161875
864	-0.0160898
865	-0.0161875
866	-0.0161875
867	-0.0158945
868	-0.0164804
869	-0.0158945
870	-0.0161875
871	-0.0161875
872	-0.0166758
873	-0.0162851
874	-0.0156992
875	-0.0156992
876	-0.017164
877	-0.0175547
878	-0.0176523
879	-0.0189219
880	-0.0194101
881	-0.0172617
882	-0.0159922
883	-0.0160898
884	-0.0168711
885	-0.0181406
886	-0.0176523
887	-0.0169687
888	-0.0167734
889	-0.0170664
890	-0.0181406
891	-0.0169687
892	-0.0175547
893	-0.0165781
894	-0.0176523
895	-0.0178476
896	-0.0176523
897	-0.0181406
898	-0.0180429
899	-0.0176523
900	-0.0173594
901	-0.0175547
902	-0.0164804
903	-0.0145273
904	-0.0142344
905	-0.014625
906	-0.0152109
907	-0.0160898
908	-0.0157969
909	-0.0162851
910	-0.0151133
911	-0.0149179
912	-0.0157969
913	-0.0150156
914	-0.0155039
915	-0.0162851
916	-0.0169687
917	-0.0166758
918	-0.0167734
919	-0.0161875
920	-0.0161875
921	-0.0157969
922	-0.0152109
923	-0.0148203
924	-0.0152109
925	-0.0149179
926	-0.0156992
927	-0.0150156
928	-0.0135508
929	-0.0141367
930	-0.0138437
931	-0.014039
932	-0.0142344
933	-0.0144297
934	-0.014332
935	-0.0147226
936	-0.0156992
937	-0.0147226
938	-0.0147226
939	-0.0153086
940	-0.0149179
941	-0.0147226
942	-0.014625
943	-0.0155039
944	-0.0166758
945	-0.0172617
946	-0.0162851
947	-0.0152109
948	-0.0162851
949	-0.0164804
950	-0.0163828
951	-0.0154062
952	-0.0167734
953	-0.0176523
954	-0.0170664
955	-0.017164
956	-0.0179453
957	-0.0173594
958	-0.0169687
959	-0.017164
960	-0.0167734
961	-0.017457
962	-0.0175547
963	-0.0162851
964	-0.0156015
965	-0.0162851
966	-0.0173594
967	-0.0169687
968	-0.0164804
969	-0.0176523
970	-0.0172617
971	-0.0160898
972	-0.0155039
973	-0.0161875
974	-0.0172617
975	-0.0169687
976	-0.0162851
977	-0.0175547
978	-0.0175547
979	-0.0161875
980	-0.0155039
981	-0.0162851
982	-0.0176523
983	-0.01775
984	-0.0175547
985	-0.01775
986	-0.0181406
987	-0.0186289
988	-0.0179453
989	-0.017457
990	-0.017164
991	-0.0182383
992	-0.0179453
993	-0.0167734
994	-0.0170664
995	-0.01775
996	-0.0178476
997	-0.0169687
998	-0.0166758
999	-0.0180429
1000	-0.017457
1001	-0.0175547
1002	-0.0169687
1003	-0.0181406
1004	-0.0181406
1005	-0.0175547
1006	-0.0169687
1007	-0.0178476
1008	-0.0186289
1009	-0.0175547
1010	-0.0172617
1011	-0.017457
1012	-0.0180429
1013	-0.0176523
1014	-0.0181406
1015	-0.017457
1016	-0.0179453
1017	-0.0179453
1018	-0.01775
1019	-0.0172617
1020	-0.0172617
1021	-0.0173594
1022	-0.0168711
1023	-0.0163828
