0	-0.000289432
1	-7.48484e-06
2	6.94098e-05
3	0.00011811
4	6.94098e-05
5	-2.54269e-05
6	-1.0048e-05
7	5.14678e-05
8	0.000102731
9	0.000259083
10	0.000269336
11	4.37783e-05
12	0.000100168
13	-2.03006e-05
14	6.94098e-05
15	-4.84953e-05
16	-8.43795e-05
17	-5.10585e-05
18	-0.000209974
19	-0.000348385
20	-0.000322753
21	-0.000322753
22	-0.000371453
23	-0.000389395
24	-0.000463727
25	-0.0002151
26	-0.000181779
27	-0.000115137
28	-5.10585e-05
29	-1.0048e-05
30	-7.48484e-06
31	0.000153994
32	0.000294968
33	0.000243704
34	0.000425689
35	0.000359046
36	0.000279589
37	0.000236015
38	0.000220636
39	0.000307783
40	0.000151431
41	0.000105294
42	0.00015912
43	0.000184752
44	0.000220636
45	0.000107857
46	-3.82427e-05
47	-0.000317627
48	-0.00041759
49	-0.000284306
50	-0.000135643
51	-5.61848e-05
52	0.000141178
53	0.000392368
54	0.000625615
55	0.000728141
56	0.00108698
57	0.00108955
58	0.000805036
59	0.000535904
60	0.0030965
61	0.0142206
62	0.04849
63	0.127599
64	0.269952
65	0.474407
66	0.718394
67	0.969276
68	1.19579
69	1.37728
70	1.5062
71	1.58563
72	1.62487
73	1.63567
74	1.62848
75	1.61166
76	1.59043
77	1.5691
78	1.54965
79	1.53307
80	1.51899
81	1.50726
82	1.49783
83	1.49018
84	1.48296
85	1.47607
86	1.4696
87	1.46316
88	1.45606
89	1.44847
90	1.44061
91	1.43277
92	1.42465
93	1.41648
94	1.40808
95	1.39894
96	1.38936
97	1.37979
98	1.37068
99	1.36205
100	1.35354
101	1.34453
102	1.33508
103	1.3255
104	1.31551
105	1.30519
106	1.29474
107	1.28481
108	1.27475
109	1.26459
110	1.25442
111	1.24457
112	1.23494
113	1.22539
114	1.21567
115	1.20625
116	1.19743
117	1.18955
118	1.18231
119	1.17552
120	1.16837
121	1.16066
122	1.15219
123	1.14305
124	1.13309
125	1.12283
126	1.11244
127	1.10222
128	1.09193
129	1.08172
130	1.07152
131	1.06149
132	1.05175
133	1.0424
134	1.03353
135	1.02506
136	1.0178
137	1.01134
138	1.00538
139	0.999534
140	0.993241
141	0.986187
142	0.977378
143	0.967766
144	0.957677
145	0.947468
146	0.937536
147	0.92807
148	0.918638
149	0.909877
150	0.901208
151	0.892917
152	0.884668
153	0.876287
154	0.868121
155	0.860331
156	0.852378
157	0.843971
158	0.835279
159	0.826633
160	0.81838
161	0.810409
162	0.802468
163	0.794481
164	0.786351
165	0.778221
166	0.770311
167	0.762242
168	0.754429
169	0.746971
170	0.739325
171	0.731753
172	0.724033
173	0.716382
174	0.708628
175	0.701039
176	0.693793
177	0.686421
178	0.679221
179	0.672149
180	0.665308
181	0.658724
182	0.652306
183	0.645977
184	0.640148
185	0.634133
186	0.627884
187	0.62174
188	0.615919
189	0.610095
190	0.604164
191	0.598182
192	0.591994
193	0.586314
194	0.58105
195	0.576116
196	0.570897
197	0.565602
198	0.56024
199	0.555195
200	0.550277
201	0.545019
202	0.539773
203	0.534329
204	0.529123
205	0.524086
206	0.519214
207	0.514215
208	0.508902
209	0.503501
210	0.497865
211	0.49227
212	0.486762
213	0.481381
214	0.476358
215	0.471403
216	0.466518
217	0.461645
218	0.457003
219	0.45272
220	0.448781
221	0.444557
222	0.440268
223	0.435642
224	0.431661
225	0.428234
226	0.425087
227	0.422562
228	0.421455
229	0.421447
230	0.421932
231	0.42247
232	0.422124
233	0.420837
234	0.418305
235	0.41508
236	0.411487
237	0.407478
238	0.403328
239	0.39903
240	0.395006
241	0.391046
242	0.387373
243	0.383684
244	0.380321
245	0.376674
246	0.373193
247	0.369792
248	0.366626
249	0.363148
250	0.359837
251	0.356376
252	0.353001
253	0.349463
254	0.346052
255	0.34254
256	0.339052
257	0.335553
258	0.332472
259	0.329486
260	0.326754
261	0.323868
262	0.321033
263	0.31829
264	0.315427
265	0.312674
266	0.309986
267	0.307338
268	0.304567
269	0.301556
270	0.298728
271	0.295855
272	0.293464
273	0.290872
274	0.288325
275	0.285854
276	0.283206
277	0.28093
278	0.278779
279	0.276844
280	0.274858
281	0.272561
282	0.270093
283	0.267837
284	0.265305
285	0.262965
286	0.260768
287	0.258336
288	0.25608
289	0.253853
290	0.251553
291	0.249426
292	0.247155
293	0.244756
294	0.242508
295	0.240235
296	0.238046
297	0.235777
298	0.233537
299	0.23121
300	0.228805
301	0.226358
302	0.223646
303	0.221485
304	0.219232
305	0.217246
306	0.2153
307	0.213368
308	0.211663
309	0.21002
310	0.208444
311	0.206978
312	0.205178
313	0.203564
314	0.201797
315	0.199919
316	0.198045
317	0.196071
318	0.194462
319	0.19298
320	0.191512
321	0.189992
322	0.188638
323	0.187231
324	0.185744
325	0.184453
326	0.18322
327	0.182171
328	0.180841
329	0.179365
330	0.177794
331	0.176145
332	0.174513
333	0.172831
334	0.171222
335	0.169343
336	0.167459
337	0.165647
338	0.163837
339	0.162263
340	0.160754
341	0.158957
342	0.157219
343	0.155766
344	0.154289
345	0.152872
346	0.151552
347	0.15016
348	0.148812
349	0.147561
350	0.146331
351	0.145116
352	0.143709
353	0.142542
354	0.141317
355	0.139946
356	0.138349
357	0.136791
358	0.135325
359	0.134076
360	0.133287
361	0.1331
362	0.13332
363	0.133738
364	0.133899
365	0.13392
366	0.13361
367	0.13292
368	0.13208
369	0.131088
370	0.129634
371	0.128237
372	0.12682
373	0.125549
374	0.124436
375	0.123473
376	0.122593
377	0.121786
378	0.120956
379	0.12034
380	0.11971
381	0.118895
382	0.117839
383	0.116924
384	0.115975
385	0.114955
386	0.114148
387	0.113051
388	0.112207
389	0.111251
390	0.110218
391	0.109465
392	0.108778
393	0.108153
394	0.107709
395	0.107489
396	0.107691
397	0.107996
398	0.108414
399	0.108857
400	0.109209
401	0.109291
402	0.109065
403	0.108919
404	0.108629
405	0.108142
406	0.107489
407	0.106617
408	0.105692
409	0.104792
410	0.104
411	0.103219
412	0.102426
413	0.10184
414	0.101099
415	0.100325
416	0.0994712
417	0.0986868
418	0.0977052
419	0.0968209
420	0.0960263
421	0.0951061
422	0.0943372
423	0.093376
424	0.0927993
425	0.0921508
426	0.0912511
427	0.0907487
428	0.0902746
429	0.0898337
430	0.0890801
431	0.0883727
432	0.0874884
433	0.0867015
434	0.085971
435	0.0852815
436	0.0840974
437	0.0831029
438	0.0820853
439	0.0814547
440	0.0807986
441	0.0798169
442	0.0789839
443	0.078238
444	0.0773024
445	0.0766873
446	0.0759132
447	0.0750366
448	0.074424
449	0.0738396
450	0.0733885
451	0.0732706
452	0.0731424
453	0.0728528
454	0.072494
455	0.0721479
456	0.0717327
457	0.0713636
458	0.0710201
459	0.0707459
460	0.0708894
461	0.0718378
462	0.0731988
463	0.0747726
464	0.0764053
465	0.0776074
466	0.0780201
467	0.0781021
468	0.0778689
469	0.0775075
470	0.0771897
471	0.0764873
472	0.0762541
473	0.07629
474	0.0773076
475	0.0790121
476	0.0812036
477	0.0830336
478	0.0848535
479	0.0860838
480	0.0868502
481	0.0869707
482	0.0864811
483	0.0857839
484	0.0849304
485	0.0839615
486	0.0833284
487	0.0825364
488	0.081952
489	0.0813497
490	0.0805551
491	0.0800424
492	0.0794965
493	0.078807
494	0.0782585
495	0.0776895
496	0.0771717
497	0.0764079
498	0.0757902
499	0.0754031
500	0.075093
501	0.0748213
502	0.0744778
503	0.0741574
504	0.0738114
505	0.0732245
506	0.0726221
507	0.072071
508	0.0713123
509	0.0706075
510	0.0698616
511	0.069126
512	0.0685134
513	0.0677598
514	0.0673189
515	0.0670319
516	0.0667217
517	0.0663731
518	0.0657529
519	0.0650839
520	0.0645943
521	0.0639997
522	0.0633025
523	0.0624387
524	0.0613186
525	0.0606445
526	0.0602703
527	0.0603753
528	0.0613006
529	0.0631307
530	0.065089
531	0.0672959
532	0.0687466
533	0.0696104
534	0.0699564
535	0.069818
536	0.0694515
537	0.0686518
538	0.0678623
539	0.0670626
540	0.0661014
541	0.0654325
542	0.0647532
543	0.0638484
544	0.063264
545	0.0625694
546	0.0619261
547	0.0614083
548	0.0609469
549	0.060565
550	0.0603318
551	0.0598858
552	0.0597371
553	0.059368
554	0.0588426
555	0.0581736
556	0.0573765
557	0.0568536
558	0.0563948
559	0.0558206
560	0.0553387
561	0.054862
562	0.0544878
563	0.0542007
564	0.0537829
565	0.0533472
566	0.0529678
567	0.0529166
568	0.0527628
569	0.0523834
570	0.0522476
571	0.0518657
572	0.0513351
573	0.0510301
574	0.0504508
575	0.0498613
576	0.0493205
577	0.0487514
578	0.048226
579	0.04788
580	0.0473443
581	0.0470418
582	0.0466804
583	0.0462472
584	0.045732
585	0.0455552
586	0.0452784
587	0.0446683
588	0.0442198
589	0.043925
590	0.043784
591	0.0436764
592	0.043497
593	0.0430715
594	0.0427818
595	0.0425794
596	0.0424614
597	0.0421411
598	0.0418284
599	0.0417258
600	0.0417412
601	0.0416515
602	0.0414054
603	0.0410312
604	0.0406903
605	0.0402623
606	0.0399444
607	0.0398342
608	0.0398009
609	0.0395164
610	0.0391524
611	0.0389858
612	0.0391499
613	0.0394113
614	0.0399162
615	0.0406057
616	0.041508
617	0.0426075
618	0.0434841
619	0.0443018
620	0.0448631
621	0.0452297
622	0.0452373
623	0.0452758
624	0.0453219
625	0.0454142
626	0.0452092
627	0.0452245
628	0.0452655
629	0.0454142
630	0.0456039
631	0.0461216
632	0.0463805
633	0.0465984
634	0.0467265
635	0.0468957
636	0.047152
637	0.0474083
638	0.0478543
639	0.0482901
640	0.0487361
641	0.0490078
642	0.0495947
643	0.0499433
644	0.0500997
645	0.0502252
646	0.0502252
647	0.050315
648	0.0500945
649	0.0498946
650	0.0493589
651	0.0487822
652	0.0485643
653	0.0481952
654	0.0478313
655	0.0475749
656	0.0471546
657	0.0468573
658	0.0465471
659	0.0462934
660	0.0464164
661	0.0466855
662	0.0468444
663	0.0471982
664	0.0473007
665	0.0474955
666	0.0488924
667	0.053706
668	0.0621567
669	0.0727605
670	0.0823108
671	0.0822237
672	0.0818777
673	0.0816982
674	0.081301
675	0.0807858
676	0.0802629
677	0.0799425
678	0.0797246
679	0.0790966
680	0.0785584
681	0.0778945
682	0.0776485
683	0.0773255
684	0.077264
685	0.0770025
686	0.0772717
687	0.0775229
688	0.0779407
689	0.0782995
690	0.0784482
691	0.0786071
692	0.0785225
693	0.078361
694	0.0781098
695	0.0780688
696	0.0782764
697	0.0784917
698	0.0789582
699	0.0796144
700	0.0802372
701	0.080878
702	0.0813573
703	0.0816931
704	0.0818905
705	0.0821622
706	0.0824159
707	0.0827901
708	0.0834438
709	0.0837744
710	0.0839743
711	0.084123
712	0.0839743
713	0.0838564
714	0.0836924
715	0.0833361
716	0.0830926
717	0.082785
718	0.0824159
719	0.0823775
720	0.082316
721	0.082298
722	0.0821289
723	0.0819264
724	0.0817239
725	0.0813573
726	0.0810062
727	0.0807166
728	0.0804244
729	0.0800578
730	0.0797656
731	0.0795144
732	0.0791582
733	0.0789275
734	0.0788147
735	0.0786583
736	0.0782252
737	0.0779227
738	0.0778074
739	0.0779073
740	0.0776767
741	0.0774203
742	0.0771204
743	0.0765207
744	0.0760619
745	0.0756159
746	0.075298
747	0.0747675
748	0.074588
749	0.0743984
750	0.074201
751	0.0739473
752	0.0736499
753	0.0732885
754	0.0729835
755	0.07274
756	0.0724965
757	0.0729528
758	0.0749084
759	0.0789147
760	0.0850688
761	0.092566
762	0.100122
763	0.10624
764	0.109219
765	0.109101
766	0.109091
767	0.108991
768	0.10875
769	0.108619
770	0.107027
771	0.105361
772	0.104372
773	0.103775
774	0.103062
775	0.102447
776	0.101842
777	0.101342
778	0.100778
779	0.100156
780	0.0996813
781	0.09912
782	0.0987073
783	0.098164
784	0.0977744
785	0.0975539
786	0.0972207
787	0.0967952
788	0.0963339
789	0.0957213
790	0.0951446
791	0.0946114
792	0.0940347
793	0.093358
794	0.0928249
795	0.0926045
796	0.0922405
797	0.0919765
798	0.0917099
799	0.0918278
800	0.0924507
801	0.0935503
802	0.0952702
803	0.0969926
804	0.098692
805	0.0998582
806	0.100589
807	0.100719
808	0.100512
809	0.0999582
810	0.0992354
811	0.0987663
812	0.0984741
813	0.0980922
814	0.0978615
815	0.0975719
816	0.0973873
817	0.0970234
818	0.096785
819	0.096867
820	0.0966799
821	0.0963467
822	0.0960622
823	0.0959673
824	0.0958751
825	0.0955265
826	0.0949523
827	0.0943731
828	0.0938143
829	0.0932248
830	0.092889
831	0.0924686
832	0.0920175
833	0.0914203
834	0.0909692
835	0.0904335
836	0.0900157
837	0.089685
838	0.0889135
839	0.0881087
840	0.0874218
841	0.0868579
842	0.0864042
843	0.0859069
844	0.08532
845	0.0846894
846	0.084164
847	0.0836155
848	0.0829952
849	0.0822903
850	0.0813702
851	0.0807294
852	0.0798528
853	0.0790761
854	0.0783482
855	0.0775844
856	0.0768488
857	0.0763054
858	0.0756389
859	0.075052
860	0.074465
861	0.0740088
862	0.0734193
863	0.0730271
864	0.0721915
865	0.0715789
866	0.0708894
867	0.0703742
868	0.0694207
869	0.0687107
870	0.0681443
871	0.0678059
872	0.0673446
873	0.0672344
874	0.0671088
875	0.0670575
876	0.0668371
877	0.0665115
878	0.0663014
879	0.0661348
880	0.0657657
881	0.0653633
882	0.0649813
883	0.064684
884	0.0643406
885	0.0641022
886	0.0636434
887	0.0630231
888	0.0624797
889	0.0619619
890	0.061375
891	0.0608495
892	0.0600985
893	0.0595859
894	0.0588375
895	0.0585042
896	0.0595193
897	0.0637869
898	0.0716994
899	0.0817803
900	0.0911896
901	0.0924943
902	0.092138
903	0.0917612
904	0.0911922
905	0.0905155
906	0.089967
907	0.0894108
908	0.0885957
909	0.087614
910	0.086781
911	0.0857583
912	0.0850329
913	0.0843793
914	0.0838154
915	0.0833771
916	0.0827901
917	0.0822237
918	0.0815368
919	0.0809421
920	0.0803321
921	0.0797861
922	0.0792786
923	0.078807
924	0.0786558
925	0.0783815
926	0.0780329
927	0.0777151
928	0.0773998
929	0.0770897
930	0.0767411
931	0.0764643
932	0.0764079
933	0.0764515
934	0.0763515
935	0.0763438
936	0.0763284
937	0.0761285
938	0.0762515
939	0.0767565
940	0.0765079
941	0.0761131
942	0.0758107
943	0.0754134
944	0.0749289
945	0.0745214
946	0.0739216
947	0.0733372
948	0.0728989
949	0.0722658
950	0.0720838
951	0.071825
952	0.0716763
953	0.0714943
954	0.0712303
955	0.0709714
956	0.0704024
957	0.0703127
958	0.0699846
959	0.0696617
960	0.0694182
961	0.0693079
962	0.0693541
963	0.0690926
964	0.0689389
965	0.0686697
966	0.068439
967	0.0686492
968	0.0695848
969	0.0712406
970	0.0735448
971	0.0762644
972	0.0787839
973	0.0809549
974	0.0825748
975	0.0835412
976	0.0836796
977	0.0835335
978	0.0831259
979	0.0827773
980	0.0819776
981	0.0815265
982	0.0809498
983	0.0805141
984	0.0800911
985	0.0799143
986	0.079945
987	0.0799425
988	0.0802936
989	0.0804551
990	0.0808293
991	0.0810677
992	0.0810216
993	0.080837
994	0.0804705
995	0.0799015
996	0.0792402
997	0.0784046
998	0.0775434
999	0.0768103
1000	0.0762413
1001	0.0756594
1002	0.0751237
1003	0.0747213
1004	0.0744753
1005	0.07426
1006	0.074524
1007	0.0766745
1008	0.0816008
1009	0.0900541
1010	0.0995968
1011	0.108355
1012	0.108422
1013	0.107978
1014	0.10763
1015	0.107371
1016	0.107335
1017	0.106989
1018	0.106492
1019	0.105984
1020	0.105702
1021	0.105377
1022	0.104946
1023	0.104431
