0	0.00059414
1	0.000683851
2	0.000483925
3	0.000442914
4	0.000435225
5	0.000286562
6	0.000299377
7	0.000337825
8	0.000430098
9	5.07512e-05
10	9.74074e-06
11	3.79355e-05
12	2.51197e-05
13	2.25565e-05
14	0.000132772
15	6.10039e-05
16	5.33144e-05
17	0.000104578
18	-0.000100475
19	-0.000100475
20	-0.00027477
21	-0.000428559
22	-0.000384985
23	-0.000205564
24	-0.000192749
25	-0.00012867
26	-0.000244012
27	-0.000223506
28	-0.000277333
29	-0.000203001
30	-0.000208128
31	-0.000187622
32	2.25565e-05
33	0.000253241
34	0.000132772
35	0.000140462
36	9.43249e-05
37	2.05128e-06
38	0.00012252
39	-0.000118417
40	-7.74066e-05
41	-0.000195312
42	-0.000295275
43	-0.000523396
44	-0.000333722
45	-0.000249138
46	-0.000192749
47	-0.000213254
48	1.48671e-05
49	8.40723e-05
50	0.000173783
51	0.000381398
52	0.000630025
53	0.000835077
54	0.000937603
55	0.000878651
56	0.00104269
57	0.00105295
58	0.00135283
59	0.00226788
60	0.00521807
61	0.0146249
62	0.0386237
63	0.0970918
64	0.2211
65	0.437097
66	0.742302
67	1.09868
68	1.44864
69	1.7441
70	1.96236
71	2.10146
72	2.17238
73	2.19246
74	2.17907
75	2.14688
76	2.1069
77	2.06666
78	2.03051
79	1.99959
80	1.97391
81	1.95299
82	1.93563
83	1.92065
84	1.90741
85	1.89509
86	1.88314
87	1.87109
88	1.85874
89	1.84548
90	1.83168
91	1.81802
92	1.80483
93	1.79185
94	1.77864
95	1.7657
96	1.75321
97	1.74084
98	1.72809
99	1.71516
100	1.70187
101	1.68849
102	1.67501
103	1.66142
104	1.64757
105	1.63372
106	1.62073
107	1.60827
108	1.59581
109	1.58316
110	1.57041
111	1.55784
112	1.54516
113	1.53271
114	1.5203
115	1.50837
116	1.49777
117	1.49058
118	1.48789
119	1.48869
120	1.48273
121	1.47018
122	1.45765
123	1.44477
124	1.4322
125	1.42008
126	1.40816
127	1.3961
128	1.38408
129	1.37219
130	1.36007
131	1.34729
132	1.33458
133	1.32176
134	1.30917
135	1.29636
136	1.28376
137	1.27162
138	1.25988
139	1.24861
140	1.23757
141	1.22686
142	1.21636
143	1.20606
144	1.19539
145	1.18447
146	1.1735
147	1.16214
148	1.15082
149	1.13952
150	1.1289
151	1.11977
152	1.11214
153	1.10537
154	1.0987
155	1.09128
156	1.08329
157	1.07479
158	1.06563
159	1.05577
160	1.04527
161	1.03436
162	1.02356
163	1.01277
164	1.00221
165	0.991938
166	0.981724
167	0.971777
168	0.96206
169	0.952561
170	0.943533
171	0.934667
172	0.926088
173	0.917686
174	0.909412
175	0.9008
176	0.891898
177	0.883012
178	0.87392
179	0.865285
180	0.856981
181	0.84883
182	0.841027
183	0.833412
184	0.825754
185	0.818038
186	0.81018
187	0.802201
188	0.794147
189	0.786078
190	0.778543
191	0.77082
192	0.763523
193	0.756548
194	0.749958
195	0.743586
196	0.737494
197	0.731535
198	0.725385
199	0.719031
200	0.712134
201	0.705244
202	0.697916
203	0.690816
204	0.683706
205	0.676509
206	0.669145
207	0.662099
208	0.655232
209	0.648763
210	0.642529
211	0.636839
212	0.631338
213	0.625543
214	0.619617
215	0.613747
216	0.608101
217	0.602154
218	0.596233
219	0.590271
220	0.584609
221	0.579109
222	0.573949
223	0.56911
224	0.564576
225	0.560241
226	0.556107
227	0.552032
228	0.54842
229	0.545675
230	0.543937
231	0.54212
232	0.539951
233	0.537219
234	0.533805
235	0.529589
236	0.524739
237	0.519651
238	0.514497
239	0.509209
240	0.504208
241	0.499049
242	0.493809
243	0.488537
244	0.483362
245	0.478779
246	0.474224
247	0.469867
248	0.465471
249	0.461286
250	0.456864
251	0.452476
252	0.448321
253	0.444294
254	0.440304
255	0.436269
256	0.43245
257	0.428785
258	0.425117
259	0.421467
260	0.418184
261	0.415508
262	0.413211
263	0.410494
264	0.407716
265	0.404847
266	0.401825
267	0.398698
268	0.3953
269	0.391824
270	0.388336
271	0.385042
272	0.381843
273	0.378596
274	0.375463
275	0.373274
276	0.372934
277	0.375217
278	0.379575
279	0.384473
280	0.38749
281	0.38609
282	0.382481
283	0.379188
284	0.375612
285	0.372242
286	0.36895
287	0.365677
288	0.361927
289	0.357521
290	0.353633
291	0.349865
292	0.346343
293	0.342704
294	0.33921
295	0.33595
296	0.332813
297	0.329842
298	0.326769
299	0.323847
300	0.321173
301	0.318423
302	0.315742
303	0.313471
304	0.311156
305	0.308796
306	0.306161
307	0.303144
308	0.300853
309	0.298405
310	0.295903
311	0.293155
312	0.290695
313	0.288032
314	0.285368
315	0.282913
316	0.280534
317	0.27801
318	0.275359
319	0.27276
320	0.270389
321	0.267913
322	0.265563
323	0.263551
324	0.261913
325	0.260103
326	0.258527
327	0.256794
328	0.254675
329	0.252547
330	0.250353
331	0.248157
332	0.246045
333	0.243884
334	0.241787
335	0.239624
336	0.237132
337	0.234705
338	0.232744
339	0.230725
340	0.228779
341	0.226603
342	0.22465
343	0.222622
344	0.220772
345	0.218885
346	0.216971
347	0.215451
348	0.213903
349	0.212334
350	0.210929
351	0.209599
352	0.208366
353	0.207085
354	0.205393
355	0.203645
356	0.20192
357	0.200464
358	0.199121
359	0.197621
360	0.196399
361	0.195668
362	0.194643
363	0.193748
364	0.192649
365	0.191475
366	0.190181
367	0.188684
368	0.187133
369	0.185457
370	0.184155
371	0.182704
372	0.181276
373	0.179902
374	0.178536
375	0.17728
376	0.176132
377	0.174896
378	0.173866
379	0.172879
380	0.171767
381	0.170662
382	0.169398
383	0.168381
384	0.167202
385	0.165851
386	0.164308
387	0.162678
388	0.16094
389	0.15913
390	0.157575
391	0.155968
392	0.155234
393	0.155734
394	0.157646
395	0.160445
396	0.16338
397	0.165359
398	0.166712
399	0.166705
400	0.165669
401	0.164008
402	0.16235
403	0.160574
404	0.158813
405	0.156824
406	0.155173
407	0.153594
408	0.152725
409	0.151708
410	0.15049
411	0.149224
412	0.147747
413	0.146622
414	0.145577
415	0.144185
416	0.142803
417	0.141191
418	0.139763
419	0.138269
420	0.137062
421	0.135478
422	0.134227
423	0.133089
424	0.132094
425	0.13109
426	0.130049
427	0.129077
428	0.12806
429	0.127122
430	0.126061
431	0.12513
432	0.124336
433	0.123623
434	0.122885
435	0.121939
436	0.120968
437	0.120017
438	0.119132
439	0.11814
440	0.117092
441	0.115893
442	0.115037
443	0.11469
444	0.114734
445	0.115257
446	0.115698
447	0.116052
448	0.116364
449	0.116505
450	0.116362
451	0.116049
452	0.115559
453	0.114929
454	0.114106
455	0.113309
456	0.112461
457	0.112368
458	0.112965
459	0.114021
460	0.114954
461	0.115434
462	0.115662
463	0.115623
464	0.115185
465	0.114329
466	0.113504
467	0.112758
468	0.11254
469	0.112645
470	0.113178
471	0.114301
472	0.116154
473	0.118925
474	0.121995
475	0.124969
476	0.127483
477	0.128788
478	0.129111
479	0.129211
480	0.128611
481	0.127632
482	0.126386
483	0.124907
484	0.123554
485	0.122177
486	0.120942
487	0.119758
488	0.118253
489	0.117166
490	0.116031
491	0.115016
492	0.113919
493	0.113001
494	0.112038
495	0.110938
496	0.109944
497	0.109259
498	0.108362
499	0.107473
500	0.10666
501	0.105686
502	0.104963
503	0.104269
504	0.103589
505	0.102754
506	0.101982
507	0.10098
508	0.100168
509	0.0996268
510	0.0988989
511	0.0979838
512	0.0971354
513	0.0965151
514	0.0961102
515	0.0958923
516	0.0951413
517	0.0942416
518	0.093688
519	0.093224
520	0.0926986
521	0.091863
522	0.0909377
523	0.0900175
524	0.0891486
525	0.0880644
526	0.0878594
527	0.090238
528	0.0972149
529	0.108852
530	0.121016
531	0.120442
532	0.11974
533	0.118932
534	0.118261
535	0.117797
536	0.117548
537	0.117105
538	0.11671
539	0.116262
540	0.115921
541	0.115511
542	0.114983
543	0.11425
544	0.113632
545	0.113229
546	0.112435
547	0.111548
548	0.1109
549	0.110284
550	0.109498
551	0.109054
552	0.108498
553	0.108142
554	0.107475
555	0.106855
556	0.106378
557	0.105878
558	0.105168
559	0.104553
560	0.104143
561	0.103692
562	0.103146
563	0.102715
564	0.102131
565	0.101557
566	0.101154
567	0.100562
568	0.0998703
569	0.0993654
570	0.0989066
571	0.0980607
572	0.0974225
573	0.0967535
574	0.095982
575	0.0955104
576	0.0950285
577	0.0946005
578	0.0940878
579	0.0936265
580	0.0932958
581	0.0929472
582	0.0929805
583	0.0927857
584	0.0922449
585	0.0918092
586	0.0915067
587	0.0911915
588	0.0910146
589	0.0905609
590	0.0902072
591	0.0896151
592	0.0891435
593	0.0889384
594	0.0889487
595	0.0886873
596	0.0882361
597	0.0877209
598	0.0874569
599	0.0868879
600	0.0864086
601	0.0859652
602	0.0854474
603	0.0850168
604	0.0847861
605	0.0847451
606	0.084681
607	0.0844786
608	0.0841377
609	0.083989
610	0.0834584
611	0.0832277
612	0.0829945
613	0.0831637
614	0.0833815
615	0.0835276
616	0.0837275
617	0.0839813
618	0.0843401
619	0.0847887
620	0.0851578
621	0.0854295
622	0.0859216
623	0.0869674
624	0.0884104
625	0.0901277
626	0.091986
627	0.0933343
628	0.0941878
629	0.0943928
630	0.094462
631	0.0941365
632	0.09387
633	0.0938623
634	0.0935906
635	0.0934214
636	0.0935086
637	0.0937649
638	0.0939853
639	0.0940314
640	0.0942878
641	0.0945979
642	0.0953412
643	0.0963613
644	0.0977019
645	0.0991116
646	0.100219
647	0.100775
648	0.100988
649	0.100829
650	0.100524
651	0.100193
652	0.0997652
653	0.09935
654	0.0989194
655	0.0983555
656	0.0977839
657	0.0973738
658	0.0969586
659	0.0964485
660	0.0962281
661	0.0961255
662	0.0961153
663	0.0960666
664	0.096064
665	0.0960051
666	0.096082
667	0.0968894
668	0.0983991
669	0.100319
670	0.102067
671	0.103256
672	0.103789
673	0.103918
674	0.103613
675	0.103259
676	0.102685
677	0.102054
678	0.101034
679	0.100124
680	0.0995012
681	0.0991398
682	0.0991629
683	0.0995115
684	0.0996909
685	0.099714
686	0.0996217
687	0.0996268
688	0.0993884
689	0.0990322
690	0.098863
691	0.0988297
692	0.098458
693	0.0982068
694	0.0982094
695	0.0981197
696	0.0979992
697	0.0977941
698	0.097971
699	0.0982119
700	0.0984375
701	0.0986964
702	0.0987938
703	0.0988579
704	0.0983837
705	0.0977583
706	0.0971021
707	0.0962998
708	0.095577
709	0.0950618
710	0.0946363
711	0.0940494
712	0.0935419
713	0.0930805
714	0.0925166
715	0.0919604
716	0.0912991
717	0.0907967
718	0.0905532
719	0.0903354
720	0.0903533
721	0.0905276
722	0.0903918
723	0.0904071
724	0.0902303
725	0.0899996
726	0.0898407
727	0.0898663
728	0.0901252
729	0.0905891
730	0.0907993
731	0.0907301
732	0.0900611
733	0.0894383
734	0.0886155
735	0.087498
736	0.0864419
737	0.0853013
738	0.0842889
739	0.0832482
740	0.0826818
741	0.0821897
742	0.0815514
743	0.0807799
744	0.0802237
745	0.0795163
746	0.0785064
747	0.0775119
748	0.0766174
749	0.0760663
750	0.0755331
751	0.0748283
752	0.0743746
753	0.073885
754	0.0734211
755	0.0728008
756	0.0720601
757	0.0713834
758	0.0712629
759	0.0730904
760	0.0772863
761	0.08413
762	0.0924551
763	0.100767
764	0.104415
765	0.103943
766	0.103418
767	0.102977
768	0.102495
769	0.10209
770	0.101805
771	0.101447
772	0.0989168
773	0.0970713
774	0.0957693
775	0.0945338
776	0.0934855
777	0.0923116
778	0.0914145
779	0.0903559
780	0.0892845
781	0.0883822
782	0.0875825
783	0.0870597
784	0.0863445
785	0.0855371
786	0.0847759
787	0.084089
788	0.0835763
789	0.0829355
790	0.082346
791	0.0816821
792	0.0809106
793	0.0801622
794	0.0794573
795	0.07855
796	0.0777246
797	0.0770121
798	0.0762559
799	0.0759099
800	0.0756254
801	0.0754767
802	0.0751282
803	0.0758561
804	0.0792933
805	0.0871622
806	0.099432
807	0.109749
808	0.10928
809	0.108911
810	0.1087
811	0.108472
812	0.108662
813	0.109331
814	0.110151
815	0.111097
816	0.112048
817	0.112519
818	0.112543
819	0.112304
820	0.111909
821	0.111322
822	0.110743
823	0.110402
824	0.109759
825	0.109226
826	0.108688
827	0.108206
828	0.107414
829	0.106914
830	0.106358
831	0.10574
832	0.105191
833	0.104589
834	0.103779
835	0.10302
836	0.102377
837	0.101826
838	0.101193
839	0.100616
840	0.100229
841	0.0997037
842	0.0989886
843	0.0984324
844	0.0979633
845	0.0973687
846	0.0967894
847	0.096187
848	0.0954207
849	0.0947619
850	0.0945364
851	0.0945825
852	0.0945107
853	0.0946697
854	0.0945492
855	0.094198
856	0.093488
857	0.0930113
858	0.0927755
859	0.0922987
860	0.0918809
861	0.0913068
862	0.0906968
863	0.0904533
864	0.0900355
865	0.089874
866	0.0897407
867	0.0894895
868	0.0891076
869	0.0889231
870	0.0886949
871	0.0884643
872	0.0881849
873	0.0878568
874	0.0873877
875	0.086993
876	0.0863804
877	0.0860036
878	0.0855935
879	0.0851091
880	0.0847374
881	0.0841658
882	0.0833943
883	0.0831124
884	0.0827817
885	0.0823409
886	0.0819051
887	0.0815002
888	0.0811029
889	0.0803775
890	0.0795932
891	0.0788396
892	0.0781911
893	0.0776375
894	0.0769711
895	0.076402
896	0.0763918
897	0.0762354
898	0.0761432
899	0.0757126
900	0.0753717
901	0.0748488
902	0.0750769
903	0.0760663
904	0.0780476
905	0.0805518
906	0.0830663
907	0.0853372
908	0.086993
909	0.0879286
910	0.0881285
911	0.088067
912	0.0874928
913	0.0866367
914	0.0854526
915	0.0844401
916	0.0838019
917	0.08322
918	0.0827433
919	0.0821691
920	0.0815591
921	0.0810311
922	0.0802724
923	0.0795214
924	0.0788883
925	0.0783244
926	0.0780502
927	0.0777375
928	0.0772325
929	0.0766174
930	0.0761611
931	0.0757946
932	0.0754973
933	0.0748103
934	0.0744464
935	0.0742592
936	0.0738338
937	0.0732186
938	0.0727393
939	0.0721754
940	0.0715064
941	0.0708708
942	0.0704094
943	0.0698199
944	0.0691637
945	0.0684998
946	0.0679206
947	0.0672746
948	0.0663878
949	0.0653523
950	0.0645526
951	0.0636427
952	0.0630352
953	0.0624252
954	0.0618895
955	0.0612564
956	0.0605105
957	0.0598133
958	0.0590751
959	0.0584471
960	0.057996
961	0.0573296
962	0.0568067
963	0.0564479
964	0.0561967
965	0.0561634
966	0.0560993
967	0.0561095
968	0.0563043
969	0.0567426
970	0.0572527
971	0.0581524
972	0.0591546
973	0.0603131
974	0.0614153
975	0.0621535
976	0.0627199
977	0.0628686
978	0.0628506
979	0.0627814
980	0.0624739
981	0.0619792
982	0.0613666
983	0.060754
984	0.0603387
985	0.0604028
986	0.0601798
987	0.0601465
988	0.0600645
989	0.059821
990	0.0595006
991	0.0589188
992	0.0586137
993	0.0581062
994	0.0576346
995	0.0568016
996	0.0563454
997	0.0558814
998	0.0552663
999	0.0548049
1000	0.054382
1001	0.0539667
1002	0.0535669
1003	0.05359
1004	0.0547254
1005	0.0572091
1006	0.0606771
1007	0.0640528
1008	0.0665672
1009	0.0681641
1010	0.0691919
1011	0.0694687
1012	0.0690176
1013	0.0683486
1014	0.0677386
1015	0.0671644
1016	0.0671234
1017	0.0671952
1018	0.067308
1019	0.0671721
1020	0.0669696
1021	0.0663237
1022	0.0657086
1023	0.0650319
