0	-0.000158555
1	7.21288e-05
2	0.000287434
3	0.000336134
4	0.00029256
5	0.000282308
6	0.000156713
7	-5.85921e-05
8	-0.000440502
9	-0.000455881
10	-0.000281587
11	5.41867e-05
12	0.000118266
13	4.39341e-05
14	-4.83395e-05
15	3.62446e-05
16	0.000333571
17	0.000528371
18	0.000425844
19	0.00043866
20	0.000228481
21	-3.80869e-05
22	-0.000161118
23	-0.000181624
24	-0.000102166
25	-0.000240576
26	-0.000266208
27	-0.000168808
28	-6.62816e-05
29	5.67499e-05
30	-2.52711e-05
31	0.000313065
32	0.000233608
33	1.57394e-05
34	-0.000173934
35	-8.42237e-05
36	-0.00018675
37	-0.000419997
38	-0.000232887
39	-0.000273897
40	-0.000337976
41	-9.96026e-05
42	0.00020285
43	0.000215666
44	0.000382271
45	0.000218229
46	-0.000150866
47	-0.000209818
48	-0.000222634
49	-0.00018675
50	-4.06501e-05
51	0.000228481
52	0.000523244
53	0.000735986
54	0.0012153
55	0.00180226
56	0.00246868
57	0.00309922
58	0.00384509
59	0.00511129
60	0.00686449
61	0.0138337
62	0.0457271
63	0.159849
64	0.448753
65	0.981956
66	1.74173
67	2.61863
68	3.47243
69	4.19236
70	4.72339
71	5.06106
72	5.2336
73	5.28159
74	5.24578
75	5.16065
76	5.05271
77	4.94012
78	4.83411
79	4.74101
80	4.66273
81	4.59851
82	4.54795
83	4.50857
84	4.47884
85	4.45591
86	4.43619
87	4.4171
88	4.39712
89	4.37571
90	4.3531
91	4.32978
92	4.30553
93	4.28123
94	4.25824
95	4.23644
96	4.21476
97	4.19233
98	4.16875
99	4.14397
100	4.1179
101	4.09018
102	4.06223
103	4.03449
104	4.00653
105	3.97789
106	3.94819
107	3.91864
108	3.89015
109	3.86266
110	3.83574
111	3.80875
112	3.78107
113	3.75351
114	3.72643
115	3.70057
116	3.67601
117	3.65239
118	3.62995
119	3.60858
120	3.58899
121	3.57176
122	3.54809
123	3.51866
124	3.48896
125	3.45912
126	3.42989
127	3.40145
128	3.37307
129	3.34392
130	3.31527
131	3.28741
132	3.25987
133	3.23224
134	3.20472
135	3.17755
136	3.15025
137	3.1239
138	3.09886
139	3.07447
140	3.04959
141	3.02444
142	2.99931
143	2.97401
144	2.9483
145	2.92217
146	2.89484
147	2.8667
148	2.83936
149	2.81229
150	2.78541
151	2.75955
152	2.73455
153	2.70975
154	2.68496
155	2.65999
156	2.63576
157	2.61209
158	2.58865
159	2.56432
160	2.54012
161	2.51617
162	2.49291
163	2.47005
164	2.4475
165	2.42459
166	2.40204
167	2.38062
168	2.3591
169	2.33727
170	2.31494
171	2.29262
172	2.27073
173	2.24844
174	2.22619
175	2.20371
176	2.18183
177	2.16017
178	2.13861
179	2.11748
180	2.09676
181	2.0771
182	2.0583
183	2.03944
184	2.01983
185	1.99972
186	1.97879
187	1.95783
188	1.93719
189	1.91718
190	1.89755
191	1.8793
192	1.86155
193	1.84344
194	1.82513
195	1.80707
196	1.79023
197	1.77432
198	1.75857
199	1.74299
200	1.72749
201	1.71136
202	1.69506
203	1.67833
204	1.66146
205	1.64459
206	1.6283
207	1.61266
208	1.59734
209	1.58172
210	1.56536
211	1.54902
212	1.53313
213	1.51705
214	1.50114
215	1.48581
216	1.47064
217	1.45587
218	1.44164
219	1.42759
220	1.41389
221	1.40019
222	1.38688
223	1.37422
224	1.36237
225	1.35002
226	1.33773
227	1.32546
228	1.3141
229	1.30384
230	1.29516
231	1.28878
232	1.28423
233	1.28019
234	1.27535
235	1.26838
236	1.25921
237	1.24705
238	1.23487
239	1.22266
240	1.21047
241	1.19737
242	1.1843
243	1.17139
244	1.15917
245	1.14744
246	1.13672
247	1.12625
248	1.1158
249	1.10521
250	1.09462
251	1.08502
252	1.07579
253	1.06641
254	1.05635
255	1.04634
256	1.03652
257	1.027
258	1.01873
259	1.01181
260	1.00639
261	1.00134
262	0.995646
263	0.989197
264	0.982317
265	0.975238
266	0.967474
267	0.958831
268	0.949604
269	0.940274
270	0.931477
271	0.923016
272	0.915039
273	0.907004
274	0.899343
275	0.892166
276	0.886478
277	0.882526
278	0.879306
279	0.876561
280	0.87297
281	0.868449
282	0.862764
283	0.856025
284	0.848582
285	0.840439
286	0.832249
287	0.82435
288	0.816976
289	0.809786
290	0.802419
291	0.794797
292	0.78734
293	0.78024
294	0.773202
295	0.765864
296	0.758402
297	0.751367
298	0.744497
299	0.737505
300	0.730743
301	0.724579
302	0.718499
303	0.712545
304	0.706465
305	0.700455
306	0.694162
307	0.68789
308	0.681472
309	0.675066
310	0.668461
311	0.661546
312	0.654984
313	0.648725
314	0.642563
315	0.63664
316	0.631154
317	0.625715
318	0.619841
319	0.61372
320	0.607571
321	0.601491
322	0.59556
323	0.589749
324	0.584531
325	0.579707
326	0.575219
327	0.571161
328	0.567222
329	0.562967
330	0.558392
331	0.553304
332	0.548013
333	0.543169
334	0.538291
335	0.533578
336	0.528559
337	0.523686
338	0.518947
339	0.513977
340	0.509228
341	0.504237
342	0.499288
343	0.494766
344	0.490422
345	0.48597
346	0.481138
347	0.476642
348	0.472367
349	0.468238
350	0.464232
351	0.459931
352	0.455419
353	0.451152
354	0.446717
355	0.442224
356	0.43852
357	0.43504
358	0.431385
359	0.427914
360	0.424805
361	0.422708
362	0.421555
363	0.420909
364	0.42015
365	0.418797
366	0.41698
367	0.414886
368	0.412256
369	0.409285
370	0.405656
371	0.401565
372	0.397428
373	0.393737
374	0.390274
375	0.38706
376	0.384
377	0.38138
378	0.379096
379	0.376689
380	0.373873
381	0.371043
382	0.368774
383	0.36625
384	0.363574
385	0.36077
386	0.357935
387	0.355059
388	0.352034
389	0.348759
390	0.345778
391	0.342943
392	0.340067
393	0.33794
394	0.336522
395	0.335766
396	0.335405
397	0.335077
398	0.334487
399	0.333831
400	0.333393
401	0.333295
402	0.333618
403	0.333593
404	0.333052
405	0.332062
406	0.330612
407	0.328851
408	0.326982
409	0.324368
410	0.321056
411	0.317801
412	0.314541
413	0.311411
414	0.308812
415	0.306562
416	0.304416
417	0.302099
418	0.299579
419	0.297391
420	0.295491
421	0.293677
422	0.291529
423	0.289006
424	0.286082
425	0.283414
426	0.280999
427	0.279202
428	0.277342
429	0.27535
430	0.273174
431	0.270895
432	0.268488
433	0.266274
434	0.264126
435	0.261983
436	0.259886
437	0.257654
438	0.255204
439	0.252986
440	0.251256
441	0.249672
442	0.247501
443	0.245371
444	0.243587
445	0.241757
446	0.240458
447	0.239427
448	0.238359
449	0.237108
450	0.235688
451	0.234024
452	0.232591
453	0.231177
454	0.229526
455	0.227593
456	0.22555
457	0.223513
458	0.221478
459	0.220001
460	0.219396
461	0.222154
462	0.229764
463	0.241706
464	0.249221
465	0.247488
466	0.245551
467	0.243769
468	0.241778
469	0.239996
470	0.238684
471	0.237572
472	0.236687
473	0.236526
474	0.237182
475	0.23901
476	0.242798
477	0.247832
478	0.252953
479	0.257241
480	0.259538
481	0.260361
482	0.259933
483	0.258561
484	0.256429
485	0.253868
486	0.251326
487	0.249024
488	0.246891
489	0.244982
490	0.243185
491	0.241383
492	0.239643
493	0.238148
494	0.236554
495	0.234914
496	0.233073
497	0.231351
498	0.229903
499	0.228644
500	0.227309
501	0.22565
502	0.224043
503	0.222318
504	0.221134
505	0.219578
506	0.218099
507	0.216777
508	0.21568
509	0.214578
510	0.213306
511	0.211735
512	0.210289
513	0.209182
514	0.20809
515	0.206886
516	0.205724
517	0.204233
518	0.202782
519	0.201649
520	0.200652
521	0.199755
522	0.198778
523	0.197522
524	0.196328
525	0.195467
526	0.195882
527	0.200478
528	0.211471
529	0.226668
530	0.225643
531	0.224433
532	0.223351
533	0.222446
534	0.221808
535	0.220985
536	0.220527
537	0.220022
538	0.219212
539	0.218463
540	0.217248
541	0.215223
542	0.213621
543	0.212437
544	0.211448
545	0.21033
546	0.208659
547	0.207003
548	0.205778
549	0.204666
550	0.20342
551	0.201949
552	0.200662
553	0.199522
554	0.198084
555	0.196605
556	0.195482
557	0.19469
558	0.193637
559	0.192537
560	0.191145
561	0.189489
562	0.187931
563	0.18637
564	0.185145
565	0.183879
566	0.182628
567	0.181141
568	0.179995
569	0.178683
570	0.177268
571	0.176266
572	0.175228
573	0.173985
574	0.172488
575	0.171158
576	0.169835
577	0.168266
578	0.166916
579	0.165875
580	0.164786
581	0.163904
582	0.163312
583	0.162379
584	0.161187
585	0.160052
586	0.159031
587	0.157904
588	0.15715
589	0.156309
590	0.155205
591	0.15421
592	0.153052
593	0.152257
594	0.151001
595	0.149609
596	0.148176
597	0.147031
598	0.146277
599	0.145398
600	0.144593
601	0.144106
602	0.143499
603	0.142799
604	0.142061
605	0.140941
606	0.139769
607	0.138677
608	0.137775
609	0.137291
610	0.136934
611	0.136429
612	0.13603
613	0.13562
614	0.135471
615	0.135489
616	0.135694
617	0.135794
618	0.13635
619	0.137242
620	0.138695
621	0.140479
622	0.142509
623	0.144583
624	0.146656
625	0.148827
626	0.15055
627	0.151475
628	0.152103
629	0.15287
630	0.153269
631	0.153487
632	0.153446
633	0.153369
634	0.153641
635	0.153762
636	0.153741
637	0.153651
638	0.153908
639	0.154259
640	0.154338
641	0.154443
642	0.155166
643	0.156361
644	0.158262
645	0.160351
646	0.162102
647	0.163563
648	0.164352
649	0.164588
650	0.164329
651	0.163517
652	0.162784
653	0.161505
654	0.160131
655	0.158903
656	0.157924
657	0.156853
658	0.155974
659	0.155166
660	0.154769
661	0.15503
662	0.155405
663	0.155481
664	0.155481
665	0.155766
666	0.156074
667	0.157168
668	0.16101
669	0.169094
670	0.18088
671	0.188131
672	0.186898
673	0.186142
674	0.185199
675	0.183681
676	0.182748
677	0.182333
678	0.182454
679	0.182266
680	0.181605
681	0.181028
682	0.180272
683	0.179598
684	0.179144
685	0.178614
686	0.178488
687	0.178647
688	0.178945
689	0.179142
690	0.179365
691	0.179537
692	0.179244
693	0.178737
694	0.178219
695	0.177686
696	0.17712
697	0.176392
698	0.175869
699	0.175782
700	0.175789
701	0.175497
702	0.174608
703	0.173659
704	0.172734
705	0.171965
706	0.171073
707	0.169948
708	0.169051
709	0.168405
710	0.168243
711	0.168525
712	0.168797
713	0.168958
714	0.169246
715	0.169235
716	0.169074
717	0.169069
718	0.169092
719	0.168723
720	0.168192
721	0.168046
722	0.167913
723	0.167838
724	0.167526
725	0.166867
726	0.166334
727	0.166001
728	0.165803
729	0.165516
730	0.165214
731	0.165329
732	0.16566
733	0.165949
734	0.166134
735	0.166119
736	0.165803
737	0.16495
738	0.163873
739	0.16271
740	0.161377
741	0.159775
742	0.158362
743	0.157317
744	0.156768
745	0.15615
746	0.155192
747	0.154043
748	0.152562
749	0.151109
750	0.149778
751	0.148712
752	0.147761
753	0.146628
754	0.145198
755	0.143827
756	0.142563
757	0.141612
758	0.14337
759	0.153328
760	0.17369
761	0.174959
762	0.174403
763	0.173998
764	0.173734
765	0.173052
766	0.172016
767	0.170804
768	0.169635
769	0.168628
770	0.167644
771	0.166557
772	0.165793
773	0.165068
774	0.164537
775	0.164037
776	0.163614
777	0.163184
778	0.162909
779	0.162271
780	0.161484
781	0.160738
782	0.160085
783	0.159157
784	0.158129
785	0.15705
786	0.156425
787	0.156012
788	0.155553
789	0.154461
790	0.153349
791	0.152372
792	0.151496
793	0.150804
794	0.150017
795	0.149245
796	0.148435
797	0.147397
798	0.146328
799	0.145244
800	0.144706
801	0.144701
802	0.146741
803	0.15218
804	0.160833
805	0.170361
806	0.177271
807	0.175958
808	0.17469
809	0.174205
810	0.174013
811	0.174295
812	0.174382
813	0.174836
814	0.176304
815	0.178781
816	0.181777
817	0.184996
818	0.187844
819	0.189933
820	0.190922
821	0.190525
822	0.189215
823	0.187295
824	0.185404
825	0.183968
826	0.182497
827	0.181139
828	0.179375
829	0.177419
830	0.175848
831	0.174559
832	0.17378
833	0.173008
834	0.171929
835	0.170783
836	0.170004
837	0.169356
838	0.168751
839	0.168038
840	0.166977
841	0.165557
842	0.164119
843	0.162648
844	0.161492
845	0.160449
846	0.158947
847	0.157809
848	0.157306
849	0.156842
850	0.156145
851	0.155276
852	0.154551
853	0.154056
854	0.153744
855	0.153664
856	0.153721
857	0.154213
858	0.154433
859	0.154372
860	0.154026
861	0.153246
862	0.152147
863	0.150734
864	0.149614
865	0.148866
866	0.14812
867	0.147131
868	0.146446
869	0.145964
870	0.145698
871	0.145152
872	0.144785
873	0.144609
874	0.143955
875	0.143486
876	0.142794
877	0.141761
878	0.140905
879	0.140169
880	0.139505
881	0.138657
882	0.137788
883	0.137081
884	0.136422
885	0.13576
886	0.134704
887	0.133582
888	0.132574
889	0.131449
890	0.130624
891	0.129765
892	0.129409
893	0.128676
894	0.127853
895	0.12691
896	0.126177
897	0.125616
898	0.12588
899	0.128379
900	0.135202
901	0.148258
902	0.160154
903	0.159285
904	0.158444
905	0.157629
906	0.156819
907	0.156243
908	0.155538
909	0.154887
910	0.154187
911	0.153446
912	0.152813
913	0.152157
914	0.151424
915	0.151052
916	0.150288
917	0.149563
918	0.14914
919	0.148884
920	0.148371
921	0.147733
922	0.147123
923	0.146849
924	0.146392
925	0.145821
926	0.14538
927	0.144898
928	0.144588
929	0.144291
930	0.144373
931	0.144168
932	0.144052
933	0.143786
934	0.143522
935	0.143001
936	0.142399
937	0.141966
938	0.141271
939	0.140284
940	0.139172
941	0.13809
942	0.13725
943	0.136899
944	0.136852
945	0.136547
946	0.136089
947	0.135527
948	0.13505
949	0.134797
950	0.134356
951	0.133572
952	0.132867
953	0.131998
954	0.131393
955	0.131231
956	0.131003
957	0.130752
958	0.130488
959	0.130119
960	0.129596
961	0.128876
962	0.128156
963	0.127369
964	0.126748
965	0.126492
966	0.126715
967	0.127151
968	0.12844
969	0.131026
970	0.134748
971	0.139044
972	0.143381
973	0.147454
974	0.15065
975	0.152011
976	0.152375
977	0.152037
978	0.151234
979	0.150299
980	0.149361
981	0.148389
982	0.147397
983	0.146336
984	0.145739
985	0.145229
986	0.144955
987	0.145444
988	0.146623
989	0.147882
990	0.149637
991	0.151473
992	0.153013
993	0.154156
994	0.154628
995	0.154882
996	0.155069
997	0.154984
998	0.154492
999	0.153562
1000	0.152411
1001	0.15138
1002	0.150514
1003	0.149786
1004	0.14924
1005	0.148505
1006	0.147677
1007	0.148428
1008	0.153318
1009	0.164224
1010	0.18059
1011	0.179762
1012	0.179414
1013	0.178732
1014	0.178047
1015	0.177176
1016	0.176356
1017	0.176061
1018	0.176451
1019	0.177132
1020	0.177891
1021	0.178491
1022	0.179224
1023	0.17957
