0	-0.000200897
1	-0.000282918
2	-0.000216276
3	-6.24869e-05
4	-5.73606e-05
5	0.000206644
6	0.00046296
7	0.000529602
8	0.000406571
9	-6.09751e-06
10	-0.000411076
11	-0.000354687
12	-3.94185e-05
13	-0.000118876
14	-0.000103497
15	0.000145129
16	0.000224587
17	0.000216897
18	-3.53435e-06
19	-0.000111187
20	-0.00012144
21	-0.000188082
22	-0.000264976
23	-0.000272666
24	8.3613e-05
25	0.000329676
26	0.000288665
27	0.000204081
28	0.000247655
29	0.000234839
30	0.000160508
31	1.44077e-05
32	4.26025e-05
33	-1.3787e-05
34	1.95341e-05
35	-9.32448e-05
36	-0.00012144
37	-0.000193208
38	-7.78659e-05
39	-0.000177829
40	-0.000239345
41	-0.000144508
42	-0.000126566
43	-1.3787e-05
44	9.64287e-05
45	0.000132313
46	0.000155381
47	5.79814e-05
48	-8.29922e-05
49	-0.000159887
50	-8.66066e-06
51	6.31077e-05
52	0.000375813
53	0.00111656
54	0.00264421
55	0.00542523
56	0.0107284
57	0.018951
58	0.0320282
59	0.0536279
60	0.0894122
61	0.145873
62	0.225221
63	0.321834
64	0.425739
65	0.528668
66	0.624822
67	0.711252
68	0.786257
69	0.84957
70	0.901576
71	0.943574
72	0.976403
73	1.00098
74	1.0186
75	1.03138
76	1.04125
77	1.04954
78	1.0574
79	1.06508
80	1.07223
81	1.07778
82	1.0813
83	1.08267
84	1.0824
85	1.08116
86	1.07987
87	1.07965
88	1.07997
89	1.08051
90	1.08093
91	1.07989
92	1.07689
93	1.07183
94	1.06542
95	1.05899
96	1.05326
97	1.04882
98	1.04533
99	1.0424
100	1.03887
101	1.03383
102	1.02718
103	1.01881
104	1.0097
105	1.00051
106	0.992005
107	0.984559
108	0.978576
109	0.973511
110	0.968313
111	0.961777
112	0.95358
113	0.944968
114	0.935918
115	0.927531
116	0.920152
117	0.914369
118	0.90993
119	0.905242
120	0.89937
121	0.892311
122	0.884088
123	0.875199
124	0.865997
125	0.857241
126	0.849921
127	0.843839
128	0.838331
129	0.832809
130	0.826596
131	0.818858
132	0.809895
133	0.800183
134	0.790994
135	0.783036
136	0.776684
137	0.771319
138	0.766511
139	0.76149
140	0.755069
141	0.747087
142	0.737983
143	0.728584
144	0.71928
145	0.710544
146	0.702757
147	0.696383
148	0.69109
149	0.686604
150	0.68205
151	0.67669
152	0.6697
153	0.66158
154	0.65295
155	0.643905
156	0.635595
157	0.628354
158	0.622541
159	0.617822
160	0.613857
161	0.609325
162	0.603679
163	0.596889
164	0.589348
165	0.58141
166	0.573792
167	0.566457
168	0.560369
169	0.555453
170	0.551475
171	0.547494
172	0.543314
173	0.538195
174	0.531703
175	0.523893
176	0.515814
177	0.508181
178	0.501488
179	0.496329
180	0.492699
181	0.489867
182	0.487081
183	0.483203
184	0.47783
185	0.471287
186	0.464176
187	0.457379
188	0.451286
189	0.446565
190	0.443064
191	0.44006
192	0.437079
193	0.433521
194	0.428946
195	0.423484
196	0.417617
197	0.41229
198	0.407546
199	0.40344
200	0.400392
201	0.397547
202	0.39494
203	0.391229
204	0.386508
205	0.380861
206	0.375014
207	0.36945
208	0.364828
209	0.361355
210	0.358633
211	0.356452
212	0.353968
213	0.350316
214	0.345966
215	0.340845
216	0.335329
217	0.330103
218	0.326056
219	0.322846
220	0.320681
221	0.318802
222	0.31711
223	0.314575
224	0.311187
225	0.307196
226	0.303026
227	0.299073
228	0.295372
229	0.292281
230	0.290169
231	0.288467
232	0.286934
233	0.284925
234	0.282397
235	0.27917
236	0.275584
237	0.27196
238	0.268813
239	0.266011
240	0.26393
241	0.262333
242	0.26078
243	0.258604
244	0.256333
245	0.253646
246	0.250522
247	0.247474
248	0.244842
249	0.242253
250	0.239957
251	0.237601
252	0.235189
253	0.232772
254	0.230081
255	0.227487
256	0.225029
257	0.22387
258	0.223775
259	0.224042
260	0.225016
261	0.22662
262	0.227625
263	0.227633
264	0.226503
265	0.224619
266	0.222712
267	0.220612
268	0.218926
269	0.217788
270	0.217629
271	0.218498
272	0.219315
273	0.219372
274	0.218147
275	0.216081
276	0.213405
277	0.210678
278	0.208355
279	0.206741
280	0.205213
281	0.204011
282	0.202737
283	0.201561
284	0.199638
285	0.197144
286	0.193915
287	0.190572
288	0.187543
289	0.184703
290	0.182055
291	0.180379
292	0.179079
293	0.177831
294	0.176219
295	0.174429
296	0.171907
297	0.169293
298	0.166558
299	0.164136
300	0.162454
301	0.161037
302	0.159735
303	0.158771
304	0.157605
305	0.156259
306	0.154627
307	0.152597
308	0.150587
309	0.148775
310	0.146632
311	0.144546
312	0.142757
313	0.141231
314	0.139745
315	0.137784
316	0.136005
317	0.134129
318	0.132507
319	0.130969
320	0.129479
321	0.127531
322	0.12594
323	0.124697
324	0.123525
325	0.122695
326	0.12188
327	0.120842
328	0.119645
329	0.118243
330	0.116864
331	0.115374
332	0.113857
333	0.112427
334	0.111337
335	0.110161
336	0.109138
337	0.10811
338	0.106693
339	0.105329
340	0.103666
341	0.102241
342	0.100946
343	0.0997776
344	0.0985652
345	0.096953
346	0.0956535
347	0.0944949
348	0.0931646
349	0.0921266
350	0.0910244
351	0.0899607
352	0.0890354
353	0.0880921
354	0.0869874
355	0.0863338
356	0.0855854
357	0.0846421
358	0.0834016
359	0.0821636
360	0.0809127
361	0.0799644
362	0.078793
363	0.0778831
364	0.0768373
365	0.0759915
366	0.0751943
367	0.0743536
368	0.0734924
369	0.0729208
370	0.0722057
371	0.0714752
372	0.0702936
373	0.0689172
374	0.0676715
375	0.0663463
376	0.0652877
377	0.0645572
378	0.064101
379	0.0639088
380	0.0636114
381	0.062904
382	0.0623991
383	0.0615686
384	0.0605254
385	0.0594771
386	0.0585415
387	0.0576931
388	0.0571497
389	0.0569113
390	0.056614
391	0.0563116
392	0.0557964
393	0.0553581
394	0.0549659
395	0.0547198
396	0.0541816
397	0.0537228
398	0.0536254
399	0.0537869
400	0.0541508
401	0.0545866
402	0.0547224
403	0.0545481
404	0.0541739
405	0.05351
406	0.0523182
407	0.0511135
408	0.0501702
409	0.0494628
410	0.0490296
411	0.0488553
412	0.0487349
413	0.0486375
414	0.0483068
415	0.0474354
416	0.0465408
417	0.0453592
418	0.0445211
419	0.0438598
420	0.0432959
421	0.0430062
422	0.0426166
423	0.0420374
424	0.0413222
425	0.0404713
426	0.0394204
427	0.0382849
428	0.0375749
429	0.0369828
430	0.0366496
431	0.0365163
432	0.036424
433	0.0362087
434	0.0356961
435	0.0352629
436	0.034371
437	0.0333713
438	0.0324383
439	0.0318411
440	0.0316027
441	0.0312747
442	0.0313157
443	0.031308
444	0.0307723
445	0.0304468
446	0.0300674
447	0.029665
448	0.0292882
449	0.0290703
450	0.029119
451	0.0290396
452	0.0294958
453	0.0319385
454	0.0376595
455	0.0462691
456	0.0563423
457	0.0192099
458	0.0182077
459	0.0175003
460	0.0171312
461	0.0170927
462	0.0168185
463	0.0166826
464	0.0165237
465	0.0160931
466	0.0157599
467	0.0154215
468	0.014627
469	0.0142451
470	0.0138785
471	0.0135069
472	0.0132377
473	0.0131608
474	0.0130583
475	0.0131967
476	0.0133479
477	0.0135556
478	0.0136709
479	0.013289
480	0.0131762
481	0.0126815
482	0.0122048
483	0.0114871
484	0.0108617
485	0.0103029
486	0.0100133
487	0.00956729
488	0.00911361
489	0.00907773
490	0.0090034
491	0.00866762
492	0.00824214
493	0.00792431
494	0.00766287
495	0.00753214
496	0.00737836
497	0.00711948
498	0.00697081
499	0.00692211
500	0.00668118
501	0.00635309
502	0.00586353
503	0.00512534
504	0.00436152
505	0.0037438
506	0.00329268
507	0.00321835
508	0.00341059
509	0.00366691
510	0.00346185
511	0.00346185
512	0.00303124
513	0.00223666
514	0.00148822
515	0.00089357
516	0.000516786
517	0.000273287
518	0.000124623
519	0.000150255
520	0.000111808
521	7.33603e-05
522	-0.000198334
523	-0.000480281
524	-0.000377755
525	-0.000213713
526	1.44077e-05
527	0.000468086
528	0.00103454
529	0.00166764
530	0.00209825
531	0.00232125
532	0.00252117
533	0.00273135
534	0.00265958
535	0.00254937
536	0.00230587
537	0.00224179
538	0.00215721
539	0.00214183
540	0.00212132
541	0.00219822
542	0.00178042
543	0.0014549
544	0.00109862
545	0.000678265
546	0.000334802
547	7.33603e-05
548	-5.22343e-05
549	-0.000411076
550	-0.00100317
551	-0.001585
552	-0.00212326
553	-0.00254875
554	-0.0028999
555	-0.003046
556	-0.00313571
557	-0.00335614
558	-0.0037278
559	-0.00371755
560	-0.00344585
561	-0.00345867
562	-0.00388672
563	-0.00408921
564	-0.00451982
565	-0.00506833
566	-0.00552201
567	-0.0056271
568	-0.00553995
569	-0.00542717
570	-0.00539129
571	-0.00549638
572	-0.00557071
573	-0.00575782
574	-0.00615255
575	-0.00658059
576	-0.00669081
577	-0.00700608
578	-0.0073803
579	-0.00774683
580	-0.00744694
581	-0.00715474
582	-0.0072829
583	-0.00748026
584	-0.00779553
585	-0.00765456
586	-0.00800827
587	-0.00833123
588	-0.00841581
589	-0.00833892
590	-0.00870545
591	-0.0092514
592	-0.00915144
593	-0.00875159
594	-0.00859011
595	-0.0087157
596	-0.00913093
597	-0.00994345
598	-0.0104715
599	-0.0109508
600	-0.0113071
601	-0.0112558
602	-0.0108585
603	-0.0107047
604	-0.0109098
605	-0.0111661
606	-0.0112327
607	-0.0112532
608	-0.011853
609	-0.0121273
610	-0.0120606
611	-0.0120273
612	-0.0121683
613	-0.0124989
614	-0.012645
615	-0.012827
616	-0.0132166
617	-0.0139087
618	-0.0141727
619	-0.0140214
620	-0.0136139
621	-0.0132653
622	-0.0128706
623	-0.0122734
624	-0.0120196
625	-0.0122708
626	-0.0124784
627	-0.0123913
628	-0.0123477
629	-0.0122682
630	-0.0121144
631	-0.0116659
632	-0.0114532
633	-0.0117556
634	-0.0118069
635	-0.0120068
636	-0.0122221
637	-0.0125553
638	-0.0127168
639	-0.0125194
640	-0.0120119
641	-0.0114685
642	-0.011225
643	-0.0112507
644	-0.0111738
645	-0.0110559
646	-0.0113891
647	-0.0118761
648	-0.0118684
649	-0.0117454
650	-0.0119581
651	-0.0124477
652	0.0231418
653	0.0119356
654	-0.00035725
655	-0.011466
656	-0.0133627
657	-0.0130987
658	-0.0127681
659	-0.0126348
660	-0.0126168
661	-0.0123451
662	-0.0118094
663	-0.011466
664	-0.0113327
665	-0.011043
666	-0.0106483
667	-0.0101998
668	-0.00973584
669	-0.00960512
670	-0.00961793
671	-0.00967176
672	-0.0098845
673	-0.00999984
674	-0.0100332
675	-0.0100485
676	-0.00965638
677	-0.00931292
678	-0.00921295
679	-0.00871058
680	-0.0085696
681	-0.00907198
682	-0.00965382
683	-0.0100947
684	-0.0104433
685	-0.0105253
686	-0.00960512
687	-0.00106724
688	0.00659147
689	0.0125713
690	0.0172209
691	0.0208401
692	0.0235467
693	0.025141
694	0.025159
695	0.0240414
696	0.022765
697	0.0211989
698	0.0195149
699	0.0181949
700	0.0173029
701	0.0165698
702	0.0158214
703	0.015196
704	0.0149192
705	0.0146808
706	0.0143809
707	0.0139862
708	0.0137657
709	0.0137504
710	0.0136273
711	0.0135325
712	0.013553
713	0.0134095
714	0.0133838
715	0.0134607
716	0.013553
717	0.0138631
718	0.0143425
719	0.0145654
720	0.0147731
721	0.0149755
722	0.0147269
723	0.0142425
724	0.0134735
725	0.0128276
726	0.0120689
727	0.0113999
728	0.0115871
729	0.0120971
730	0.0124175
731	0.0128251
732	0.0129763
733	0.0130532
734	0.0126713
735	0.0119485
736	0.0113948
737	0.0110744
738	0.0105849
739	0.0102901
740	0.0101107
741	0.00984924
742	0.0095109
743	0.00948014
744	0.00943401
745	0.00920076
746	0.00883679
747	0.00868044
748	0.00871376
749	0.00884192
750	0.00885217
751	0.00881629
752	0.00885473
753	0.00855741
754	0.00815755
755	0.00754496
756	0.00674269
757	0.0063941
758	0.00633771
759	0.00643511
760	0.00670168
761	0.00684266
762	0.00691955
763	0.00706565
764	0.00723482
765	0.00712204
766	0.00711435
767	0.0071041
768	0.00736041
769	0.00762442
770	0.00768593
771	0.00767055
772	0.00781153
773	0.00799095
774	0.00793456
775	0.00755521
776	0.00766287
777	0.00790124
778	0.00779871
779	0.00745269
780	0.00700413
781	0.0067837
782	0.00642742
783	0.00614291
784	0.00592761
785	0.0059353
786	0.0060327
787	0.00575331
788	0.00545599
789	0.00512278
790	0.00487671
791	0.00459477
792	0.00419235
793	0.00409751
794	0.00404113
795	0.00382326
796	0.00342597
797	0.00316965
798	0.00303381
799	0.00308507
800	0.00292872
801	0.00293897
802	0.0032773
803	0.00348492
804	0.00388734
805	0.004523
806	0.00650432
807	0.00986205
808	0.0146885
809	0.020958
810	0.0280271
811	0.0355833
812	0.0430857
813	0.00789868
814	0.0105797
815	0.0132608
816	0.0158624
817	0.0179898
818	0.0195533
819	0.0206478
820	0.0212758
821	0.0215987
822	0.0220806
823	0.0223908
824	0.0230034
825	0.0233622
826	0.0240671
827	0.024695
828	0.0247232
829	0.0245207
830	0.0243439
831	0.024449
832	0.0244336
833	0.0240824
834	0.0236493
835	0.0232161
836	0.0226573
837	0.0221908
838	0.0216193
839	0.0209503
840	0.0205812
841	0.0202813
842	0.0198712
843	0.0194636
844	0.0190202
845	0.018646
846	0.0180308
847	0.0176182
848	0.0175464
849	0.0175208
850	0.0174157
851	0.0172824
852	0.0172568
853	0.0171517
854	0.0171747
855	0.0170978
856	0.0170184
857	0.0167595
858	0.0161879
859	0.0155292
860	0.0150268
861	0.0145783
862	0.0142758
863	0.0139708
864	0.0136991
865	0.0137581
866	0.0138042
867	0.0135043
868	0.0133146
869	0.013248
870	0.0131044
871	0.0128609
872	0.0128097
873	0.0127789
874	0.0129302
875	0.0127584
876	0.0123842
877	0.0121433
878	0.0122202
879	0.0119972
880	0.0117383
881	0.0111923
882	0.0105105
883	0.0100825
884	0.00969289
885	0.00970314
886	0.0099287
887	0.0101978
888	0.0103106
889	0.00991075
890	0.0096852
891	0.00950834
892	0.00964162
893	0.00968007
894	0.00963137
895	0.00931354
896	0.00928278
897	0.00926996
898	0.00926228
899	0.00937505
900	0.00950065
901	0.00992357
902	0.0102517
903	0.0103106
904	0.0102978
905	0.0105003
906	0.0104336
907	0.0105515
908	0.0106874
909	0.0527155
910	0.0524489
911	0.0521182
912	0.0516312
913	0.051034
914	0.0504983
915	0.0502856
916	0.0499678
917	0.0498345
918	0.0500241
919	0.0502882
920	0.0500241
921	0.0493372
922	0.0489758
923	0.048822
924	0.0489681
925	0.049532
926	0.0506983
927	0.0517005
928	0.052513
929	0.0534921
930	0.0545481
931	0.0555452
932	0.0562501
933	0.0568242
934	0.0571446
935	0.0572369
936	0.0571138
937	0.0567499
938	0.0566422
939	0.0564551
940	0.0560578
941	0.0555042
942	0.0549531
943	0.0545558
944	0.054443
945	0.0543226
946	0.0539817
947	0.05361
948	0.0531794
949	0.0525899
950	0.0522156
951	0.0514441
952	0.0506444
953	0.0499934
954	0.049409
955	0.0493039
956	0.0493039
957	0.0493859
958	0.0495653
959	0.0498627
960	0.0497909
961	0.0494859
962	0.0492731
963	0.0491373
964	0.0490014
965	0.0489938
966	0.0490425
967	0.048963
968	0.0487067
969	0.0482915
970	0.047907
971	0.0475225
972	0.0472918
973	0.0472688
974	0.0470483
975	0.0466433
976	0.0464691
977	0.0461256
978	0.0460128
979	0.0458795
980	0.0457616
981	0.0458744
982	0.0457078
983	0.0458872
984	0.0465178
985	0.0470048
986	0.0471201
987	0.0472764
988	0.0470355
989	0.0467561
990	0.045877
991	0.0452926
992	0.0449747
993	0.0446672
994	0.0441417
995	0.0435547
996	0.0430729
997	0.0426576
998	0.0421963
999	0.0419605
1000	0.0419605
1001	0.0419887
1002	0.0420937
1003	0.0419887
1004	0.0417913
1005	0.0416734
1006	0.0418989
1007	0.0422706
1008	0.0425269
1009	0.0427935
1010	0.0429088
1011	0.0430011
1012	0.043424
1013	0.0442289
1014	0.0452413
1015	0.0463563
1016	0.0474866
1017	0.0485785
1018	0.049509
1019	0.0502241
1020	0.0507393
1021	0.0510955
1022	0.0514211
1023	0.0514903
