0	0.00145351
1	0.00124077
2	0.000989582
3	0.000910124
4	0.000658935
5	0.000799909
6	0.000974203
7	0.00105879
8	0.000984456
9	0.00115875
10	0.0010024
11	0.000887056
12	0.000594856
13	0.000548719
14	0.000633304
15	0.000571788
16	0.000664061
17	0.000894746
18	0.000564098
19	0.000500019
20	0.000318035
21	-8.69433e-05
22	-0.000504738
23	-0.000799501
24	-0.000745674
25	-0.000286869
26	-0.000125391
27	-0.000263801
28	-0.000110012
29	-0.00023817
30	-0.000509864
31	-0.000725169
32	-0.000827695
33	-0.000732859
34	-0.000484233
35	-0.000545748
36	-0.000602138
37	-0.000691848
38	-0.000584196
39	-0.000658527
40	-0.000945601
41	-0.00111221
42	-0.00100712
43	-0.000909716
44	-0.000740548
45	-0.000648275
46	-0.000602138
47	-0.000658527
48	-0.000694411
49	-0.000566254
50	-0.000694411
51	-0.000476543
52	-0.000209975
53	-0.000130517
54	0.00020013
55	0.000448756
56	0.000661498
57	0.000838356
58	0.00106904
59	0.00197127
60	0.0047523
61	0.0163224
62	0.0571586
63	0.164762
64	0.38059
65	0.719007
66	1.15186
67	1.61828
68	2.05741
69	2.43178
70	2.72394
71	2.9303
72	3.057
73	3.11856
74	3.13154
75	3.11135
76	3.07075
77	3.01836
78	2.95983
79	2.9012
80	2.84747
81	2.7996
82	2.757
83	2.71937
84	2.68574
85	2.65645
86	2.63083
87	2.6076
88	2.58544
89	2.56418
90	2.54186
91	2.52307
92	2.51617
93	2.5157
94	2.50918
95	2.49378
96	2.47386
97	2.4533
98	2.43345
99	2.41297
100	2.39145
101	2.36971
102	2.34774
103	2.3261
104	2.30434
105	2.2822
106	2.25984
107	2.23699
108	2.21353
109	2.18971
110	2.16664
111	2.14406
112	2.12251
113	2.10412
114	2.08984
115	2.08221
116	2.07298
117	2.06862
118	2.05137
119	2.0328
120	2.01295
121	1.99233
122	1.97219
123	1.95218
124	1.933
125	1.91419
126	1.89577
127	1.87835
128	1.86149
129	1.84484
130	1.82754
131	1.8101
132	1.79304
133	1.77599
134	1.75989
135	1.74488
136	1.73196
137	1.7213
138	1.71128
139	1.70125
140	1.69059
141	1.67574
142	1.65985
143	1.64377
144	1.62834
145	1.61302
146	1.59765
147	1.58241
148	1.56879
149	1.55635
150	1.5449
151	1.53356
152	1.52144
153	1.50848
154	1.49558
155	1.48169
156	1.46751
157	1.45328
158	1.43908
159	1.42504
160	1.41068
161	1.39554
162	1.38051
163	1.36599
164	1.35197
165	1.33792
166	1.32456
167	1.31114
168	1.29799
169	1.28477
170	1.27096
171	1.25755
172	1.24498
173	1.23315
174	1.22125
175	1.20956
176	1.19829
177	1.18762
178	1.17861
179	1.17172
180	1.16636
181	1.16211
182	1.15809
183	1.14858
184	1.13792
185	1.12686
186	1.11615
187	1.10561
188	1.09549
189	1.08504
190	1.07471
191	1.06599
192	1.05927
193	1.05442
194	1.05088
195	1.04703
196	1.0421
197	1.0362
198	1.02951
199	1.02168
200	1.01269
201	1.00365
202	0.994571
203	0.98527
204	0.975455
205	0.965608
206	0.956027
207	0.94623
208	0.9371
209	0.928204
210	0.919117
211	0.910303
212	0.901639
213	0.89283
214	0.883966
215	0.875387
216	0.867729
217	0.860746
218	0.853247
219	0.846106
220	0.838803
221	0.831811
222	0.825544
223	0.820205
224	0.81555
225	0.81006
226	0.805905
227	0.805967
228	0.811916
229	0.818401
230	0.812485
231	0.807192
232	0.80135
233	0.79535
234	0.78885
235	0.781788
236	0.775035
237	0.769073
238	0.7635
239	0.758518
240	0.754747
241	0.751756
242	0.748329
243	0.744336
244	0.739935
245	0.735549
246	0.730928
247	0.726071
248	0.72098
249	0.716108
250	0.710704
251	0.705112
252	0.699521
253	0.69419
254	0.689179
255	0.684025
256	0.678573
257	0.673528
258	0.66782
259	0.662002
260	0.656002
261	0.65007
262	0.644865
263	0.640259
264	0.635507
265	0.630357
266	0.625631
267	0.620948
268	0.616224
269	0.611736
270	0.607076
271	0.602088
272	0.5966
273	0.591695
274	0.589488
275	0.590405
276	0.593599
277	0.596531
278	0.590826
279	0.585697
280	0.581101
281	0.576023
282	0.570854
283	0.566101
284	0.561744
285	0.557515
286	0.552832
287	0.548344
288	0.543071
289	0.53793
290	0.532504
291	0.52738
292	0.522302
293	0.516858
294	0.51144
295	0.506959
296	0.502525
297	0.498206
298	0.493972
299	0.490071
300	0.486336
301	0.482499
302	0.478303
303	0.474348
304	0.470216
305	0.466405
306	0.462183
307	0.45797
308	0.453861
309	0.450808
310	0.447978
311	0.444803
312	0.442037
313	0.438846
314	0.43587
315	0.433107
316	0.430716
317	0.427868
318	0.424738
319	0.421629
320	0.419233
321	0.41671
322	0.413865
323	0.410608
324	0.406553
325	0.40268
326	0.39934
327	0.396649
328	0.393768
329	0.390694
330	0.38747
331	0.384233
332	0.381106
333	0.378125
334	0.37548
335	0.37288
336	0.370389
337	0.367972
338	0.365363
339	0.362792
340	0.36007
341	0.357299
342	0.354346
343	0.35154
344	0.348472
345	0.345104
346	0.341569
347	0.338485
348	0.335666
349	0.332944
350	0.329899
351	0.326987
352	0.324442
353	0.322004
354	0.319977
355	0.318057
356	0.315809
357	0.313613
358	0.312503
359	0.313666
360	0.31787
361	0.32438
362	0.331198
363	0.328599
364	0.326164
365	0.323617
366	0.321077
367	0.318439
368	0.315745
369	0.313031
370	0.310824
371	0.308914
372	0.306564
373	0.304616
374	0.303537
375	0.302132
376	0.300502
377	0.299044
378	0.297967
379	0.296873
380	0.295547
381	0.294017
382	0.292451
383	0.290695
384	0.288389
385	0.285984
386	0.28348
387	0.281048
388	0.278787
389	0.276472
390	0.27404
391	0.271956
392	0.269908
393	0.26815
394	0.26713
395	0.266653
396	0.267276
397	0.267963
398	0.269106
399	0.270872
400	0.271646
401	0.271303
402	0.270165
403	0.268601
404	0.267132
405	0.265748
406	0.263657
407	0.261381
408	0.258515
409	0.256088
410	0.253786
411	0.251884
412	0.250018
413	0.248624
414	0.247675
415	0.246835
416	0.245489
417	0.244495
418	0.243228
419	0.24186
420	0.239983
421	0.238258
422	0.236364
423	0.23448
424	0.232681
425	0.23103
426	0.228957
427	0.226493
428	0.224107
429	0.221987
430	0.220001
431	0.218502
432	0.216682
433	0.214624
434	0.213016
435	0.211932
436	0.210528
437	0.208951
438	0.206857
439	0.205296
440	0.203769
441	0.201795
442	0.200049
443	0.19866
444	0.19744
445	0.195805
446	0.194318
447	0.192816
448	0.191832
449	0.191437
450	0.191186
451	0.190294
452	0.189082
453	0.18781
454	0.186498
455	0.185316
456	0.184614
457	0.183948
458	0.182615
459	0.181674
460	0.18182
461	0.182348
462	0.183286
463	0.18433
464	0.185857
465	0.187044
466	0.187146
467	0.186683
468	0.186554
469	0.189192
470	0.198519
471	0.214998
472	0.219494
473	0.220032
474	0.220803
475	0.222039
476	0.222116
477	0.221252
478	0.21954
479	0.217961
480	0.216559
481	0.21569
482	0.214408
483	0.212834
484	0.211099
485	0.209254
486	0.207708
487	0.206193
488	0.204622
489	0.202915
490	0.201228
491	0.199411
492	0.197745
493	0.196461
494	0.195479
495	0.194726
496	0.193624
497	0.192342
498	0.191194
499	0.189828
500	0.188979
501	0.188231
502	0.186767
503	0.184952
504	0.183427
505	0.181948
506	0.180887
507	0.179601
508	0.177945
509	0.176184
510	0.174792
511	0.173918
512	0.173295
513	0.172434
514	0.171545
515	0.170683
516	0.169584
517	0.168697
518	0.167831
519	0.167113
520	0.166262
521	0.165121
522	0.163906
523	0.162722
524	0.161479
525	0.160397
526	0.160787
527	0.163268
528	0.168582
529	0.176117
530	0.18454
531	0.184676
532	0.183689
533	0.182756
534	0.181259
535	0.179677
536	0.17804
537	0.176548
538	0.175384
539	0.174208
540	0.173129
541	0.171847
542	0.170835
543	0.170201
544	0.169558
545	0.168566
546	0.16771
547	0.166964
548	0.166059
549	0.16495
550	0.163973
551	0.16334
552	0.162727
553	0.161956
554	0.160972
555	0.160338
556	0.159695
557	0.159275
558	0.158813
559	0.157944
560	0.157006
561	0.155984
562	0.154799
563	0.153702
564	0.153018
565	0.152336
566	0.151957
567	0.151457
568	0.151411
569	0.151075
570	0.150383
571	0.149753
572	0.148681
573	0.147384
574	0.146126
575	0.144834
576	0.14356
577	0.142486
578	0.141533
579	0.141243
580	0.14102
581	0.140548
582	0.139533
583	0.138898
584	0.13818
585	0.137385
586	0.136404
587	0.135855
588	0.135061
589	0.133902
590	0.13309
591	0.132562
592	0.13209
593	0.131636
594	0.13107
595	0.130337
596	0.129399
597	0.128742
598	0.127925
599	0.127243
600	0.126584
601	0.125708
602	0.125026
603	0.124441
604	0.123883
605	0.123019
606	0.122691
607	0.122832
608	0.123949
609	0.126359
610	0.12964
611	0.133061
612	0.136368
613	0.139041
614	0.141117
615	0.143683
616	0.147079
617	0.151232
618	0.15543
619	0.159546
620	0.162012
621	0.163119
622	0.163284
623	0.16303
624	0.16284
625	0.163253
626	0.163496
627	0.164129
628	0.164281
629	0.164486
630	0.164768
631	0.165588
632	0.166518
633	0.167526
634	0.167649
635	0.167541
636	0.167597
637	0.167923
638	0.169261
639	0.171921
640	0.175992
641	0.181051
642	0.185773
643	0.189543
644	0.192181
645	0.193954
646	0.194787
647	0.195023
648	0.194113
649	0.192588
650	0.191245
651	0.189494
652	0.187692
653	0.186188
654	0.184345
655	0.182356
656	0.180844
657	0.179667
658	0.178975
659	0.178075
660	0.177286
661	0.176976
662	0.176653
663	0.176366
664	0.177471
665	0.181067
666	0.188054
667	0.198963
668	0.205191
669	0.204109
670	0.20261
671	0.200716
672	0.198801
673	0.197222
674	0.196284
675	0.195272
676	0.194254
677	0.193047
678	0.19187
679	0.191078
680	0.190386
681	0.190399
682	0.190689
683	0.190945
684	0.191148
685	0.190514
686	0.189066
687	0.187623
688	0.186831
689	0.186293
690	0.185768
691	0.185114
692	0.184114
693	0.183517
694	0.183845
695	0.185363
696	0.188261
697	0.191455
698	0.194257
699	0.196189
700	0.197399
701	0.198076
702	0.198248
703	0.197653
704	0.196728
705	0.195784
706	0.194518
707	0.193065
708	0.191906
709	0.190343
710	0.188843
711	0.187231
712	0.185911
713	0.184737
714	0.183732
715	0.183102
716	0.182166
717	0.181149
718	0.18019
719	0.180077
720	0.180508
721	0.181497
722	0.182148
723	0.182523
724	0.182707
725	0.182599
726	0.18242
727	0.182986
728	0.183812
729	0.184717
730	0.184919
731	0.184906
732	0.184581
733	0.183758
734	0.182612
735	0.181108
736	0.179452
737	0.177386
738	0.175118
739	0.173436
740	0.171934
741	0.170937
742	0.170135
743	0.169161
744	0.167736
745	0.166667
746	0.166018
747	0.165211
748	0.164427
749	0.163394
750	0.162607
751	0.161579
752	0.160597
753	0.159644
754	0.158021
755	0.156786
756	0.155627
757	0.155761
758	0.159129
759	0.167982
760	0.1811
761	0.180544
762	0.179872
763	0.178911
764	0.178283
765	0.177832
766	0.177276
767	0.176391
768	0.175402
769	0.17451
770	0.174208
771	0.174841
772	0.175904
773	0.176243
774	0.176599
775	0.177173
776	0.17733
777	0.17753
778	0.177037
779	0.176084
780	0.175453
781	0.174761
782	0.173692
783	0.172103
784	0.170527
785	0.169333
786	0.168025
787	0.166808
788	0.165411
789	0.16387
790	0.162197
791	0.160692
792	0.1591
793	0.157673
794	0.156463
795	0.155463
796	0.154425
797	0.15301
798	0.151301
799	0.149817
800	0.148691
801	0.147633
802	0.147092
803	0.148279
804	0.153195
805	0.162717
806	0.172642
807	0.171532
808	0.170583
809	0.169597
810	0.168963
811	0.168266
812	0.167446
813	0.166844
814	0.166557
815	0.166495
816	0.167177
817	0.167843
818	0.168423
819	0.168815
820	0.168894
821	0.168494
822	0.167869
823	0.166867
824	0.165237
825	0.163458
826	0.161961
827	0.161138
828	0.159913
829	0.158224
830	0.157134
831	0.156332
832	0.155089
833	0.15341
834	0.152077
835	0.151109
836	0.150432
837	0.149663
838	0.148607
839	0.148081
840	0.147459
841	0.146767
842	0.146028
843	0.145364
844	0.144706
845	0.144134
846	0.143721
847	0.143163
848	0.142302
849	0.14102
850	0.139733
851	0.138959
852	0.138934
853	0.139326
854	0.139159
855	0.139174
856	0.139451
857	0.139477
858	0.139454
859	0.139387
860	0.138954
861	0.138731
862	0.138728
863	0.13879
864	0.138598
865	0.13827
866	0.137972
867	0.13768
868	0.137391
869	0.136986
870	0.136906
871	0.136991
872	0.136696
873	0.137034
874	0.137308
875	0.137788
876	0.13859
877	0.139679
878	0.140359
879	0.140684
880	0.140938
881	0.140951
882	0.1404
883	0.139656
884	0.138949
885	0.138188
886	0.137052
887	0.135768
888	0.134507
889	0.133259
890	0.132023
891	0.13109
892	0.130234
893	0.12896
894	0.12763
895	0.126866
896	0.126018
897	0.124913
898	0.125767
899	0.13312
900	0.148253
901	0.152772
902	0.152113
903	0.150696
904	0.149335
905	0.148243
906	0.147161
907	0.146315
908	0.145216
909	0.144167
910	0.143775
911	0.14376
912	0.142319
913	0.140743
914	0.139487
915	0.138213
916	0.136893
917	0.135583
918	0.134189
919	0.132869
920	0.131769
921	0.130252
922	0.129137
923	0.128378
924	0.12763
925	0.126579
926	0.125382
927	0.1244
928	0.123816
929	0.123329
930	0.123019
931	0.122901
932	0.123004
933	0.12288
934	0.122283
935	0.12193
936	0.121391
937	0.121045
938	0.119982
939	0.118651
940	0.117365
941	0.11648
942	0.115978
943	0.11517
944	0.114109
945	0.112871
946	0.111972
947	0.111098
948	0.110208
949	0.109257
950	0.108534
951	0.107576
952	0.106733
953	0.10612
954	0.105671
955	0.105341
956	0.104823
957	0.104649
958	0.104669
959	0.104126
960	0.103311
961	0.102796
962	0.102788
963	0.102324
964	0.101642
965	0.101122
966	0.100776
967	0.101478
968	0.10553
969	0.115247
970	0.130398
971	0.130716
972	0.131213
973	0.131618
974	0.132187
975	0.132259
976	0.131982
977	0.131439
978	0.13086
979	0.130508
980	0.129986
981	0.129478
982	0.129176
983	0.128999
984	0.128504
985	0.128022
986	0.127492
987	0.127738
988	0.128425
989	0.128581
990	0.128578
991	0.128317
992	0.127838
993	0.127279
994	0.126387
995	0.125626
996	0.125274
997	0.124757
998	0.12439
999	0.123978
1000	0.12376
1001	0.12326
1002	0.122663
1003	0.122291
1004	0.122727
1005	0.12518
1006	0.130826
1007	0.140594
1008	0.152557
1009	0.152024
1010	0.151324
1011	0.15085
1012	0.150591
1013	0.150219
1014	0.149599
1015	0.149109
1016	0.148607
1017	0.148697
1018	0.148817
1019	0.148653
1020	0.148197
1021	0.148033
1022	0.148112
1023	0.147856
