0	-0.000620097
1	0.000112325
2	0.000356466
3	-0.000742167
4	-0.000620097
5	-0.000375956
6	-9.74536e-06
7	-0.000375956
8	-0.000498027
9	-0.000131816
10	-0.000742167
11	-0.00159666
12	-0.00196287
13	-0.000375956
14	0.000356466
15	-0.000620097
16	-0.00257322
17	-0.0018408
18	-0.00147459
19	-0.0018408
20	-0.00196287
21	-0.0018408
22	-0.00159666
23	-0.00171873
24	-0.00232908
25	-0.00135252
26	-0.000498027
27	-0.00123045
28	-0.0018408
29	-0.00171873
30	-0.000986308
31	0.00157717
32	0.00194338
33	0.000478536
34	0.0014551
35	0.00182131
36	0.00182131
37	0.00194338
38	0.0014551
39	0.00291994
40	0.00243166
41	0.00121096
42	0.000722677
43	0.00121096
44	0.00194338
45	0.00157717
46	0.00206545
47	0.00157717
48	0.00169924
49	0.00279787
50	0.00108889
51	0.000966817
52	0.0014551
53	0.00230959
54	0.00194338
55	0.0014551
56	0.000478536
57	0.00169924
58	0.00230959
59	0.00133303
60	-9.74536e-06
61	0.000478536
62	0.000966817
63	0.00108889
64	0.0112207
65	0.0340479
66	0.0681055
67	0.118521
68	0.217153
69	0.37731
70	0.56603
71	0.739858
72	0.879263
73	0.986929
74	1.07104
75	1.13537
76	1.17943
77	1.20189
78	1.20324
79	1.18847
80	1.16076
81	1.12536
82	1.08263
83	1.03734
84	0.988882
85	0.93981
86	0.897207
87	0.858511
88	0.822988
89	0.795156
90	0.775015
91	0.760366
92	0.743643
93	0.723013
94	0.704458
95	0.686392
96	0.665029
97	0.643423
98	0.621206
99	0.5996
100	0.575674
101	0.55248
102	0.531118
103	0.511099
104	0.492178
105	0.474233
106	0.457876
107	0.445059
108	0.432974
109	0.421133
110	0.411001
111	0.402334
112	0.395742
113	0.386831
114	0.37731
115	0.369253
116	0.361807
117	0.35375
118	0.344229
119	0.335195
120	0.328237
121	0.321035
122	0.314443
123	0.308096
124	0.301626
125	0.296133
126	0.291616
127	0.287466
128	0.283438
129	0.279409
130	0.273062
131	0.26647
132	0.261221
133	0.256826
134	0.252432
135	0.246572
136	0.240835
137	0.237417
138	0.232656
139	0.226431
140	0.221304
141	0.217275
142	0.214224
143	0.213247
144	0.211172
145	0.208486
146	0.206289
147	0.20397
148	0.200552
149	0.195425
150	0.191885
151	0.187002
152	0.182607
153	0.177358
154	0.174795
155	0.172354
156	0.16686
157	0.162466
158	0.160391
159	0.158438
160	0.156484
161	0.152944
162	0.150625
163	0.147939
164	0.146841
165	0.143667
166	0.142446
167	0.140981
168	0.138418
169	0.135855
170	0.132559
171	0.130605
172	0.127676
173	0.12438
174	0.120596
175	0.116323
176	0.112905
177	0.109609
178	0.105947
179	0.103872
180	0.102285
181	0.100088
182	0.0977686
183	0.0971582
184	0.0969141
185	0.0969141
186	0.0971582
187	0.0969141
188	0.0972803
189	0.0964258
190	0.0952051
191	0.0936182
192	0.0926416
193	0.0910547
194	0.0887354
195	0.0855615
196	0.0820215
197	0.0778711
198	0.0748194
199	0.0723779
200	0.0703028
201	0.0676172
202	0.0657862
203	0.0640772
204	0.0627344
205	0.0605371
206	0.0599268
207	0.0593164
208	0.0578516
209	0.0583399
210	0.0577295
211	0.0558985
212	0.0535791
213	0.0522363
214	0.0515039
215	0.049917
216	0.048086
217	0.046499
218	0.0461328
219	0.0468653
220	0.0457666
221	0.0454004
222	0.0458887
223	0.0472315
224	0.0471094
225	0.0461328
226	0.0466211
227	0.0479639
228	0.0475977
229	0.0456446
230	0.0452783
231	0.0457666
232	0.0430811
233	0.0408838
234	0.0399072
235	0.0389307
236	0.0375879
237	0.0357569
238	0.0335596
239	0.0322168
240	0.0317285
241	0.0303858
242	0.0291651
243	0.0286768
244	0.0283106
245	0.027334
246	0.0257471
247	0.0252588
248	0.0244043
249	0.0245264
250	0.0248926
251	0.0248926
252	0.0255029
253	0.025625
254	0.0253809
255	0.0245264
256	0.023794
257	0.0240381
258	0.0225733
259	0.0208643
260	0.020376
261	0.0202539
262	0.0193994
263	0.0183008
264	0.0174463
265	0.0174463
266	0.016958
267	0.0156153
268	0.0148828
269	0.0153711
270	0.0150049
271	0.013418
272	0.0125635
273	0.0132959
274	0.0131738
275	0.0126856
276	0.0124414
277	0.0130518
278	0.0136621
279	0.0121973
280	0.0130518
281	0.0136621
282	0.0128076
283	0.0125635
284	0.0110987
285	0.011709
286	0.0113428
287	0.0115869
288	0.0110987
289	0.0113428
290	0.0107324
291	0.0106104
292	0.00963381
293	0.0101221
294	0.00865725
295	0.00707033
296	0.00768068
297	0.00780275
298	0.00865725
299	0.00658205
300	0.00609377
301	0.00572756
302	0.00645998
303	0.00645998
304	0.00670412
305	0.00548342
306	0.00682619
307	0.00609377
308	0.00499514
309	0.004751
310	0.00426272
311	0.00401857
312	0.0038965
313	0.00304201
314	0.00340822
315	0.00255373
316	0.000722677
317	-0.000742167
318	-0.000375956
319	0.000234395
320	0.000234395
321	-0.000498027
322	-0.000253886
323	0.00206545
324	0.00218752
325	0.00206545
326	0.0026758
327	0.00243166
328	0.00328615
329	0.00340822
330	0.00340822
331	0.00328615
332	0.00291994
333	0.00328615
334	0.00133303
335	0.000600606
336	0.000600606
337	-0.000253886
338	-0.00147459
339	-0.00196287
340	-0.00147459
341	-0.00208494
342	-0.00257322
343	-0.00428221
344	-0.00440428
345	-0.00452635
346	-0.00550291
347	-0.00489256
348	-0.00477049
349	-0.00440428
350	-0.00477049
351	-0.00501463
352	-0.00464842
353	-0.00428221
354	-0.00550291
355	-0.00538084
356	-0.00562498
357	-0.00550291
358	-0.00611326
359	-0.00672361
360	-0.00660154
361	-0.00708982
362	-0.00733396
363	-0.00806639
364	-0.00794432
365	-0.00782225
366	-0.00855467
367	-0.00831053
368	-0.00855467
369	-0.00855467
370	-0.00879881
371	-0.00867674
372	-0.00916502
373	-0.00867674
374	-0.00904295
375	-0.00782225
376	-0.0084326
377	-0.00831053
378	-0.00806639
379	-0.00940916
380	-0.00977537
381	-0.00989744
382	-0.00928709
383	-0.00940916
384	-0.0096533
385	-0.00953123
386	-0.00904295
387	-0.0100195
388	-0.00928709
389	-0.00867674
390	-0.00782225
391	-0.00745603
392	-0.00977537
393	-0.0101416
394	-0.00867674
395	-0.00904295
396	-0.00977537
397	-0.00989744
398	-0.0107519
399	-0.0113623
400	-0.0116064
401	-0.0116064
402	-0.0102637
403	-0.0109961
404	-0.0128271
405	-0.0123388
406	-0.0133154
407	-0.0124609
408	-0.0127051
409	-0.0136816
410	-0.0133154
411	-0.0133154
412	-0.0135596
413	-0.0149023
414	-0.0157568
415	-0.0145361
416	-0.014414
417	-0.014292
418	-0.0145361
419	-0.014292
420	-0.0149023
421	-0.0147803
422	-0.0151465
423	-0.0149023
424	-0.0158789
425	-0.0150244
426	-0.0140478
427	-0.0156347
428	-0.0164892
429	-0.0158789
430	-0.0152685
431	-0.0158789
432	-0.016001
433	-0.0156347
434	-0.0147803
435	-0.014292
436	-0.0150244
437	-0.0153906
438	-0.0151465
439	-0.0149023
440	-0.0155127
441	-0.016001
442	-0.0156347
443	-0.0150244
444	-0.0156347
445	-0.0164892
446	-0.0168554
447	-0.0163672
448	-0.0168554
449	-0.0172217
450	-0.0166113
451	-0.0179541
452	-0.0181982
453	-0.0183203
454	-0.0177099
455	-0.0164892
456	-0.0163672
457	-0.0164892
458	-0.0166113
459	-0.0153906
460	-0.0147803
461	-0.0151465
462	-0.0152685
463	-0.0155127
464	-0.0147803
465	-0.0149023
466	-0.016001
467	-0.0155127
468	-0.016001
469	-0.0167334
470	-0.016123
471	-0.0167334
472	-0.0175879
473	-0.0168554
474	-0.0170996
475	-0.0169775
476	-0.0170996
477	-0.0164892
478	-0.0163672
479	-0.0162451
480	-0.0155127
481	-0.0151465
482	-0.0149023
483	-0.0149023
484	-0.0151465
485	-0.0157568
486	-0.0153906
487	-0.0151465
488	-0.0153906
489	-0.016123
490	-0.0163672
491	-0.0163672
492	-0.0156347
493	-0.0172217
494	-0.0170996
495	-0.0173437
496	-0.0170996
497	-0.0175879
498	-0.0174658
499	-0.0174658
500	-0.0177099
501	-0.0158789
502	-0.0163672
503	-0.0167334
504	-0.0177099
505	-0.0170996
506	-0.0162451
507	-0.0167334
508	-0.0170996
509	-0.0166113
510	-0.016001
511	-0.0168554
512	-0.0179541
513	-0.0168554
514	-0.0168554
515	-0.0174658
516	-0.0172217
517	-0.0172217
518	-0.0179541
519	-0.0186865
520	-0.0199072
521	-0.0185644
522	-0.0185644
523	-0.0174658
524	-0.0185644
525	-0.0190527
526	-0.0180762
527	-0.0175879
528	-0.0180762
529	-0.0180762
530	-0.0170996
531	-0.0179541
532	-0.0179541
533	-0.0180762
534	-0.0173437
535	-0.0177099
536	-0.0173437
537	-0.017832
538	-0.0168554
539	-0.0170996
540	-0.0168554
541	-0.0162451
542	-0.0156347
543	-0.0168554
544	-0.0169775
545	-0.0175879
546	-0.0166113
547	-0.0167334
548	-0.0175879
549	-0.0186865
550	-0.0188086
551	-0.0181982
552	-0.0179541
553	-0.0188086
554	-0.0180762
555	-0.0177099
556	-0.0177099
557	-0.0177099
558	-0.0173437
559	-0.0179541
560	-0.0174658
561	-0.0175879
562	-0.0179541
563	-0.0183203
564	-0.0191748
565	-0.0189306
566	-0.0185644
567	-0.0188086
568	-0.0184424
569	-0.0191748
570	-0.0185644
571	-0.0186865
572	-0.0180762
573	-0.017832
574	-0.0172217
575	-0.017832
576	-0.0173437
577	-0.0180762
578	-0.0179541
579	-0.0175879
580	-0.0174658
581	-0.0181982
582	-0.0173437
583	-0.0173437
584	-0.0184424
585	-0.0191748
586	-0.0192969
587	-0.0175879
588	-0.0180762
589	-0.0189306
590	-0.0186865
591	-0.0170996
592	-0.0175879
593	-0.0189306
594	-0.0177099
595	-0.016123
596	-0.0172217
597	-0.0172217
598	-0.0179541
599	-0.0179541
600	-0.0177099
601	-0.017832
602	-0.0184424
603	-0.0185644
604	-0.0179541
605	-0.017832
606	-0.0200293
607	-0.0196631
608	-0.0184424
609	-0.0188086
610	-0.0200293
611	-0.0199072
612	-0.0174658
613	-0.0183203
614	-0.0181982
615	-0.0188086
616	-0.0183203
617	-0.017832
618	-0.0179541
619	-0.0185644
620	-0.0177099
621	-0.0174658
622	-0.0172217
623	-0.0177099
624	-0.0172217
625	-0.0166113
626	-0.0168554
627	-0.0180762
628	-0.0183203
629	-0.0179541
630	-0.0174658
631	-0.0188086
632	-0.0190527
633	-0.0175879
634	-0.0177099
635	-0.0185644
636	-0.0190527
637	-0.0180762
638	-0.0166113
639	-0.0163672
640	-0.0162451
641	-0.0162451
642	-0.016001
643	-0.0169775
644	-0.0179541
645	-0.0177099
646	-0.0169775
647	-0.0177099
648	-0.017832
649	-0.0186865
650	-0.0184424
651	-0.0183203
652	-0.0189306
653	-0.0177099
654	-0.0174658
655	-0.0169775
656	-0.0175879
657	-0.0172217
658	-0.016123
659	-0.0162451
660	-0.0169775
661	-0.0164892
662	-0.0155127
663	-0.0153906
664	-0.0164892
665	-0.016123
666	-0.0166113
667	-0.0158789
668	-0.0168554
669	-0.0167334
670	-0.0175879
671	-0.0169775
672	-0.0169775
673	-0.0180762
674	-0.0167334
675	-0.016123
676	-0.0170996
677	-0.0184424
678	-0.0162451
679	-0.0172217
680	-0.0192969
681	-0.0188086
682	-0.0162451
683	-0.0153906
684	-0.0164892
685	-0.0173437
686	-0.016001
687	-0.0156347
688	-0.0163672
689	-0.0169775
690	-0.0157568
691	-0.0155127
692	-0.0149023
693	-0.0155127
694	-0.0169775
695	-0.0167334
696	-0.0163672
697	-0.0179541
698	-0.0179541
699	-0.016123
700	-0.0163672
701	-0.0179541
702	-0.0179541
703	-0.0166113
704	-0.016123
705	-0.0170996
706	-0.0183203
707	-0.0180762
708	-0.0175879
709	-0.0192969
710	-0.0186865
711	-0.0183203
712	-0.0174658
713	-0.0191748
714	-0.0202734
715	-0.0194189
716	-0.017832
717	-0.0173437
718	-0.0177099
719	-0.0181982
720	-0.017832
721	-0.0170996
722	-0.0172217
723	-0.0183203
724	-0.0166113
725	-0.0164892
726	-0.0173437
727	-0.0179541
728	-0.0172217
729	-0.0163672
730	-0.0189306
731	-0.0197851
732	-0.0186865
733	-0.0170996
734	-0.0179541
735	-0.0184424
736	-0.0188086
737	-0.0184424
738	-0.0185644
739	-0.0181982
740	-0.019541
741	-0.017832
742	-0.0186865
743	-0.0192969
744	-0.0183203
745	-0.0184424
746	-0.0180762
747	-0.0183203
748	-0.0196631
749	-0.0194189
750	-0.0172217
751	-0.0167334
752	-0.0181982
753	-0.017832
754	-0.0180762
755	-0.0170996
756	-0.016123
757	-0.016001
758	-0.0162451
759	-0.0167334
760	-0.0164892
761	-0.0158789
762	-0.016123
763	-0.0164892
764	-0.0169775
765	-0.0174658
766	-0.0183203
767	-0.0167334
768	-0.017832
769	-0.0170996
770	-0.0170996
771	-0.0172217
772	-0.0177099
773	-0.0177099
774	-0.0184424
775	-0.0186865
776	-0.0185644
777	-0.0179541
778	-0.0172217
779	-0.0172217
780	-0.0175879
781	-0.0173437
782	-0.0168554
783	-0.0172217
784	-0.0173437
785	-0.0180762
786	-0.0170996
787	-0.0167334
788	-0.016001
789	-0.0166113
790	-0.0188086
791	-0.0175879
792	-0.0175879
793	-0.0186865
794	-0.0181982
795	-0.016123
796	-0.0163672
797	-0.017832
798	-0.0162451
799	-0.0149023
800	-0.0157568
801	-0.0155127
802	-0.0149023
803	-0.0152685
804	-0.016001
805	-0.016001
806	-0.0162451
807	-0.0163672
808	-0.0158789
809	-0.0169775
810	-0.0180762
811	-0.0170996
812	-0.0158789
813	-0.017832
814	-0.0185644
815	-0.0170996
816	-0.0168554
817	-0.0177099
818	-0.0179541
819	-0.0169775
820	-0.0175879
821	-0.0183203
822	-0.0186865
823	-0.0172217
824	-0.0174658
825	-0.0175879
826	-0.0181982
827	-0.0162451
828	-0.0150244
829	-0.0145361
830	-0.0156347
831	-0.0168554
832	-0.0152685
833	-0.014414
834	-0.016123
835	-0.0166113
836	-0.0163672
837	-0.0169775
838	-0.0175879
839	-0.0173437
840	-0.0164892
841	-0.0157568
842	-0.0172217
843	-0.0177099
844	-0.0177099
845	-0.0153906
846	-0.0166113
847	-0.0172217
848	-0.016001
849	-0.0152685
850	-0.0158789
851	-0.0169775
852	-0.0177099
853	-0.0174658
854	-0.0175879
855	-0.0183203
856	-0.0185644
857	-0.0174658
858	-0.0170996
859	-0.0186865
860	-0.0188086
861	-0.0188086
862	-0.0180762
863	-0.0183203
864	-0.0184424
865	-0.0170996
866	-0.0147803
867	-0.0141699
868	-0.014414
869	-0.0155127
870	-0.0134375
871	-0.0129492
872	-0.014292
873	-0.0150244
874	-0.0140478
875	-0.0140478
876	-0.0152685
877	-0.0158789
878	-0.0168554
879	-0.0189306
880	-0.0191748
881	-0.017832
882	-0.0135596
883	-0.0135596
884	-0.0147803
885	-0.0147803
886	-0.0124609
887	-0.00892088
888	-0.00867674
889	-0.00879881
890	-0.00928709
891	-0.00977537
892	-0.00977537
893	-0.0100195
894	-0.0106299
895	-0.00953123
896	-0.0100195
897	-0.0102637
898	-0.010874
899	-0.012583
900	-0.012583
901	-0.0116064
902	-0.0106299
903	-0.00892088
904	-0.0096533
905	-0.0109961
906	-0.0124609
907	-0.0133154
908	-0.0105078
909	-0.0103857
910	-0.0100195
911	-0.010874
912	-0.0105078
913	-0.0103857
914	-0.0103857
915	-0.0113623
916	-0.0114844
917	-0.00989744
918	-0.00940916
919	-0.00916502
920	-0.00818846
921	-0.00867674
922	-0.00916502
923	-0.0105078
924	-0.0096533
925	-0.0101416
926	-0.00977537
927	-0.00855467
928	-0.00892088
929	-0.00953123
930	-0.00977537
931	-0.0109961
932	-0.0120947
933	-0.0114844
934	-0.0102637
935	-0.0102637
936	-0.0101416
937	-0.0109961
938	-0.0103857
939	-0.0106299
940	-0.0113623
941	-0.0116064
942	-0.0112402
943	-0.0120947
944	-0.0131933
945	-0.0130713
946	-0.0133154
947	-0.0139258
948	-0.016123
949	-0.0153906
950	-0.0140478
951	-0.0138037
952	-0.0140478
953	-0.0146582
954	-0.0140478
955	-0.0141699
956	-0.014292
957	-0.0146582
958	-0.014414
959	-0.0133154
960	-0.0139258
961	-0.0136816
962	-0.0133154
963	-0.0127051
964	-0.0129492
965	-0.0141699
966	-0.0145361
967	-0.0124609
968	-0.0140478
969	-0.0151465
970	-0.014414
971	-0.0133154
972	-0.0123388
973	-0.0139258
974	-0.0139258
975	-0.0140478
976	-0.0140478
977	-0.0150244
978	-0.0153906
979	-0.014414
980	-0.0141699
981	-0.0140478
982	-0.0150244
983	-0.0152685
984	-0.0146582
985	-0.0151465
986	-0.0163672
987	-0.0169775
988	-0.0156347
989	-0.0157568
990	-0.0155127
991	-0.016123
992	-0.0156347
993	-0.0147803
994	-0.0164892
995	-0.0173437
996	-0.0166113
997	-0.0162451
998	-0.0174658
999	-0.0168554
1000	-0.0173437
1001	-0.0163672
1002	-0.0163672
1003	-0.0169775
1004	-0.017832
1005	-0.0167334
1006	-0.0168554
1007	-0.0179541
1008	-0.0185644
1009	-0.0183203
1010	-0.0174658
1011	-0.017832
1012	-0.0177099
1013	-0.0164892
1014	-0.0170996
1015	-0.0181982
1016	-0.0175879
1017	-0.0168554
1018	-0.0152685
1019	-0.0157568
1020	-0.0164892
1021	-0.0152685
1022	-0.0152685
1023	-0.0155127
