0	0.00122795
1	0.00135354
2	0.000802463
3	0.000459
4	0.000205248
5	0.000356474
6	0.000400048
7	0.00041799
8	-0.00011771
9	-0.000579078
10	-0.00108658
11	-0.00101738
12	-0.000530378
13	-0.000476552
14	-0.000996873
15	-0.00109684
16	-0.000473989
17	-0.000420162
18	-0.00102507
19	-0.00101225
20	-0.000809762
21	-0.00079182
22	-0.00045861
23	-0.000209984
24	-1.26205e-05
25	6.1711e-05
26	-5.87574e-05
27	-0.000399657
28	-0.000530378
29	-0.00011771
30	0.000128353
31	-3.05626e-05
32	1.81373e-05
33	-3.05626e-05
34	-0.000520125
35	-0.000194605
36	0.000341095
37	0.000277016
38	-3.05626e-05
39	-0.000258684
40	-0.000168973
41	8.73426e-05
42	0.000246258
43	0.000487195
44	0.000294958
45	0.000184742
46	-4.93107e-06
47	0.00107928
48	0.00228909
49	0.00274277
50	0.00170982
51	0.00056409
52	0.000387232
53	0.000623042
54	0.0012869
55	0.00236599
56	0.00312725
57	0.00283505
58	0.00262743
59	0.00375778
60	0.00768454
61	0.0214923
62	0.0643687
63	0.171634
64	0.381852
65	0.712786
66	1.14477
67	1.62543
68	2.09263
69	2.49709
70	2.81263
71	3.03432
72	3.17128
73	3.23852
74	3.25387
75	3.23306
76	3.18899
77	3.13225
78	3.07088
79	3.0105
80	2.95408
81	2.90356
82	2.85986
83	2.8225
84	2.7904
85	2.76266
86	2.73868
87	2.71712
88	2.69714
89	2.67674
90	2.65455
91	2.63121
92	2.6104
93	2.59171
94	2.57279
95	2.55217
96	2.53018
97	2.50782
98	2.48568
99	2.46327
100	2.44065
101	2.4184
102	2.39676
103	2.37544
104	2.35446
105	2.33394
106	2.31388
107	2.2939
108	2.27366
109	2.25288
110	2.23207
111	2.21189
112	2.19322
113	2.17768
114	2.16781
115	2.16291
116	2.1546
117	2.1427
118	2.12304
119	2.10302
120	2.08265
121	2.06217
122	2.04221
123	2.0229
124	2.00351
125	1.98432
126	1.96535
127	1.9471
128	1.92962
129	1.91246
130	1.89577
131	1.87929
132	1.86315
133	1.84749
134	1.8327
135	1.82002
136	1.81016
137	1.80154
138	1.79299
139	1.78031
140	1.76498
141	1.74898
142	1.73269
143	1.71641
144	1.70011
145	1.68343
146	1.66654
147	1.65058
148	1.63586
149	1.62256
150	1.61004
151	1.59845
152	1.58715
153	1.57612
154	1.56481
155	1.55143
156	1.53664
157	1.52135
158	1.50574
159	1.49073
160	1.47665
161	1.46331
162	1.44995
163	1.43641
164	1.42271
165	1.40914
166	1.39513
167	1.38132
168	1.36819
169	1.35505
170	1.34195
171	1.32889
172	1.31596
173	1.30328
174	1.29115
175	1.2791
176	1.26702
177	1.25609
178	1.24693
179	1.24013
180	1.23561
181	1.23185
182	1.22002
183	1.20756
184	1.19543
185	1.18399
186	1.17233
187	1.16107
188	1.1502
189	1.13964
190	1.12963
191	1.11999
192	1.11167
193	1.10523
194	1.10076
195	1.09772
196	1.09515
197	1.0923
198	1.08582
199	1.07825
200	1.07097
201	1.06319
202	1.05467
203	1.04597
204	1.0369
205	1.02782
206	1.01869
207	1.00917
208	0.99907
209	0.988761
210	0.97898
211	0.970034
212	0.961771
213	0.953002
214	0.943806
215	0.935478
216	0.927437
217	0.919681
218	0.911566
219	0.9036
220	0.895759
221	0.888749
222	0.882877
223	0.878076
224	0.873457
225	0.871278
226	0.874331
227	0.883879
228	0.881564
229	0.877394
230	0.87306
231	0.867852
232	0.862669
233	0.857179
234	0.851109
235	0.844645
236	0.837765
237	0.830563
238	0.823194
239	0.815725
240	0.809122
241	0.803242
242	0.798226
243	0.792913
244	0.786897
245	0.78115
246	0.775752
247	0.770816
248	0.765635
249	0.759976
250	0.75376
251	0.747355
252	0.740786
253	0.734501
254	0.72857
255	0.722754
256	0.716705
257	0.711012
258	0.706091
259	0.701057
260	0.695956
261	0.69125
262	0.687136
263	0.682879
264	0.678516
265	0.673964
266	0.668922
267	0.663665
268	0.657665
269	0.651834
270	0.646303
271	0.641033
272	0.63626
273	0.632016
274	0.630029
275	0.631775
276	0.636886
277	0.633138
278	0.627035
279	0.621237
280	0.615419
281	0.610283
282	0.604785
283	0.599463
284	0.594342
285	0.58916
286	0.584141
287	0.580096
288	0.576152
289	0.572176
290	0.567655
291	0.562995
292	0.558053
293	0.553734
294	0.549669
295	0.545099
296	0.540442
297	0.536115
298	0.532278
299	0.528018
300	0.523994
301	0.520262
302	0.516307
303	0.512137
304	0.507882
305	0.503507
306	0.499206
307	0.494735
308	0.490314
309	0.486554
310	0.482601
311	0.47847
312	0.474851
313	0.471421
314	0.467499
315	0.463378
316	0.459369
317	0.455563
318	0.452046
319	0.44844
320	0.444721
321	0.440868
322	0.437398
323	0.43435
324	0.431431
325	0.428765
326	0.426048
327	0.423108
328	0.420263
329	0.416728
330	0.413678
331	0.410933
332	0.408257
333	0.405376
334	0.402544
335	0.399489
336	0.396797
337	0.394042
338	0.390892
339	0.387467
340	0.383641
341	0.380057
342	0.376828
343	0.374083
344	0.371471
345	0.368351
346	0.365096
347	0.362477
348	0.360136
349	0.358006
350	0.355579
351	0.352975
352	0.350714
353	0.348548
354	0.346311
355	0.343614
356	0.340933
357	0.339452
358	0.339682
359	0.34253
360	0.347533
361	0.354951
362	0.355738
363	0.353693
364	0.35137
365	0.349164
366	0.346657
367	0.344145
368	0.341533
369	0.339021
370	0.336873
371	0.334907
372	0.332682
373	0.330622
374	0.32871
375	0.326623
376	0.324724
377	0.323286
378	0.321453
379	0.319298
380	0.316906
381	0.314018
382	0.311803
383	0.309991
384	0.307364
385	0.304603
386	0.301827
387	0.299185
388	0.297175
389	0.295606
390	0.294086
391	0.292474
392	0.290557
393	0.289186
394	0.289411
395	0.291387
396	0.294153
397	0.295814
398	0.296542
399	0.29665
400	0.29587
401	0.294448
402	0.292938
403	0.291208
404	0.289365
405	0.286858
406	0.284139
407	0.282058
408	0.27971
409	0.277616
410	0.275045
411	0.272284
412	0.270367
413	0.269472
414	0.268247
415	0.266617
416	0.26418
417	0.261578
418	0.259584
419	0.25801
420	0.256247
421	0.254716
422	0.253079
423	0.251287
424	0.249541
425	0.247947
426	0.246696
427	0.245307
428	0.243908
429	0.242547
430	0.241462
431	0.239612
432	0.236846
433	0.234552
434	0.23315
435	0.231856
436	0.230318
437	0.228352
438	0.226104
439	0.224192
440	0.222803
441	0.221301
442	0.219752
443	0.218163
444	0.216743
445	0.215682
446	0.2145
447	0.214229
448	0.213747
449	0.213852
450	0.214375
451	0.214639
452	0.213985
453	0.212811
454	0.211179
455	0.210184
456	0.209492
457	0.208485
458	0.206491
459	0.204658
460	0.20394
461	0.204271
462	0.205155
463	0.206573
464	0.208093
465	0.208797
466	0.208105
467	0.206829
468	0.206034
469	0.2095
470	0.220806
471	0.235298
472	0.236949
473	0.237992
474	0.238402
475	0.238643
476	0.239212
477	0.238699
478	0.237687
479	0.237095
480	0.235923
481	0.233996
482	0.231915
483	0.229597
484	0.226898
485	0.224804
486	0.223079
487	0.22128
488	0.219596
489	0.218384
490	0.217087
491	0.215539
492	0.214624
493	0.21328
494	0.211322
495	0.209405
496	0.208213
497	0.206749
498	0.204819
499	0.202728
500	0.200572
501	0.198811
502	0.197535
503	0.196356
504	0.195287
505	0.194234
506	0.193429
507	0.192983
508	0.191378
509	0.189535
510	0.1881
511	0.187036
512	0.186429
513	0.186436
514	0.186624
515	0.185801
516	0.184504
517	0.183304
518	0.181638
519	0.17968
520	0.178006
521	0.176796
522	0.175992
523	0.17512
524	0.17379
525	0.172442
526	0.172088
527	0.175346
528	0.182623
529	0.192101
530	0.192419
531	0.191094
532	0.189569
533	0.1879
534	0.185857
535	0.184517
536	0.183438
537	0.182592
538	0.181913
539	0.18091
540	0.17978
541	0.178796
542	0.177919
543	0.177212
544	0.177045
545	0.176632
546	0.174567
547	0.172849
548	0.172175
549	0.171455
550	0.170283
551	0.169192
552	0.168771
553	0.168653
554	0.167984
555	0.166995
556	0.16537
557	0.163673
558	0.162222
559	0.161092
560	0.160354
561	0.159631
562	0.159375
563	0.159126
564	0.158729
565	0.158006
566	0.156501
567	0.154912
568	0.154466
569	0.155235
570	0.155345
571	0.154292
572	0.15309
573	0.152357
574	0.151901
575	0.151216
576	0.151139
577	0.151244
578	0.150504
579	0.149012
580	0.147515
581	0.146672
582	0.145526
583	0.14449
584	0.143252
585	0.141889
586	0.141853
587	0.142143
588	0.142189
589	0.141817
590	0.141235
591	0.140289
592	0.139346
593	0.138826
594	0.138762
595	0.138587
596	0.138085
597	0.137062
598	0.136319
599	0.135514
600	0.134966
601	0.134312
602	0.133899
603	0.133674
604	0.133248
605	0.132085
606	0.131093
607	0.130688
608	0.131869
609	0.134422
610	0.137165
611	0.139749
612	0.141745
613	0.143816
614	0.14601
615	0.148138
616	0.149855
617	0.152157
618	0.155399
619	0.158142
620	0.161154
621	0.164588
622	0.167851
623	0.16933
624	0.169776
625	0.171222
626	0.172495
627	0.173562
628	0.173762
629	0.173716
630	0.174105
631	0.17469
632	0.174218
633	0.174218
634	0.174182
635	0.173928
636	0.173364
637	0.173531
638	0.175484
639	0.178624
640	0.183053
641	0.188364
642	0.194428
643	0.200475
644	0.204425
645	0.205904
646	0.204889
647	0.204261
648	0.204514
649	0.203922
650	0.202282
651	0.200272
652	0.198332
653	0.19623
654	0.193621
655	0.191386
656	0.189738
657	0.188105
658	0.186931
659	0.186595
660	0.186657
661	0.186562
662	0.186485
663	0.187275
664	0.190027
665	0.196048
666	0.205314
667	0.218279
668	0.217671
669	0.216918
670	0.21551
671	0.213806
672	0.212127
673	0.21092
674	0.209241
675	0.207208
676	0.205476
677	0.204058
678	0.203082
679	0.20209
680	0.201116
681	0.200911
682	0.200757
683	0.200726
684	0.200847
685	0.200516
686	0.19999
687	0.199396
688	0.199191
689	0.198414
690	0.197945
691	0.198355
692	0.198601
693	0.198183
694	0.197284
695	0.196464
696	0.197084
697	0.199811
698	0.203456
699	0.207016
700	0.210471
701	0.212909
702	0.213896
703	0.21184
704	0.210238
705	0.208862
706	0.20789
707	0.207316
708	0.205232
709	0.202251
710	0.200126
711	0.199004
712	0.198306
713	0.197281
714	0.195282
715	0.192875
716	0.19114
717	0.188974
718	0.186549
719	0.184604
720	0.183881
721	0.184555
722	0.185086
723	0.186131
724	0.187387
725	0.187813
726	0.188264
727	0.187949
728	0.187651
729	0.187674
730	0.188336
731	0.189146
732	0.189174
733	0.189182
734	0.188151
735	0.186921
736	0.186252
737	0.185345
738	0.184729
739	0.183299
740	0.181369
741	0.179406
742	0.178234
743	0.17715
744	0.175194
745	0.173106
746	0.171516
747	0.17075
748	0.170517
749	0.16923
750	0.167879
751	0.167405
752	0.165913
753	0.163932
754	0.162704
755	0.162632
756	0.161987
757	0.160538
758	0.159139
759	0.15991
760	0.165485
761	0.177043
762	0.185691
763	0.185614
764	0.185652
765	0.18516
766	0.183781
767	0.182289
768	0.181505
769	0.180726
770	0.179544
771	0.178683
772	0.178199
773	0.178101
774	0.177586
775	0.177545
776	0.17817
777	0.179434
778	0.180077
779	0.179747
780	0.178744
781	0.177422
782	0.176063
783	0.174597
784	0.173539
785	0.172501
786	0.171393
787	0.169922
788	0.1677
789	0.16629
790	0.165431
791	0.164373
792	0.163286
793	0.162333
794	0.16141
795	0.160669
796	0.159862
797	0.158813
798	0.157398
799	0.156483
800	0.155848
801	0.155679
802	0.157939
803	0.164073
804	0.173974
805	0.177458
806	0.176515
807	0.175487
808	0.174443
809	0.172859
810	0.171601
811	0.171732
812	0.171463
813	0.170373
814	0.16982
815	0.169855
816	0.169694
817	0.169689
818	0.170207
819	0.170553
820	0.16982
821	0.168787
822	0.167456
823	0.166405
824	0.165813
825	0.165014
826	0.164119
827	0.163476
828	0.163061
829	0.161997
830	0.160613
831	0.159082
832	0.157891
833	0.158075
834	0.157968
835	0.156353
836	0.154738
837	0.153559
838	0.152675
839	0.151775
840	0.151126
841	0.149901
842	0.148448
843	0.147812
844	0.147689
845	0.147438
846	0.147256
847	0.147315
848	0.146577
849	0.145088
850	0.143486
851	0.142783
852	0.143004
853	0.14284
854	0.142655
855	0.142071
856	0.141207
857	0.140189
858	0.14031
859	0.140943
860	0.140374
861	0.139139
862	0.137803
863	0.137672
864	0.138077
865	0.138267
866	0.138754
867	0.13961
868	0.140738
869	0.140594
870	0.139313
871	0.138159
872	0.138029
873	0.137675
874	0.137793
875	0.138398
876	0.140125
877	0.142381
878	0.143957
879	0.144675
880	0.14467
881	0.144357
882	0.143944
883	0.144114
884	0.14476
885	0.144801
886	0.143078
887	0.140938
888	0.139713
889	0.139377
890	0.13921
891	0.139628
892	0.139746
893	0.139067
894	0.137314
895	0.13534
896	0.134138
897	0.134269
898	0.137214
899	0.147028
900	0.159908
901	0.158414
902	0.157111
903	0.156819
904	0.156401
905	0.155517
906	0.154535
907	0.153705
908	0.153231
909	0.153487
910	0.152859
911	0.151865
912	0.15148
913	0.151762
914	0.150942
915	0.149414
916	0.148486
917	0.147694
918	0.146454
919	0.144711
920	0.14314
921	0.142245
922	0.141597
923	0.14061
924	0.138564
925	0.136458
926	0.135025
927	0.134884
928	0.13465
929	0.134202
930	0.133133
931	0.131526
932	0.130783
933	0.13056
934	0.130357
935	0.129742
936	0.128742
937	0.127545
938	0.126079
939	0.12459
940	0.123778
941	0.123283
942	0.122962
943	0.122365
944	0.12092
945	0.11952
946	0.118618
947	0.118226
948	0.117816
949	0.117344
950	0.117021
951	0.116247
952	0.114978
953	0.114117
954	0.11372
955	0.1128
956	0.111936
957	0.111918
958	0.111803
959	0.111226
960	0.110157
961	0.109508
962	0.108839
963	0.107904
964	0.106346
965	0.105541
966	0.105307
967	0.105802
968	0.107689
969	0.112743
970	0.122996
971	0.131013
972	0.131754
973	0.131992
974	0.131347
975	0.13079
976	0.130339
977	0.130091
978	0.12965
979	0.129009
980	0.12812
981	0.127366
982	0.126735
983	0.126328
984	0.126082
985	0.125851
986	0.1264
987	0.127253
988	0.128009
989	0.127971
990	0.127489
991	0.126587
992	0.126018
993	0.125882
994	0.124982
995	0.124318
996	0.123578
997	0.122855
998	0.122857
999	0.122311
1000	0.121755
1001	0.121358
1002	0.120756
1003	0.120784
1004	0.121086
1005	0.123478
1006	0.130239
1007	0.141258
1008	0.146884
1009	0.146174
1010	0.145739
1011	0.145472
1012	0.145652
1013	0.14571
1014	0.145336
1015	0.145018
1016	0.144531
1017	0.143847
1018	0.143757
1019	0.143637
1020	0.143839
1021	0.14447
1022	0.144193
1023	0.143537
