0	-9.57066e-05
1	7.8588e-05
2	0.00020162
3	0.000111909
4	5.03933e-05
5	8.11512e-05
6	-1.88119e-05
7	6.57722e-05
8	0.000129851
9	0.000250319
10	0.000119599
11	0.000111909
12	4.27038e-05
13	-8.28908e-05
14	-8.28908e-05
15	-0.000149533
16	4.27038e-05
17	4.27038e-05
18	0.000106783
19	9.3967e-05
20	9.90933e-05
21	0.000150356
22	0.000209309
23	0.00019393
24	0.000173425
25	1.1946e-05
26	4.78301e-05
27	0.000132414
28	6.81965e-06
29	-9.82698e-05
30	-0.000126464
31	-3.6754e-05
32	-0.000154659
33	-9.05803e-05
34	-9.05803e-05
35	-3.93172e-05
36	-4.95698e-05
37	0.000178551
38	-0.000108522
39	-6.75119e-05
40	-9.31434e-05
41	-0.00018798
42	-0.000190543
43	-0.000162349
44	-0.000136717
45	-0.000172601
46	-0.000144407
47	-7.0075e-05
48	-0.000182854
49	-0.000100833
50	-0.000211049
51	-6.75119e-05
52	4.27038e-05
53	-0.000111086
54	-0.000277691
55	9.3828e-06
56	0.000545082
57	0.00231622
58	0.00853957
59	0.0286347
60	0.0789469
61	0.169547
62	0.293719
63	0.433437
64	0.572337
65	0.70196
66	0.818961
67	0.922335
68	1.01109
69	1.08545
70	1.14618
71	1.19462
72	1.23263
73	1.26171
74	1.28367
75	1.29987
76	1.31146
77	1.31919
78	1.3245
79	1.32784
80	1.33123
81	1.33634
82	1.34434
83	1.35438
84	1.3651
85	1.37526
86	1.38389
87	1.39086
88	1.39583
89	1.39882
90	1.40001
91	1.39947
92	1.39714
93	1.39338
94	1.38841
95	1.38255
96	1.37615
97	1.36917
98	1.36193
99	1.35463
100	1.34709
101	1.33942
102	1.33213
103	1.32483
104	1.31765
105	1.31055
106	1.30315
107	1.29547
108	1.28776
109	1.27976
110	1.27135
111	1.26293
112	1.25444
113	1.24586
114	1.23739
115	1.22868
116	1.21999
117	1.21109
118	1.20213
119	1.19288
120	1.18329
121	1.1738
122	1.16408
123	1.15467
124	1.14505
125	1.13537
126	1.12571
127	1.11606
128	1.10654
129	1.09699
130	1.08742
131	1.07775
132	1.06823
133	1.05853
134	1.04917
135	1.03983
136	1.0307
137	1.02133
138	1.01211
139	1.00304
140	0.993832
141	0.984843
142	0.975772
143	0.966722
144	0.957899
145	0.94888
146	0.939862
147	0.930878
148	0.922077
149	0.913377
150	0.904624
151	0.896032
152	0.887551
153	0.879128
154	0.870842
155	0.862545
156	0.854209
157	0.846043
158	0.837577
159	0.828952
160	0.820424
161	0.812035
162	0.803659
163	0.795249
164	0.787062
165	0.778891
166	0.770633
167	0.762433
168	0.754287
169	0.746113
170	0.737837
171	0.729743
172	0.72162
173	0.71373
174	0.705923
175	0.69838
176	0.690788
177	0.683196
178	0.675586
179	0.667888
180	0.660545
181	0.653353
182	0.646066
183	0.639066
184	0.631922
185	0.62505
186	0.618125
187	0.611412
188	0.604825
189	0.598432
190	0.592052
191	0.585527
192	0.579031
193	0.572554
194	0.566162
195	0.559698
196	0.553236
197	0.54692
198	0.540651
199	0.534351
200	0.528186
201	0.522001
202	0.51564
203	0.509529
204	0.503577
205	0.49772
206	0.492133
207	0.486594
208	0.481088
209	0.475611
210	0.470128
211	0.464863
212	0.459686
213	0.454454
214	0.449336
215	0.444504
216	0.439834
217	0.435349
218	0.430825
219	0.426493
220	0.422056
221	0.417284
222	0.412547
223	0.408041
224	0.403635
225	0.399285
226	0.395094
227	0.390883
228	0.386695
229	0.382689
230	0.378718
231	0.374627
232	0.370593
233	0.366556
234	0.362732
235	0.358946
236	0.355124
237	0.351167
238	0.347268
239	0.343401
240	0.339633
241	0.335688
242	0.331774
243	0.328175
244	0.324513
245	0.32077
246	0.317126
247	0.313747
248	0.31022
249	0.306717
250	0.303182
251	0.299878
252	0.296515
253	0.293073
254	0.289533
255	0.286142
256	0.282823
257	0.279509
258	0.276228
259	0.272955
260	0.269682
261	0.266447
262	0.263289
263	0.26028
264	0.257391
265	0.254554
266	0.251614
267	0.248892
268	0.246067
269	0.243268
270	0.240551
271	0.238139
272	0.23564
273	0.233059
274	0.230591
275	0.227938
276	0.225336
277	0.222671
278	0.220146
279	0.217521
280	0.214748
281	0.211962
282	0.209304
283	0.206561
284	0.203742
285	0.201133
286	0.198685
287	0.196152
288	0.193751
289	0.191264
290	0.188942
291	0.186684
292	0.184241
293	0.181999
294	0.179951
295	0.177785
296	0.175475
297	0.173348
298	0.171349
299	0.169042
300	0.166866
301	0.164492
302	0.162355
303	0.160342
304	0.158277
305	0.156316
306	0.154422
307	0.152761
308	0.150887
309	0.149198
310	0.147527
311	0.145679
312	0.143787
313	0.141911
314	0.139922
315	0.137961
316	0.13589
317	0.134134
318	0.132445
319	0.130733
320	0.129116
321	0.127521
322	0.125868
323	0.12432
324	0.122733
325	0.120921
326	0.119276
327	0.117697
328	0.116143
329	0.11467
330	0.113096
331	0.111589
332	0.110158
333	0.108721
334	0.107152
335	0.105711
336	0.104348
337	0.102879
338	0.101567
339	0.100049
340	0.098514
341	0.0971299
342	0.0956766
343	0.0943028
344	0.0929187
345	0.0914449
346	0.090171
347	0.0888714
348	0.0875514
349	0.0862724
350	0.0853856
351	0.0841091
352	0.0830761
353	0.0820816
354	0.081
355	0.0799235
356	0.0788931
357	0.0779755
358	0.0768887
359	0.0757378
360	0.074769
361	0.0738539
362	0.0727876
363	0.0717419
364	0.0707294
365	0.0697093
366	0.0684636
367	0.0673461
368	0.066349
369	0.0652212
370	0.0641472
371	0.063022
372	0.0619737
373	0.0609433
374	0.0598873
375	0.0588851
376	0.0578829
377	0.0569576
378	0.0560477
379	0.055066
380	0.0542022
381	0.0532743
382	0.0521235
383	0.051393
384	0.0505574
385	0.0497218
386	0.0487991
387	0.047984
388	0.0469382
389	0.0460924
390	0.0452183
391	0.044534
392	0.0439111
393	0.0433575
394	0.0430038
395	0.0427141
396	0.0424014
397	0.0419401
398	0.0413864
399	0.040925
400	0.040192
401	0.0395358
402	0.0389617
403	0.038508
404	0.0376596
405	0.0368342
406	0.0361422
407	0.0356731
408	0.0349913
409	0.0342531
410	0.0337123
411	0.0332125
412	0.0326922
413	0.0321796
414	0.0317208
415	0.0311876
416	0.0307647
417	0.0302316
418	0.0294908
419	0.0289013
420	0.0283989
421	0.0275249
422	0.0269302
423	0.026233
424	0.025623
425	0.0250463
426	0.0242825
427	0.0236801
428	0.0231906
429	0.0226344
430	0.0220987
431	0.0215809
432	0.0209247
433	0.0202532
434	0.0195099
435	0.0188229
436	0.0183641
437	0.0176618
438	0.0170749
439	0.0163162
440	0.01566
441	0.0150372
442	0.0143707
443	0.0137992
444	0.0132532
445	0.0127175
446	0.0121844
447	0.0118742
448	0.0113385
449	0.0108387
450	0.0101928
451	0.00966223
452	0.0091496
453	0.00866772
454	0.00806795
455	0.00766553
456	0.00714265
457	0.00656081
458	0.00608406
459	0.00590721
460	0.00569446
461	0.00534587
462	0.00514595
463	0.00493064
464	0.0046
465	0.00420014
466	0.00387462
467	0.00355166
468	0.00337481
469	0.00352347
470	0.00351578
471	0.00357473
472	0.00363625
473	0.00373621
474	0.00373365
475	0.00367982
476	0.00365932
477	0.00351578
478	0.00316975
479	0.00283654
480	0.00255716
481	0.00221113
482	0.00183948
483	0.00133197
484	0.00092443
485	0.00058353
486	0.000263135
487	-7.0075e-05
488	-0.000367401
489	-0.000718554
490	-0.00103382
491	-0.00133627
492	-0.00153876
493	-0.00208215
494	-0.00233078
495	-0.00249995
496	-0.00279471
497	-0.00302796
498	-0.00343037
499	-0.00387636
500	-0.00424802
501	-0.00461455
502	-0.00492213
503	-0.00540144
504	-0.00568595
505	-0.00596277
506	-0.00634468
507	-0.00668814
508	-0.00699572
509	-0.00726485
510	-0.00763651
511	-0.00797741
512	-0.00823373
513	-0.00846954
514	-0.00883607
515	-0.00911033
516	-0.00956144
517	-0.0101176
518	-0.0105688
519	-0.0110481
520	-0.0115915
521	-0.0119401
522	-0.0119119
523	-0.0115812
524	-0.0113659
525	-0.0108097
526	-0.0102022
527	-0.00950762
528	-0.00916672
529	-0.00866946
530	-0.00840546
531	-0.00825167
532	-0.00812864
533	-0.00797997
534	-0.00800048
535	-0.00801842
536	-0.00813376
537	-0.00819528
538	-0.00831575
539	-0.00859257
540	-0.00884632
541	-0.00910264
542	-0.00922054
543	-0.00948711
544	-0.00982801
545	-0.0101433
546	-0.0102971
547	-0.0105765
548	-0.0107482
549	-0.0109584
550	-0.0111147
551	-0.0112736
552	-0.0115018
553	-0.0117632
554	-0.0120375
555	-0.0125014
556	-0.0127961
557	-0.013014
558	-0.0133549
559	-0.0138086
560	-0.0141623
561	-0.0145058
562	-0.0146775
563	-0.0150722
564	-0.015349
565	-0.0157284
566	-0.0161436
567	-0.0162949
568	-0.016646
569	-0.0168511
570	-0.0171766
571	-0.0174175
572	-0.0177994
573	-0.0180762
574	-0.0184633
575	-0.0185812
576	-0.0187068
577	-0.0189657
578	-0.0195039
579	-0.0197884
580	-0.0200653
581	-0.0203985
582	-0.0205241
583	-0.0206881
584	-0.0210777
585	-0.0213468
586	-0.0217672
587	-0.0220543
588	-0.0223618
589	-0.0227386
590	-0.0231052
591	-0.0233666
592	-0.0236665
593	-0.0239689
594	-0.0243457
595	-0.0245508
596	-0.0247635
597	-0.0250762
598	-0.0252198
599	-0.0252941
600	-0.0256376
601	-0.0259503
602	-0.0262527
603	-0.0264373
604	-0.0267551
605	-0.0268858
606	-0.0270652
607	-0.0273216
608	-0.027624
609	-0.0280444
610	-0.0282494
611	-0.0283673
612	-0.0283724
613	-0.0286134
614	-0.028657
615	-0.0286775
616	-0.0287928
617	-0.0288851
618	-0.0288594
619	-0.0287672
620	-0.0286467
621	-0.0285954
622	-0.0286595
623	-0.0286698
624	-0.0287057
625	-0.0288979
626	-0.0289953
627	-0.0288569
628	-0.0287749
629	-0.028903
630	-0.0288492
631	-0.029044
632	-0.0289953
633	-0.0289722
634	-0.0289902
635	-0.028985
636	-0.0286723
637	-0.0282212
638	-0.0278803
639	-0.0271678
640	-0.0264193
641	-0.0258657
642	-0.0254017
643	-0.024984
644	-0.0246046
645	-0.0245738
646	-0.0245867
647	-0.0244329
648	-0.0243867
649	-0.0242868
650	-0.0243919
651	-0.02462
652	-0.0246661
653	-0.0248148
654	-0.0250942
655	-0.0252146
656	-0.0254299
657	-0.0253889
658	-0.0255889
659	-0.0255965
660	-0.0255555
661	-0.0255043
662	-0.0254838
663	-0.0253043
664	-0.0248097
665	-0.0242842
666	-0.0237485
667	-0.0232846
668	-0.0228309
669	-0.0225156
670	-0.0223618
671	-0.0220696
672	-0.0219338
673	-0.0218056
674	-0.0218005
675	-0.0218672
676	-0.021944
677	-0.0222619
678	-0.0223516
679	-0.0222824
680	-0.02249
681	-0.0224926
682	-0.0226771
683	-0.0227643
684	-0.0230334
685	-0.0230334
686	-0.0231846
687	-0.0235127
688	-0.02381
689	-0.0238792
690	-0.0238459
691	-0.0241279
692	-0.0244252
693	-0.0246072
694	-0.0249301
695	-0.0251326
696	-0.0254223
697	-0.0255837
698	-0.0258144
699	-0.0259016
700	-0.0261656
701	-0.0263911
702	-0.0265654
703	-0.0266859
704	-0.0268986
705	-0.0271934
706	-0.0273062
707	-0.0274215
708	-0.0275702
709	-0.0275984
710	-0.0275574
711	-0.0275548
712	-0.0278265
713	-0.0277906
714	-0.0279982
715	-0.0280008
716	-0.0279982
717	-0.0278393
718	-0.0279777
719	-0.0282315
720	-0.028275
721	-0.0283109
722	-0.0281571
723	-0.0279008
724	-0.0276138
725	-0.0275035
726	-0.0272934
727	-0.0268909
728	-0.0267807
729	-0.0266398
730	-0.0264296
731	-0.026327
732	-0.0263578
733	-0.0263757
734	-0.0265424
735	-0.0268346
736	-0.0269807
737	-0.0271908
738	-0.0274548
739	-0.0277752
740	-0.0278009
741	-0.0278778
742	-0.0280059
743	-0.0283263
744	-0.0285109
745	-0.0287108
746	-0.0289594
747	-0.0289979
748	-0.0291414
749	-0.029267
750	-0.0293798
751	-0.0294464
752	-0.0295336
753	-0.029654
754	-0.0299001
755	-0.0298719
756	-0.0287595
757	-0.0256709
758	-0.0209239
759	-0.0155849
760	-0.0105841
761	-0.00621396
762	-0.00371488
763	-0.00248713
764	-0.00191555
765	-0.00150544
766	-0.00126194
767	-0.0010005
768	-0.000800575
769	-0.000841586
770	-0.000964617
771	-0.00108509
772	-0.00108509
773	-0.0010774
774	-0.00130552
775	-0.00142855
776	-0.00166949
777	-0.00163873
778	-0.00164129
779	-0.00139779
780	-0.00112353
781	-0.00100306
782	-0.000864654
783	-0.000882596
784	-0.0010287
785	-0.00124913
786	-0.00157209
787	-0.00189248
788	-0.0020232
789	-0.00231027
790	-0.0025589
791	-0.00264861
792	-0.00272807
793	-0.00286904
794	-0.00309716
795	-0.00329965
796	-0.00346882
797	-0.00354315
798	-0.00368925
799	-0.00398145
800	-0.00403784
801	-0.0042634
802	-0.00436336
803	-0.00443513
804	-0.00457098
805	-0.00489394
806	-0.00491188
807	-0.00507592
808	-0.00509642
809	-0.00494776
810	-0.00496827
811	-0.00517845
812	-0.0053066
813	-0.00522715
814	-0.0053066
815	-0.00527328
816	-0.00543989
817	-0.00532455
818	-0.00532967
819	-0.00550909
820	-0.00558599
821	-0.00535018
822	-0.0054322
823	-0.00557317
824	-0.00565007
825	-0.00560649
826	-0.00578848
827	-0.00583461
828	-0.00599866
829	-0.00620627
830	-0.00630367
831	-0.00614476
832	-0.00609349
833	-0.00624728
834	-0.00631136
835	-0.00643439
836	-0.00655999
837	-0.00658818
838	-0.00652667
839	-0.00644721
840	-0.0067676
841	-0.00682399
842	-0.00674453
843	-0.00679067
844	-0.00682399
845	-0.00690858
846	-0.00712901
847	-0.00719309
848	-0.0074289
849	-0.00762626
850	-0.00760063
851	-0.00768009
852	-0.00769547
853	-0.00782875
854	-0.00805174
855	-0.00797485
856	-0.00802355
857	-0.00814914
858	-0.00831831
859	-0.00863614
860	-0.00877968
861	-0.00889502
862	-0.00895397
863	-0.0090078
864	-0.00913596
865	-0.00930769
866	-0.00952556
867	-0.00955888
868	-0.00958964
869	-0.00964346
870	-0.00963321
871	-0.00978956
872	-0.00980238
873	-0.00991003
874	-0.010192
875	-0.0103945
876	-0.0103432
877	-0.0102714
878	-0.0104509
879	-0.0106021
880	-0.0107072
881	-0.0107764
882	-0.0109584
883	-0.0111865
884	-0.0111429
885	-0.0113633
886	-0.0115735
887	-0.0117504
888	-0.0119195
889	-0.0119221
890	-0.012122
891	-0.0123117
892	-0.0124245
893	-0.0126321
894	-0.012832
895	-0.0130294
896	-0.0131986
897	-0.013419
898	-0.0136881
899	-0.0140239
900	-0.0142264
901	-0.0143725
902	-0.0145186
903	-0.0146262
904	-0.0148339
905	-0.0149594
906	-0.0150825
907	-0.0152696
908	-0.0151799
909	-0.0153542
910	-0.0154593
911	-0.0157079
912	-0.0159616
913	-0.0162282
914	-0.0165435
915	-0.0168895
916	-0.017297
917	-0.0174508
918	-0.0178584
919	-0.0180968
920	-0.0184402
921	-0.0187273
922	-0.0190221
923	-0.0193835
924	-0.0198423
925	-0.0198653
926	-0.0199268
927	-0.0201165
928	-0.0201729
929	-0.0204292
930	-0.0206753
931	-0.0209777
932	-0.0209803
933	-0.0211546
934	-0.0217082
935	-0.021839
936	-0.0221004
937	-0.0225259
938	-0.0228001
939	-0.0230411
940	-0.0232308
941	-0.0233845
942	-0.0233974
943	-0.0235665
944	-0.0239074
945	-0.0242381
946	-0.0246687
947	-0.024866
948	-0.0252403
949	-0.0255068
950	-0.0259554
951	-0.0263065
952	-0.0265526
953	-0.0268858
954	-0.0270396
955	-0.0274266
956	-0.0277368
957	-0.0280315
958	-0.0284622
959	-0.0287159
960	-0.0288466
961	-0.029185
962	-0.029531
963	-0.0296361
964	-0.0296745
965	-0.029631
966	-0.0298155
967	-0.0299078
968	-0.0299052
969	-0.0297822
970	-0.0297284
971	-0.0297463
972	-0.0296873
973	-0.0296105
974	-0.0298027
975	-0.0298206
976	-0.0298821
977	-0.030059
978	-0.0302948
979	-0.0304794
980	-0.0306255
981	-0.0307716
982	-0.0308972
983	-0.0310022
984	-0.0308741
985	-0.0308664
986	-0.0308843
987	-0.0306255
988	-0.0305357
989	-0.0303922
990	-0.0304614
991	-0.0305409
992	-0.0304922
993	-0.0304358
994	-0.0305691
995	-0.0306742
996	-0.0309202
997	-0.0309587
998	-0.0310612
999	-0.0310381
1000	-0.0311919
1001	-0.0312227
1002	-0.0311407
1003	-0.0309638
1004	-0.0309561
1005	-0.0309048
1006	-0.0308305
1007	-0.0307767
1008	-0.030646
1009	-0.030646
1010	-0.0306383
1011	-0.0307024
1012	-0.03081
1013	-0.0310561
1014	-0.0311868
1015	-0.0314303
1016	-0.0316302
1017	-0.0318737
1018	-0.0320454
1019	-0.0321557
1020	-0.0322761
1021	-0.0326068
1022	-0.0327042
1023	-0.0329092
