0	8.935e-05
1	9.70395e-05
2	0.000248266
3	0.000214945
4	0.000258518
5	0.000155992
6	0.000109855
7	8.16606e-05
8	1.50185e-05
9	0.000102166
10	1.75816e-05
11	0.000102166
12	9.19132e-05
13	6.88448e-05
14	0.000255955
15	0.000291839
16	0.000327724
17	0.000281587
18	0.00022776
19	8.42237e-05
20	-2.85552e-05
21	7.39711e-05
22	8.67869e-05
23	0.000109855
24	6.11553e-05
25	4.32132e-05
26	-8.49446e-05
27	-0.000100324
28	-0.000143897
29	-0.00014646
30	-0.000108013
31	-0.000115702
32	-1.83025e-05
33	2.01448e-05
34	-0.000192597
35	-0.00034126
36	-0.000136208
37	-2.85552e-05
38	-0.000118266
39	-0.000156713
40	-0.000123392
41	-0.000266929
42	-0.000266929
43	-0.000269492
44	-0.000131081
45	-5.16236e-05
46	-0.000136208
47	-2.85552e-05
48	-0.000215666
49	-0.000307939
50	-0.000236171
51	-0.000172092
52	-0.000200287
53	-0.000100324
54	-0.000164402
55	0.00032516
56	0.00136068
57	0.00483119
58	0.0156349
59	0.0440731
60	0.103505
61	0.198872
62	0.319564
63	0.449398
64	0.575564
65	0.692054
66	0.796554
67	0.88871
68	0.968311
69	1.03555
70	1.09117
71	1.1362
72	1.17175
73	1.19957
74	1.22118
75	1.23756
76	1.24982
77	1.25903
78	1.26611
79	1.27211
80	1.27917
81	1.28851
82	1.29975
83	1.31177
84	1.32349
85	1.33368
86	1.34194
87	1.34827
88	1.3528
89	1.35572
90	1.35677
91	1.3562
92	1.35453
93	1.35134
94	1.34724
95	1.34212
96	1.33667
97	1.33085
98	1.32469
99	1.31862
100	1.31227
101	1.30607
102	1.29989
103	1.29342
104	1.28726
105	1.28049
106	1.27351
107	1.26605
108	1.25847
109	1.25052
110	1.24253
111	1.23433
112	1.22613
113	1.21797
114	1.20984
115	1.20178
116	1.19364
117	1.18551
118	1.17728
119	1.169
120	1.16093
121	1.15246
122	1.14393
123	1.13518
124	1.12624
125	1.11719
126	1.108
127	1.09879
128	1.0896
129	1.08022
130	1.07081
131	1.06163
132	1.05242
133	1.04347
134	1.03424
135	1.02524
136	1.01607
137	1.00696
138	0.997836
139	0.988819
140	0.979812
141	0.970846
142	0.961844
143	0.952499
144	0.943241
145	0.934109
146	0.925071
147	0.915674
148	0.906519
149	0.897281
150	0.888174
151	0.878888
152	0.869545
153	0.86052
154	0.851411
155	0.84223
156	0.833207
157	0.824275
158	0.815411
159	0.806868
160	0.798228
161	0.789611
162	0.781068
163	0.772678
164	0.764246
165	0.755836
166	0.747639
167	0.739457
168	0.731273
169	0.723122
170	0.715036
171	0.707256
172	0.699357
173	0.691488
174	0.683742
175	0.676311
176	0.668735
177	0.660917
178	0.653384
179	0.645902
180	0.638464
181	0.631141
182	0.623872
183	0.616669
184	0.609462
185	0.602354
186	0.595377
187	0.588726
188	0.5819
189	0.575331
190	0.568969
191	0.562507
192	0.556094
193	0.54995
194	0.543619
195	0.537396
196	0.531255
197	0.525352
198	0.519349
199	0.513466
200	0.507602
201	0.501781
202	0.495763
203	0.489742
204	0.483852
205	0.477864
206	0.471992
207	0.466345
208	0.460771
209	0.455229
210	0.449944
211	0.444728
212	0.439858
213	0.435006
214	0.430031
215	0.425089
216	0.420375
217	0.415777
218	0.411153
219	0.406632
220	0.4021
221	0.397466
222	0.392947
223	0.388792
224	0.384406
225	0.380105
226	0.375935
227	0.371767
228	0.367523
229	0.36333
230	0.359285
231	0.35504
232	0.351067
233	0.34711
234	0.343227
235	0.339326
236	0.335376
237	0.331223
238	0.327379
239	0.323508
240	0.319851
241	0.316198
242	0.312533
243	0.308916
244	0.3055
245	0.302016
246	0.298546
247	0.295191
248	0.291805
249	0.288173
250	0.284933
251	0.281783
252	0.278602
253	0.27526
254	0.271925
255	0.268706
256	0.265484
257	0.262277
258	0.259091
259	0.255979
260	0.252714
261	0.249549
262	0.246606
263	0.243653
264	0.24056
265	0.23765
266	0.234718
267	0.23177
268	0.228979
269	0.226188
270	0.223171
271	0.220308
272	0.217653
273	0.215115
274	0.212478
275	0.209873
276	0.207397
277	0.205068
278	0.202589
279	0.200133
280	0.197793
281	0.19541
282	0.19299
283	0.19064
284	0.188287
285	0.186008
286	0.183842
287	0.181607
288	0.1793
289	0.176963
290	0.174958
291	0.172731
292	0.170532
293	0.168145
294	0.166113
295	0.16397
296	0.161796
297	0.159866
298	0.157457
299	0.155386
300	0.153171
301	0.150849
302	0.148834
303	0.146892
304	0.144913
305	0.142903
306	0.141024
307	0.139015
308	0.137269
309	0.135455
310	0.133602
311	0.131756
312	0.129741
313	0.12794
314	0.126248
315	0.124628
316	0.1228
317	0.120937
318	0.119238
319	0.117472
320	0.115839
321	0.113991
322	0.112302
323	0.110536
324	0.108619
325	0.106696
326	0.105189
327	0.10351
328	0.1019
329	0.100234
330	0.0988657
331	0.0972996
332	0.0957873
333	0.0942802
334	0.0928474
335	0.091348
336	0.0899331
337	0.0885029
338	0.087188
339	0.0857193
340	0.0845428
341	0.0832894
342	0.0822359
343	0.0808518
344	0.079478
345	0.0783348
346	0.077043
347	0.0758101
348	0.0745567
349	0.0732444
350	0.0719372
351	0.0706582
352	0.0693792
353	0.0681642
354	0.0672543
355	0.0661419
356	0.0647757
357	0.0637581
358	0.0628277
359	0.0618358
360	0.0608541
361	0.0599467
362	0.0589317
363	0.0578065
364	0.056912
365	0.0558995
366	0.0549691
367	0.0540233
368	0.0531005
369	0.0520163
370	0.0509629
371	0.0498992
372	0.0489662
373	0.0481126
374	0.0469592
375	0.045893
376	0.0449651
377	0.0440654
378	0.0431734
379	0.0422815
380	0.0413664
381	0.0404591
382	0.0397747
383	0.0389391
384	0.0381753
385	0.0372654
386	0.0363144
387	0.0354378
388	0.0344049
389	0.0336282
390	0.0331284
391	0.0326927
392	0.0323979
393	0.031993
394	0.031711
395	0.0315136
396	0.0311574
397	0.0306063
398	0.0301782
399	0.0295298
400	0.0288864
401	0.0282123
402	0.0275074
403	0.0268513
404	0.026313
405	0.0256158
406	0.0248494
407	0.0241036
408	0.0234653
409	0.0228169
410	0.0221658
411	0.0217403
412	0.0210534
413	0.0205485
414	0.0199128
415	0.019395
416	0.0188311
417	0.0181673
418	0.0174086
419	0.0167678
420	0.0162706
421	0.0154939
422	0.014848
423	0.0141508
424	0.0134562
425	0.0129872
426	0.0122105
427	0.0115287
428	0.0109648
429	0.0104266
430	0.00968837
431	0.00896043
432	0.00834015
433	0.00771987
434	0.00705857
435	0.00654338
436	0.00622298
437	0.00592822
438	0.00550786
439	0.00482094
440	0.00422885
441	0.00369827
442	0.0033138
443	0.00271915
444	0.00227316
445	0.001658
446	0.00143757
447	0.000732702
448	0.00028415
449	-9.00709e-05
450	-0.000669344
451	-0.00129219
452	-0.0017023
453	-0.00212778
454	-0.00271218
455	-0.00320174
456	-0.00366311
457	-0.00401683
458	-0.00429108
459	-0.00452177
460	-0.00477808
461	-0.00476014
462	-0.00501902
463	-0.00543169
464	-0.00562393
465	-0.00576234
466	-0.00612118
467	-0.00638775
468	-0.00646208
469	-0.00640312
470	-0.00626984
471	-0.00582385
472	-0.00595201
473	-0.00586486
474	-0.00596226
475	-0.00602634
476	-0.00602634
477	-0.00626728
478	-0.0065159
479	-0.0067594
480	-0.00692601
481	-0.00709518
482	-0.00751041
483	-0.00790001
484	-0.00820246
485	-0.00836138
486	-0.00884069
487	-0.00916621
488	-0.00946353
489	-0.00970703
490	-0.00984288
491	-0.00988902
492	-0.0102453
493	-0.0103145
494	-0.0105964
495	-0.0106785
496	-0.0108348
497	-0.0108963
498	-0.0110142
499	-0.0111501
500	-0.011532
501	-0.0119037
502	-0.0122651
503	-0.0125573
504	-0.0129981
505	-0.0132493
506	-0.0134595
507	-0.0137132
508	-0.0139721
509	-0.0141105
510	-0.0143387
511	-0.0145053
512	-0.0146052
513	-0.0149128
514	-0.0151794
515	-0.0153972
516	-0.0156125
517	-0.015792
518	-0.0159637
519	-0.0161944
520	-0.0164507
521	-0.0167839
522	-0.016807
523	-0.0166763
524	-0.0163917
525	-0.0160303
526	-0.0151384
527	-0.0147231
528	-0.0143669
529	-0.0141131
530	-0.0139004
531	-0.0134621
532	-0.0133185
533	-0.0132006
534	-0.0134313
535	-0.0135979
536	-0.013703
537	-0.014026
538	-0.0144104
539	-0.0145078
540	-0.0146975
541	-0.0150871
542	-0.0154844
543	-0.0154664
544	-0.0155485
545	-0.0158458
546	-0.0158509
547	-0.0159586
548	-0.016238
549	-0.0164456
550	-0.0166429
551	-0.0168454
552	-0.0169377
553	-0.0172401
554	-0.0175349
555	-0.018027
556	-0.0183705
557	-0.018555
558	-0.0188165
559	-0.0190344
560	-0.0192215
561	-0.0195675
562	-0.0198366
563	-0.0202442
564	-0.0205517
565	-0.0206697
566	-0.0209721
567	-0.0215104
568	-0.0217949
569	-0.0219974
570	-0.0225305
571	-0.0227125
572	-0.022874
573	-0.0231252
574	-0.0234379
575	-0.0237711
576	-0.0241786
577	-0.0244067
578	-0.0248476
579	-0.0251757
580	-0.0255115
581	-0.0256422
582	-0.0259164
583	-0.026265
584	-0.0266803
585	-0.026893
586	-0.0271698
587	-0.0274056
588	-0.0276235
589	-0.0280054
590	-0.0282643
591	-0.0285103
592	-0.0285206
593	-0.0288179
594	-0.0290255
595	-0.0292998
596	-0.0297099
597	-0.0299611
598	-0.0300969
599	-0.0303328
600	-0.0305865
601	-0.0309966
602	-0.0311299
603	-0.0314887
604	-0.0316758
605	-0.0318424
606	-0.0320167
607	-0.0323269
608	-0.0327319
609	-0.0328139
610	-0.0330138
611	-0.0333137
612	-0.0331958
613	-0.0332445
614	-0.0331292
615	-0.0329574
616	-0.0326293
617	-0.032455
618	-0.0322833
619	-0.0324576
620	-0.0323705
621	-0.0322602
622	-0.0320783
623	-0.0320167
624	-0.031945
625	-0.0319988
626	-0.0321603
627	-0.0321398
628	-0.0321193
629	-0.0320552
630	-0.0319604
631	-0.0320936
632	-0.0321167
633	-0.0322039
634	-0.0320526
635	-0.0317937
636	-0.0312837
637	-0.0306301
638	-0.0299278
639	-0.0292639
640	-0.028741
641	-0.0283719
642	-0.0281336
643	-0.0278132
644	-0.0275287
645	-0.0275338
646	-0.0274082
647	-0.0274646
648	-0.0275287
649	-0.0275389
650	-0.0275953
651	-0.0276671
652	-0.0278772
653	-0.0279618
654	-0.0281413
655	-0.0283207
656	-0.0285385
657	-0.0285462
658	-0.0286872
659	-0.0287923
660	-0.0287949
661	-0.0286949
662	-0.0285027
663	-0.0281541
664	-0.027967
665	-0.0275953
666	-0.0269981
667	-0.0265521
668	-0.0262855
669	-0.0259933
670	-0.0259139
671	-0.0256601
672	-0.0254397
673	-0.025309
674	-0.0254166
675	-0.0254397
676	-0.0256012
677	-0.0257421
678	-0.0255396
679	-0.0255345
680	-0.0256857
681	-0.025778
682	-0.0260728
683	-0.0261215
684	-0.0264239
685	-0.0265829
686	-0.0267982
687	-0.0269058
688	-0.0270545
689	-0.027239
690	-0.027298
691	-0.027216
692	-0.0274415
693	-0.0277927
694	-0.0280413
695	-0.0282284
696	-0.0282925
697	-0.0285565
698	-0.0287205
699	-0.0287667
700	-0.0290563
701	-0.0292998
702	-0.0295151
703	-0.0296228
704	-0.0300021
705	-0.0300841
706	-0.0301226
707	-0.030179
708	-0.0301456
709	-0.0301354
710	-0.0301713
711	-0.0303225
712	-0.0305532
713	-0.0307505
714	-0.0308941
715	-0.0310146
716	-0.0310991
717	-0.0310966
718	-0.031217
719	-0.0314939
720	-0.0316784
721	-0.0317784
722	-0.031845
723	-0.0316784
724	-0.0317348
725	-0.0314836
726	-0.0311837
727	-0.0310556
728	-0.0311068
729	-0.0311478
730	-0.0309992
731	-0.0309838
732	-0.0309505
733	-0.0309889
734	-0.0309556
735	-0.0310453
736	-0.0310991
737	-0.031276
738	-0.0315092
739	-0.0316989
740	-0.0317271
741	-0.0317143
742	-0.0316502
743	-0.0318911
744	-0.0319757
745	-0.0318578
746	-0.0318143
747	-0.0319322
748	-0.032127
749	-0.0321141
750	-0.0322013
751	-0.0321705
752	-0.0322551
753	-0.0321885
754	-0.0322705
755	-0.0323141
756	-0.0313452
757	-0.0283386
758	-0.0242401
759	-0.019711
760	-0.0155049
761	-0.0115628
762	-0.00821015
763	-0.00582385
764	-0.00436542
765	-0.00391943
766	-0.00353752
767	-0.00305052
768	-0.00254301
769	-0.00257121
770	-0.0024328
771	-0.00271474
772	-0.0027737
773	-0.00276088
774	-0.002725
775	-0.00273012
776	-0.00283265
777	-0.00263272
778	-0.00256864
779	-0.002502
780	-0.00233796
781	-0.0021611
782	-0.00204576
783	-0.00190479
784	-0.00202782
785	-0.00229182
786	-0.00251225
787	-0.00259684
788	-0.00272243
789	-0.00293774
790	-0.0030864
791	-0.00307615
792	-0.00324788
793	-0.00332478
794	-0.00334784
795	-0.00348113
796	-0.00359647
797	-0.00381946
798	-0.00397582
799	-0.00413986
800	-0.00420394
801	-0.00424239
802	-0.00430134
803	-0.00439617
804	-0.00461404
805	-0.00462942
806	-0.0048396
807	-0.00496263
808	-0.00489086
809	-0.00501646
810	-0.00532404
811	-0.00532916
812	-0.00540349
813	-0.00534711
814	-0.00529584
815	-0.00539068
816	-0.00544451
817	-0.00543938
818	-0.00543425
819	-0.00555728
820	-0.00552653
821	-0.00559061
822	-0.00570338
823	-0.00577515
824	-0.00587255
825	-0.005911
826	-0.00594432
827	-0.00605454
828	-0.00608786
829	-0.0063006
830	-0.00645439
831	-0.00679273
832	-0.00685937
833	-0.00702341
834	-0.00714131
835	-0.00732074
836	-0.00739507
837	-0.00772315
838	-0.00777441
839	-0.00800766
840	-0.00823066
841	-0.00831524
842	-0.00825629
843	-0.00832806
844	-0.00841777
845	-0.00864076
846	-0.00885094
847	-0.0090278
848	-0.00913032
849	-0.00921747
850	-0.00936357
851	-0.00974548
852	-0.00972498
853	-0.00984032
854	-0.0100069
855	-0.01003
856	-0.010071
857	-0.0101787
858	-0.0102581
859	-0.0105221
860	-0.0105862
861	-0.0106477
862	-0.0106477
863	-0.0105734
864	-0.0106759
865	-0.0109092
866	-0.0110296
867	-0.0109989
868	-0.0108835
869	-0.0110142
870	-0.0111655
871	-0.0114705
872	-0.0115628
873	-0.0119472
874	-0.0121087
875	-0.0123958
876	-0.0127367
877	-0.0129059
878	-0.0132314
879	-0.0134954
880	-0.0137825
881	-0.0139029
882	-0.0140234
883	-0.0143438
884	-0.0146539
885	-0.015023
886	-0.0153562
887	-0.015651
888	-0.0159611
889	-0.0162764
890	-0.0167865
891	-0.017071
892	-0.0174657
893	-0.0177066
894	-0.0180706
895	-0.018168
896	-0.0184679
897	-0.0187268
898	-0.0190574
899	-0.0191984
900	-0.0191189
901	-0.0190882
902	-0.0189754
903	-0.0190549
904	-0.0190523
905	-0.0190626
906	-0.019406
907	-0.0195983
908	-0.0196546
909	-0.0198674
910	-0.0202467
911	-0.0205364
912	-0.0205492
913	-0.0209798
914	-0.0213976
915	-0.0218128
916	-0.0219846
917	-0.0222921
918	-0.022469
919	-0.0228945
920	-0.0231021
921	-0.0234481
922	-0.0237352
923	-0.0237839
924	-0.0238505
925	-0.0238582
926	-0.0240197
927	-0.024053
928	-0.0243016
929	-0.0244657
930	-0.0246425
931	-0.0249604
932	-0.0252526
933	-0.0255858
934	-0.0256345
935	-0.0258037
936	-0.026042
937	-0.0261933
938	-0.026365
939	-0.0266392
940	-0.0268007
941	-0.0268187
942	-0.0271262
943	-0.0272877
944	-0.0275953
945	-0.0278337
946	-0.0280054
947	-0.0281643
948	-0.0282976
949	-0.0288692
950	-0.0290076
951	-0.0291998
952	-0.0294126
953	-0.0296715
954	-0.0297689
955	-0.0299944
956	-0.0301841
957	-0.0303815
958	-0.0306378
959	-0.0310479
960	-0.0310889
961	-0.0313657
962	-0.0314734
963	-0.0316041
964	-0.0317297
965	-0.0316246
966	-0.0315477
967	-0.0315861
968	-0.0313888
969	-0.0312401
970	-0.0312299
971	-0.0313529
972	-0.031276
973	-0.0313862
974	-0.0318091
975	-0.0319706
976	-0.0319937
977	-0.0320654
978	-0.0323294
979	-0.0323756
980	-0.0325345
981	-0.0326652
982	-0.032678
983	-0.0328267
984	-0.0328908
985	-0.03286
986	-0.0327139
987	-0.0326806
988	-0.0324448
989	-0.0323346
990	-0.0322218
991	-0.0321731
992	-0.032191
993	-0.0323115
994	-0.03225
995	-0.03215
996	-0.0321244
997	-0.0323013
998	-0.0323653
999	-0.0325499
1000	-0.0327729
1001	-0.0326447
1002	-0.0324268
1003	-0.0324089
1004	-0.0324499
1005	-0.0325627
1006	-0.0324704
1007	-0.0325294
1008	-0.0324858
1009	-0.0326088
1010	-0.0327626
1011	-0.0327934
1012	-0.032637
1013	-0.0327934
1014	-0.0328857
1015	-0.0331086
1016	-0.0332624
1017	-0.0333701
1018	-0.033488
1019	-0.0337084
1020	-0.0340083
1021	-0.0342518
1022	-0.0343236
1023	-0.0343748
