0	0.111189
1	0.073352
2	0.0558668
3	0.0287314
4	0.00857084
5	-0.0249663
6	-0.0422604
7	-0.0664339
8	-0.100927
9	-0.150993
10	-0.211188
11	-0.239948
12	-0.253325
13	-0.278836
14	-0.299856
15	-0.324603
16	-0.337598
17	-0.389671
18	-0.416138
19	-0.421966
20	-0.41824
21	-0.441458
22	-0.444229
23	-0.504615
24	-0.53089
25	-0.530126
26	-0.546178
27	-0.565383
28	-0.570734
29	-0.576753
30	-0.587072
31	-0.604748
32	-0.645547
33	-0.657777
34	-0.684053
35	-0.672014
36	-0.683097
37	-0.693894
38	-0.711284
39	-0.753038
40	-0.7281
41	-0.736795
42	-0.76374
43	-0.762975
44	-0.772625
45	-0.754949
46	-0.754758
47	-0.758771
48	-0.771192
49	-0.776161
50	-0.755045
51	-0.72724
52	-0.737942
53	-0.758102
54	-0.768899
55	-0.813711
56	-0.800907
57	-0.778072
58	-0.806831
59	-0.831769
60	-0.854127
61	-0.839031
62	-0.82489
63	-0.838362
64	-0.863109
65	-0.86158
66	-0.85728
67	-0.844955
68	-0.844382
69	-0.841802
70	-0.838935
71	-0.817915
72	-0.848777
73	-0.84763
74	-0.863778
75	-0.847152
76	-0.861676
77	-0.868555
78	-0.850114
79	-0.835591
80	-0.845337
81	-0.856516
82	-0.883747
83	-0.897028
84	-0.8869
85	-0.895022
86	-0.871899
87	-0.869511
88	-0.873524
89	-0.864733
90	-0.856898
91	-0.874383
92	-0.865784
93	-0.859287
94	-0.858714
95	-0.863969
96	-0.865784
97	-0.870084
98	-0.897219
99	-0.900372
100	-0.906965
101	-0.90773
102	-0.9105
103	-0.914418
104	-0.901328
105	-0.897219
106	-0.889862
107	-0.886518
108	-0.878779
109	-0.84591
110	-0.854892
111	-0.863109
112	-0.880976
113	-0.889576
114	-0.897315
115	-0.897602
116	-0.890149
117	-0.870275
118	-0.876963
119	-0.905914
120	-0.898748
121	-0.90773
122	-0.919577
123	-0.95665
124	-0.93926
125	-0.951204
126	-0.976142
127	-0.998404
128	-0.992671
129	-0.96372
130	-0.972415
131	-1.00318
132	-0.99764
133	-0.997831
134	-1.00547
135	-1.01321
136	-1.00882
137	-1.01312
138	-1.0157
139	-1.02048
140	-1.00576
141	-0.991047
142	-0.960281
143	-0.973944
144	-0.963243
145	-0.9706
146	-0.99592
147	-0.996589
148	-0.992862
149	-0.994104
150	-1.02974
151	-1.02812
152	-1.03586
153	-1.06834
154	-1.07943
155	-1.10169
156	-1.10112
157	-1.13752
158	-1.11172
159	-1.10427
160	-1.10131
161	-1.07828
162	-1.06892
163	-1.0865
164	-1.08908
165	-1.06748
166	-1.08229
167	-1.08707
168	-1.07312
169	-1.06061
170	-1.03156
171	-1.00318
172	-1.02172
173	-1.04188
174	-1.05678
175	-1.04121
176	-1.05201
177	-1.07303
178	-1.09051
179	-1.08602
180	-1.07886
181	-1.05201
182	-1.05325
183	-1.0307
184	-1.02019
185	-1.05392
186	-1.07016
187	-1.09586
188	-1.08344
189	-1.07102
190	-1.04713
191	-1.02917
192	-1.00987
193	-0.970027
194	-0.967638
195	-0.970982
196	-0.917571
197	-0.84677
198	-0.845528
199	-0.789824
200	-0.738897
201	-0.697334
202	-0.639241
203	-0.55879
204	-0.512927
205	-0.464963
206	-0.440693
207	-0.427795
208	-0.395499
209	-0.359096
210	-0.329763
211	-0.279027
212	-0.259153
213	-0.237559
214	-0.175645
215	-0.151567
216	-0.140006
217	-0.144114
218	-0.0994934
219	-0.0628031
220	-0.00146165
221	0.0649439
222	0.104596
223	0.102398
224	0.125999
225	0.163071
226	0.181416
227	0.22661
228	0.233872
229	0.224222
230	0.232821
231	0.255561
232	0.284894
233	0.313463
234	0.343083
235	0.349389
236	0.359994
237	0.381875
238	0.383117
239	0.408055
240	0.424585
241	0.410635
242	0.426304
243	0.447134
244	0.487741
245	0.49099
246	0.503698
247	0.509431
248	0.512679
249	0.514304
250	0.518317
251	0.599723
252	0.955064
253	1.83114
254	3.1602
255	4.68925
256	6.20167
257	7.46806
258	8.52424
259	9.39305
260	10.0327
261	10.482
262	10.8095
263	10.9858
264	11.0183
265	11.0311
266	10.9446
267	10.835
268	10.6768
269	10.5329
270	10.4158
271	10.2122
272	10.0496
273	9.90098
274	9.75556
275	9.6475
276	9.53485
277	9.36831
278	9.30181
279	9.24247
280	9.08616
281	8.98402
282	8.89554
283	8.82426
284	8.71438
285	8.59628
286	8.5294
287	8.43013
288	8.3577
289	8.27935
290	8.19049
291	8.09342
292	8.01975
293	7.84757
294	7.76397
295	7.69116
296	7.54392
297	7.45344
298	7.36707
299	7.28967
300	7.18247
301	7.0595
302	6.98029
303	6.8341
304	6.7439
305	6.63899
306	6.55921
307	6.45134
308	6.41493
309	6.2697
310	6.18046
311	6.09676
312	5.97436
313	5.90051
314	5.84624
315	5.78375
316	5.67014
317	5.55482
318	5.48889
319	5.38149
320	5.31299
321	5.22441
322	5.15409
323	5.08147
324	5.04784
325	4.91159
326	4.87356
327	4.8621
328	4.7654
329	4.68572
330	4.61453
331	4.51602
332	4.4307
333	4.37796
334	4.35904
335	4.25365
336	4.18543
337	4.14272
338	4.11826
339	4.04775
340	4.02491
341	3.92048
342	3.84862
343	3.82321
344	3.77037
345	3.74161
346	3.67998
347	3.63852
348	3.58921
349	3.53427
350	3.4994
351	3.40882
352	3.3341
353	3.28566
354	3.24553
355	3.18266
356	3.17559
357	3.08033
358	3.09647
359	3.09074
360	3.00857
361	2.99166
362	2.97914
363	2.97198
364	2.95917
365	2.92841
366	2.92726
367	2.86773
368	2.82588
369	2.77142
370	2.70741
371	2.6452
372	2.66087
373	2.58931
374	2.55548
375	2.55778
376	2.50418
377	2.49491
378	2.45392
379	2.43634
380	2.38522
381	2.33983
382	2.34901
383	2.32321
384	2.29703
385	2.27257
386	2.20588
387	2.17062
388	2.17865
389	2.14167
390	2.16298
391	2.13135
392	2.07354
393	2.07612
394	2.05998
395	2.05577
396	2.02357
397	1.98163
398	1.98822
399	1.94732
400	1.91761
401	1.88321
402	1.86458
403	1.82359
404	1.85894
405	1.80897
406	1.78881
407	1.76406
408	1.71887
409	1.69957
410	1.66661
411	1.66966
412	1.65275
413	1.6646
414	1.70597
415	1.6753
416	1.68142
417	1.64119
418	1.62093
419	1.61587
420	1.66766
421	1.61453
422	1.64301
423	1.65982
424	1.65447
425	1.66403
426	1.63316
427	1.62485
428	1.62562
429	1.63393
430	1.6324
431	1.54211
432	1.51727
433	1.47981
434	1.47924
435	1.46844
436	1.4544
437	1.37891
438	1.39372
439	1.41216
440	1.3705
441	1.3448
442	1.34604
443	1.31776
444	1.30725
445	1.29493
446	1.31604
447	1.2827
448	1.27448
449	1.25097
450	1.24486
451	1.25527
452	1.2591
453	1.19584
454	1.19307
455	1.2011
456	1.13861
457	1.10603
458	1.06533
459	1.09055
460	1.06227
461	1.06428
462	1.07316
463	1.0229
464	1.01879
465	1.01793
466	1.01048
467	0.98755
468	0.99443
469	0.919903
470	0.918374
471	0.914361
472	0.8942
473	0.924776
474	0.90452
475	0.879868
476	0.826266
477	0.814896
478	0.842223
479	0.7912
480	0.774288
481	0.754223
482	0.72661
483	0.684187
484	0.712851
485	0.702246
486	0.706832
487	0.722406
488	0.716578
489	0.724413
490	0.711514
491	0.713042
492	0.66632
493	0.626094
494	0.644057
495	0.577843
496	0.542681
497	0.550038
498	0.523763
499	0.507615
500	0.492137
501	0.476849
502	0.476371
503	0.52596
504	0.515355
505	0.478856
506	0.491277
507	0.484875
508	0.472167
509	0.487168
510	0.490895
511	0.458982
512	0.469301
513	0.47446
514	0.452389
515	0.429744
516	0.445032
517	0.359039
518	0.340312
519	0.372607
520	0.34442
521	0.359039
522	0.357033
523	0.367352
524	0.353879
525	0.349962
526	0.374327
527	0.332572
528	0.356746
529	0.363625
530	0.38111
531	0.354548
532	0.344038
533	0.299608
534	0.317667
535	0.349007
536	0.303908
537	0.290914
538	0.315278
539	0.31652
540	0.303335
541	0.302188
542	0.311934
543	0.309928
544	0.326362
545	0.335725
546	0.281168
547	0.248873
548	0.308303
549	0.260912
550	0.255083
551	0.273811
552	0.265116
553	0.270371
554	0.257759
555	0.246675
556	0.220877
557	0.253364
558	0.290149
559	0.260243
560	0.252504
561	0.249924
562	0.25537
563	0.267313
564	0.308303
565	0.2676
566	0.283748
567	0.290914
568	0.281072
569	0.296169
570	0.316234
571	0.320629
572	0.268556
573	0.261963
574	0.281359
575	0.255943
576	0.255943
577	0.24142
578	0.227375
579	0.250115
580	0.274766
581	0.194411
582	0.191831
583	0.204252
584	0.204348
585	0.193551
586	0.17081
587	0.18648
588	0.203488
589	0.203679
590	0.200239
591	0.166415
592	0.186862
593	0.17941
594	0.158485
595	0.13584
596	0.161733
597	0.119119
598	0.132496
599	0.159345
600	0.166893
601	0.207214
602	0.225273
603	0.240465
604	0.251453
605	0.257568
606	0.245815
607	0.215718
608	0.215527
609	0.237789
610	0.249446
611	0.222215
612	0.252217
613	0.193837
614	0.225559
615	0.222884
616	0.204157
617	0.19871
618	0.220017
619	0.253841
620	0.270944
621	0.263492
622	0.249542
623	0.241898
624	0.233967
625	0.21782
626	0.198042
627	0.177881
628	0.211323
629	0.184856
630	0.219157
631	0.239127
632	0.22575
633	0.216196
634	0.229381
635	0.256612
636	0.237694
637	0.246962
638	0.233012
639	0.224604
640	0.25623
641	0.213711
642	0.215622
643	0.222215
644	0.292634
645	0.255752
646	0.24658
647	0.254797
648	0.200335
649	0.185716
650	0.20301
651	0.227088
652	0.237312
653	0.258236
654	0.273811
655	0.245529
656	0.229286
657	0.193169
658	0.19699
659	0.194793
660	0.233967
661	0.181416
662	0.162784
663	0.196895
664	0.163358
665	0.189538
666	0.2204
667	0.254128
668	0.240465
669	0.232439
670	0.22126
671	0.177308
672	0.193742
673	0.212278
674	0.220591
675	0.211418
676	0.230145
677	0.174155
678	0.188487
679	0.244
680	0.226706
681	0.203679
682	0.176066
683	0.167848
684	0.181607
685	0.198901
686	0.228139
687	0.216673
688	0.204825
689	0.193933
690	0.17597
691	0.140617
692	0.166415
693	0.153612
694	0.160109
695	0.200526
696	0.183996
697	0.172435
698	0.161925
699	0.169473
700	0.145108
701	0.143675
702	0.156192
703	0.166893
704	0.179314
705	0.145586
706	0.136509
707	0.151032
708	0.223362
709	0.180079
710	0.166797
711	0.184665
712	0.126476
713	0.150937
714	0.168613
715	0.186958
716	0.183327
717	0.186385
718	0.191258
719	0.135936
720	0.158771
721	0.166511
722	0.1324
723	0.0676192
724	0.0964745
725	0.0563446
726	0.0573001
727	0.0891174
728	0.0680014
729	0.0643706
730	0.0334132
731	0.00455784
732	-0.00604793
733	0.0276803
734	0.0847222
735	0.0973345
736	0.131732
737	0.128387
738	0.103927
739	0.0980033
740	0.157052
741	0.128387
742	0.134311
743	0.176352
744	0.145873
745	0.152561
746	0.12533
747	0.121317
748	0.14635
749	0.107654
750	0.151701
751	0.102876
752	0.14721
753	0.179887
754	0.207214
755	0.20817
756	0.20731
757	0.14721
758	0.163644
759	0.209029
760	0.1646
761	0.17683
762	0.161351
763	0.16288
764	0.150554
765	0.154185
766	0.139184
767	0.0962834
768	0.140426
769	0.15581
770	0.160778
771	0.144344
772	0.188678
773	0.175301
774	0.181416
775	0.200048
776	0.155905
777	0.16116
778	0.156765
779	0.160109
780	0.141095
781	0.146541
782	0.188296
783	0.166415
784	0.190971
785	0.171479
786	0.151605
787	0.158771
788	0.232725
789	0.217438
790	0.218393
791	0.226228
792	0.205016
793	0.20645
794	0.207692
795	0.22575
796	0.190493
797	0.188487
798	0.210463
799	0.191735
800	0.219826
801	0.229572
802	0.253172
803	0.235496
804	0.296264
805	0.259287
806	0.26588
807	0.280021
808	0.248968
809	0.251357
810	0.243235
811	0.257376
812	0.24658
813	0.238649
814	0.239127
815	0.230814
816	0.229094
817	0.207214
818	0.209889
819	0.19785
820	0.228712
821	0.163358
822	0.171097
823	0.230145
824	0.21438
825	0.218298
826	0.221928
827	0.227183
828	0.215813
829	0.239222
830	0.271709
831	0.242567
832	0.263014
833	0.255943
834	0.256803
835	0.269224
836	0.317189
837	0.259192
838	0.2998
839	0.323018
840	0.304577
841	0.309163
842	0.294162
843	0.288143
844	0.23884
845	0.252886
846	0.274957
847	0.257854
848	0.31117
849	0.328846
850	0.32684
851	0.313941
852	0.352446
853	0.313081
854	0.322158
855	0.340694
856	0.285754
857	0.27104
858	0.25537
859	0.283461
860	0.285945
861	0.29206
862	0.320916
863	0.301424
864	0.297984
865	0.283939
866	0.280977
867	0.270753
868	0.309737
869	0.28671
870	0.292442
871	0.32512
872	0.277824
873	0.245529
874	0.255943
875	0.283079
876	0.289958
877	0.28671
878	0.277824
879	0.228999
880	0.229763
881	0.218871
882	0.215718
883	0.194029
884	0.220209
885	0.148835
886	0.157338
887	0.170046
888	0.144726
889	0.141191
890	0.167753
891	0.173008
892	0.149981
893	0.131827
894	0.143866
895	0.106794
896	0.143388
897	0.143771
898	0.135362
899	0.114724
900	0.167275
901	0.140331
902	0.152561
903	0.175492
904	0.166511
905	0.176734
906	0.176448
907	0.154376
908	0.140713
909	0.161447
910	0.186862
911	0.184283
912	0.16546
913	0.152465
914	0.149981
915	0.151797
916	0.18992
917	0.13756
918	0.166893
919	0.192404
920	0.155236
921	0.173964
922	0.187531
923	0.214953
924	0.228521
925	0.214858
926	0.218775
927	0.179505
928	0.224699
929	0.23263
930	0.207978
931	0.185429
932	0.214953
933	0.149886
934	0.179696
935	0.222024
936	0.180079
937	0.196322
938	0.182467
939	0.202054
940	0.185238
941	0.181034
942	0.221068
943	0.199952
944	0.219253
945	0.225081
946	0.224413
947	0.205494
948	0.26053
949	0.212851
950	0.23091
951	0.268269
952	0.252504
953	0.252504
954	0.273524
955	0.279352
956	0.256134
957	0.269607
958	0.284416
959	0.283939
960	0.317858
961	0.337159
962	0.330661
963	0.338879
964	0.380346
965	0.353784
966	0.363912
967	0.362097
968	0.292156
969	0.296455
970	0.307539
971	0.302093
972	0.302188
973	0.267122
974	0.256899
975	0.22575
976	0.268173
977	0.304099
978	0.343751
979	0.325502
980	0.337923
981	0.298844
982	0.329228
983	0.336776
984	0.310119
985	0.294831
986	0.299035
987	0.2912
988	0.267696
989	0.267122
990	0.302762
991	0.282792
992	0.321584
993	0.352351
994	0.367161
995	0.385506
996	0.448185
997	0.405475
998	0.413501
999	0.469779
1000	0.445892
1001	0.433662
1002	0.44121
1003	0.485639
1004	0.506851
1005	0.513826
1006	0.534751
1007	0.524909
1008	0.53628
1009	0.552714
1010	0.585487
1011	0.592557
1012	0.622368
1013	0.536566
1014	0.567237
1015	0.606603
1016	0.568288
1017	0.597048
1018	0.632878
1019	0.663549
1020	0.68199
1021	0.707596
1022	0.762345
1023	0.748586
