0	0.542079
1	0.484172
2	0.474277
3	0.416208
4	0.298608
5	0.18328
6	0.0645449
7	-0.00569026
8	-0.0356984
9	-0.0723569
10	-0.109178
11	-0.166112
12	-0.29977
13	-0.332373
14	-0.291984
15	-0.327994
16	-0.405204
17	-0.483711
18	-0.548756
19	-0.59466
20	-0.651432
21	-0.786226
22	-0.846728
23	-0.82775
24	-0.79612
25	-0.762381
26	-0.760921
27	-0.832454
28	-0.875439
29	-0.884522
30	-0.899121
31	-0.946809
32	-0.991416
33	-1.01786
34	-1.02953
35	-1.06425
36	-1.08533
37	-1.10658
38	-1.12718
39	-1.17292
40	-1.16984
41	-1.18152
42	-1.16952
43	-1.22629
44	-1.25922
45	-1.23327
46	-1.23554
47	-1.26133
48	-1.31599
49	-1.29831
50	-1.26506
51	-1.27706
52	-1.30269
53	-1.33513
54	-1.3494
55	-1.27868
56	-1.29831
57	-1.30918
58	-1.33221
59	-1.33886
60	-1.3061
61	-1.3035
62	-1.31745
63	-1.34859
64	-1.36011
65	-1.41494
66	-1.44073
67	-1.43846
68	-1.44089
69	-1.43683
70	-1.44121
71	-1.44738
72	-1.48825
73	-1.50285
74	-1.49263
75	-1.4743
76	-1.49539
77	-1.50237
78	-1.5786
79	-1.55103
80	-1.4915
81	-1.41575
82	-1.40877
83	-1.44024
84	-1.45533
85	-1.51469
86	-1.58298
87	-1.57438
88	-1.52799
89	-1.50528
90	-1.52134
91	-1.58477
92	-1.54275
93	-1.55038
94	-1.54924
95	-1.5726
96	-1.6018
97	-1.63894
98	-1.69474
99	-1.68176
100	-1.64965
101	-1.61964
102	-1.57649
103	-1.56919
104	-1.55849
105	-1.55752
106	-1.51177
107	-1.53789
108	-1.56822
109	-1.62061
110	-1.64056
111	-1.66782
112	-1.69523
113	-1.66652
114	-1.6224
115	-1.58736
116	-1.54113
117	-1.55897
118	-1.57487
119	-1.57049
120	-1.53789
121	-1.53562
122	-1.56903
123	-1.58477
124	-1.58541
125	-1.62597
126	-1.64592
127	-1.67171
128	-1.66052
129	-1.67495
130	-1.66441
131	-1.65938
132	-1.65387
133	-1.68371
134	-1.66392
135	-1.67722
136	-1.67203
137	-1.63035
138	-1.69636
139	-1.73513
140	-1.72978
141	-1.75524
142	-1.80066
143	-1.74016
144	-1.67852
145	-1.67138
146	-1.65873
147	-1.70788
148	-1.7327
149	-1.73578
150	-1.74454
151	-1.74859
152	-1.71875
153	-1.7228
154	-1.70999
155	-1.72718
156	-1.75168
157	-1.70739
158	-1.68355
159	-1.7241
160	-1.72491
161	-1.75346
162	-1.76027
163	-1.75005
164	-1.76498
165	-1.81623
166	-1.89555
167	-1.952
168	-1.95897
169	-1.90528
170	-1.9181
171	-1.94535
172	-1.97714
173	-1.96644
174	-1.94113
175	-1.93205
176	-1.91761
177	-1.96108
178	-1.99271
179	-1.97276
180	-1.95314
181	-1.91907
182	-1.87414
183	-1.90123
184	-1.93318
185	-1.95492
186	-1.91177
187	-1.90382
188	-1.93026
189	-1.95897
190	-1.99223
191	-1.98509
192	-2.00569
193	-2.03521
194	-1.97276
195	-1.93513
196	-1.86035
197	-1.8224
198	-1.76773
199	-1.64608
200	-1.49799
201	-1.39255
202	-1.26116
203	-1.13983
204	-0.997904
205	-0.888253
206	-0.816882
207	-0.685009
208	-0.502365
209	-0.319234
210	-0.227588
211	-0.182819
212	-0.0762499
213	-0.0407268
214	0.00566416
215	0.083523
216	0.15392
217	0.255461
218	0.318722
219	0.384253
220	0.41783
221	0.450595
222	0.551487
223	0.660165
224	0.760733
225	0.822858
226	0.835834
227	0.866491
228	0.914667
229	0.973061
230	1.05449
231	1.15019
232	1.25741
233	1.38993
234	1.50169
235	1.5304
236	1.56122
237	1.58004
238	1.60777
239	1.63713
240	1.7317
241	1.87606
242	1.91937
243	1.95392
244	2.03859
245	2.15457
246	2.25287
247	2.32391
248	2.32505
249	2.37063
250	2.41961
251	2.64962
252	3.49342
253	5.46033
254	8.24654
255	11.2691
256	13.9914
257	16.1615
258	17.7406
259	18.9635
260	19.7872
261	20.2428
262	20.4289
263	20.4014
264	20.2212
265	19.9666
266	19.6876
267	19.416
268	19.0783
269	18.7508
270	18.477
271	18.2298
272	18.0087
273	17.8109
274	17.6503
275	17.5212
276	17.419
277	17.2212
278	17.1502
279	17.1023
280	16.9168
281	16.8014
282	16.721
283	16.569
284	16.3868
285	16.1946
286	15.9789
287	15.7919
288	15.5692
289	15.3528
290	15.186
291	15.0485
292	14.9301
293	14.6814
294	14.5257
295	14.4224
296	14.2769
297	14.1117
298	13.9628
299	13.783
300	13.568
301	13.3372
302	13.1847
303	12.9935
304	12.8986
305	12.7607
306	12.546
307	12.3969
308	12.2718
309	12.1087
310	11.9935
311	11.8611
312	11.6889
313	11.5383
314	11.4295
315	11.3304
316	11.2199
317	11.1036
318	10.9831
319	10.8486
320	10.7799
321	10.6957
322	10.6133
323	10.5296
324	10.4621
325	10.3101
326	10.1963
327	10.102
328	10.0049
329	9.91012
330	9.82643
331	9.74159
332	9.58085
333	9.49163
334	9.42772
335	9.31386
336	9.19966
337	9.01605
338	8.85222
339	8.74419
340	8.71256
341	8.56949
342	8.53056
343	8.44167
344	8.30688
345	8.18977
346	8.09666
347	8.06422
348	8.00226
349	7.92748
350	7.85741
351	7.76187
352	7.75765
353	7.75068
354	7.6965
355	7.64119
356	7.60161
357	7.46828
358	7.37047
359	7.35424
360	7.3244
361	7.24362
362	7.15668
363	7.06422
364	6.96073
365	6.89147
366	6.7922
367	6.63567
368	6.53802
369	6.51742
370	6.45335
371	6.42691
372	6.39755
373	6.27801
374	6.25108
375	6.20745
376	6.12878
377	6.04297
378	5.92359
379	5.89763
380	5.89358
381	5.83437
382	5.78815
383	5.70996
384	5.62691
385	5.56268
386	5.44443
387	5.38701
388	5.36349
389	5.26536
390	5.22416
391	5.16738
392	5.1184
393	5.01637
394	4.96495
395	4.94516
396	4.88936
397	4.85887
398	4.83016
399	4.81523
400	4.79691
401	4.78198
402	4.70039
403	4.62448
404	4.61037
405	4.52132
406	4.46682
407	4.45011
408	4.38928
409	4.39561
410	4.43762
411	4.45238
412	4.40875
413	4.34403
414	4.2759
415	4.24021
416	4.21783
417	4.21345
418	4.16398
419	4.2008
420	4.24232
421	4.17971
422	4.1111
423	4.10526
424	4.05773
425	4.05465
426	3.98312
427	3.94484
428	3.8527
429	3.76609
430	3.79528
431	3.76544
432	3.68693
433	3.63064
434	3.55035
435	3.55473
436	3.53965
437	3.44524
438	3.44103
439	3.38571
440	3.29163
441	3.24557
442	3.23227
443	3.20956
444	3.1703
445	3.14808
446	3.10785
447	3.01848
448	2.99107
449	2.98296
450	3.04427
451	3.09261
452	3.10299
453	3.04103
454	3.06698
455	3.06698
456	2.98782
457	2.93721
458	2.94873
459	2.88709
460	2.79999
461	2.78344
462	2.76803
463	2.74711
464	2.78701
465	2.8188
466	2.80096
467	2.70542
468	2.65514
469	2.59366
470	2.61183
471	2.58604
472	2.54159
473	2.51742
474	2.45108
475	2.46163
476	2.50493
477	2.48596
478	2.43129
479	2.33932
480	2.29553
481	2.27736
482	2.24573
483	2.19009
484	2.2008
485	2.11418
486	2.08352
487	2.0274
488	1.93494
489	1.90088
490	1.92699
491	1.93965
492	1.8467
493	1.75911
494	1.74711
495	1.69796
496	1.5862
497	1.48904
498	1.48644
499	1.5171
500	1.54111
501	1.44589
502	1.4274
503	1.44378
504	1.39269
505	1.40583
506	1.41069
507	1.40599
508	1.32229
509	1.24978
510	1.25919
511	1.23243
512	1.22724
513	1.24816
514	1.19982
515	1.15846
516	1.15165
517	1.07493
518	1.05027
519	1.10347
520	1.11337
521	1.11905
522	1.10283
523	1.06617
524	1.03665
525	1.04119
526	1.03486
527	1.08839
528	1.12975
529	1.11953
530	1.03762
531	1.02821
532	1.09893
533	1.06649
534	1.0806
535	1.04946
536	1.0055
537	1.00388
538	0.974358
539	0.990903
540	0.983929
541	0.931536
542	0.942404
543	0.881252
544	0.821885
545	0.796094
546	0.772574
547	0.785713
548	0.811179
549	0.797554
550	0.781982
551	0.719208
552	0.695851
553	0.701366
554	0.750028
555	0.800474
556	0.80242
557	0.807448
558	0.843783
559	0.811017
560	0.828049
561	0.809233
562	0.766573
563	0.802582
564	0.841998
565	0.781009
566	0.760409
567	0.720344
568	0.616045
569	0.566248
570	0.562842
571	0.610206
572	0.663085
573	0.664545
574	0.633564
575	0.631779
576	0.699257
577	0.648487
578	0.580036
579	0.502015
580	0.524723
581	0.542242
582	0.614748
583	0.621074
584	0.551974
585	0.467627
586	0.438105
587	0.478657
588	0.501041
589	0.518397
590	0.571439
591	0.570465
592	0.559598
593	0.492607
594	0.4068
595	0.383118
596	0.411504
597	0.407773
598	0.416694
599	0.390092
600	0.374521
601	0.412639
602	0.461463
603	0.471682
604	0.453028
605	0.490173
606	0.543377
607	0.51564
608	0.509314
609	0.477684
610	0.467302
611	0.491471
612	0.493904
613	0.407935
614	0.408908
615	0.444756
616	0.461301
617	0.463572
618	0.476873
619	0.510936
620	0.526832
621	0.475251
622	0.395607
623	0.369006
624	0.36495
625	0.441349
626	0.439565
627	0.393823
628	0.398852
629	0.341268
630	0.386199
631	0.390255
632	0.387497
633	0.380522
634	0.366086
635	0.393012
636	0.415397
637	0.433077
638	0.497473
639	0.494229
640	0.451244
641	0.402907
642	0.365275
643	0.362517
644	0.389119
645	0.390903
646	0.419452
647	0.389281
648	0.301203
649	0.330238
650	0.365275
651	0.365113
652	0.324886
653	0.351487
654	0.343539
655	0.323912
656	0.370141
657	0.367708
658	0.423507
659	0.465032
660	0.456921
661	0.343377
662	0.366573
663	0.365599
664	0.347108
665	0.3583
666	0.348568
667	0.394148
668	0.390741
669	0.401122
670	0.437781
671	0.420912
672	0.415072
673	0.390255
674	0.423507
675	0.470871
676	0.519695
677	0.477684
678	0.501203
679	0.546459
680	0.498284
681	0.496824
682	0.550352
683	0.585226
684	0.554407
685	0.526183
686	0.475251
687	0.439565
688	0.405015
689	0.401771
690	0.321966
691	0.318397
692	0.376143
693	0.353596
694	0.335753
695	0.321966
696	0.234699
697	0.208259
698	0.182144
699	0.161706
700	0.161058
701	0.217343
702	0.190092
703	0.0806033
704	0.0737907
705	0.08109
706	0.0319415
707	0.00420431
708	0.0562724
709	0.059841
710	0.0956885
711	0.17079
712	0.185875
713	0.204367
714	0.208259
715	0.195121
716	0.123588
717	0.126345
718	0.125697
719	0.114829
720	0.0789813
721	0.0334014
722	0.0115036
723	0.027562
724	0.0869294
725	0.0734663
726	0.0617874
727	0.0755749
728	0.0904979
729	0.163166
730	0.175332
731	0.220587
732	0.239727
733	0.266816
734	0.25092
735	0.243296
736	0.236159
737	0.239403
738	0.266816
739	0.28547
740	0.237619
741	0.132509
742	0.108665
743	0.08109
744	0.0277242
745	0.0299951
746	0.0613008
747	0.107692
748	0.130401
749	0.159111
750	0.155056
751	0.0892003
752	0.0906601
753	0.0454046
754	0.00744843
755	-0.00358158
756	-0.0238573
757	-0.0400779
758	-0.0269392
759	0.018154
760	-0.00277055
761	-0.0598671
762	-0.0937681
763	-0.0957146
764	-0.0767365
765	-0.0532166
766	-0.0303456
767	-0.0473772
768	-0.0752766
769	-0.0759255
770	-0.078683
771	-0.015747
772	0.0428093
773	0.0235068
774	0.0450802
775	0.0366455
776	0.00842166
777	0.0715198
778	0.099257
779	0.124075
780	0.0452424
781	0.0175052
782	0.0546504
783	0.0947153
784	0.139646
785	0.235834
786	0.226102
787	0.162842
788	0.0853073
789	-0.00715011
790	-0.0504591
791	0.0202627
792	0.0966617
793	0.165761
794	0.206637
795	0.173385
796	0.0968239
797	0.0817388
798	0.118722
799	0.10607
800	0.0841719
801	0.0948775
802	0.0613008
803	0.044107
804	0.0609764
805	0.00825946
806	0.0444314
807	0.0952019
808	0.103312
809	0.132347
810	0.142728
811	0.110936
812	0.039403
813	0.0838475
814	0.077197
815	0.0630851
816	0.061463
817	0.0968239
818	0.120182
819	0.0744395
820	0.0642205
821	-0.021262
822	0.0139367
823	-0.00666349
824	-0.00244614
825	0.0384298
826	0.023669
827	0.0509196
828	0.0239934
829	0.0548126
830	0.0518929
831	0.00971931
832	0.0153965
833	0.0517307
834	0.0784947
835	0.0632473
836	0.0663292
837	-0.0107186
838	-0.0337519
839	-0.0360228
840	-0.0963634
841	-0.0829003
842	-0.0365094
843	0.00355548
844	0.0345368
845	0.0616252
846	0.0619496
847	0.0679513
848	0.101203
849	0.0974728
850	0.0942286
851	0.0702222
852	0.126183
853	0.122939
854	0.197554
855	0.254002
856	0.244918
857	0.152298
858	0.0917955
859	0.148243
860	0.171114
861	0.160084
862	0.219776
863	0.233239
864	0.189606
865	0.204204
866	0.190417
867	0.129427
868	0.120668
869	0.0413495
870	0.0494598
871	0.121317
872	0.0794679
873	0.0517307
874	0.0355101
875	0.100717
876	0.13478
877	0.12959
878	0.114667
879	0.0947153
880	0.113369
881	0.0869294
882	0.0948775
883	0.162517
884	0.249135
885	0.202744
886	0.249622
887	0.213288
888	0.165113
889	0.0953641
890	0.128616
891	0.134294
892	0.0956885
893	0.0262643
894	0.0304817
895	0.0694111
896	0.142404
897	0.12959
898	0.134131
899	0.128292
900	0.114667
901	0.0265887
902	0.0611386
903	0.108341
904	0.156029
905	0.222209
906	0.208259
907	0.26568
908	0.262923
909	0.27298
910	0.282225
911	0.2201
912	0.126832
913	0.0465401
914	0.00209563
915	0.00436651
916	0.0830364
917	0.0465401
918	0.0364833
919	0.0616252
920	0.0739529
921	0.0911467
922	0.0789813
923	0.118235
924	0.127319
925	0.146783
926	0.171439
927	0.150028
928	0.152623
929	0.18036
930	0.152785
931	0.19804
932	0.31126
933	0.302339
934	0.354083
935	0.389606
936	0.389606
937	0.369168
938	0.327156
939	0.330725
940	0.287416
941	0.296013
942	0.334294
943	0.304285
944	0.245567
945	0.205015
946	0.206475
947	0.181009
948	0.217343
949	0.178251
950	0.190092
951	0.194148
952	0.18993
953	0.2274
954	0.281577
955	0.355705
956	0.38847
957	0.419938
958	0.516937
959	0.515153
960	0.506394
961	0.486605
962	0.460652
963	0.446378
964	0.455948
965	0.416045
966	0.449135
967	0.429508
968	0.385875
969	0.430319
970	0.413288
971	0.407611
972	0.412639
973	0.482712
974	0.53916
975	0.507367
976	0.519857
977	0.476873
978	0.450433
979	0.420749
980	0.459517
981	0.536889
982	0.605015
983	0.635997
984	0.634212
985	0.68774
986	0.694877
987	0.719371
988	0.69066
989	0.687578
990	0.728292
991	0.68255
992	0.622534
993	0.617343
994	0.630644
995	0.66568
996	0.766573
997	0.751812
998	0.737862
999	0.744675
1000	0.732347
1001	0.81199
1002	0.890336
1003	0.899419
1004	0.859517
1005	0.84654
1006	0.862923
1007	0.791714
1008	0.799338
1009	0.813126
1010	0.80096
1011	0.837294
1012	0.934618
1013	0.945324
1014	0.981658
1015	1.02918
1016	1.00064
1017	1.02967
1018	1.03794
1019	1.07963
1020	1.06211
1021	1.05887
1022	1.12051
1023	1.22059
