0	0.700519
1	0.635589
2	0.496711
3	0.364247
4	0.29611
5	0.194707
6	0.137593
7	0.175269
8	0.192303
9	0.143806
10	0.0227636
11	-0.0239298
12	-0.0636092
13	-0.121325
14	-0.169421
15	-0.23395
16	-0.282046
17	-0.304291
18	-0.323128
19	-0.312507
20	-0.350784
21	-0.375032
22	-0.487858
23	-0.531745
24	-0.48926
25	-0.533148
26	-0.571625
27	-0.64918
28	-0.704691
29	-0.755593
30	-0.847978
31	-0.835553
32	-0.801084
33	-0.79427
34	-0.811505
35	-0.869621
36	-0.910303
37	-0.969621
38	-1.01752
39	-0.988058
40	-0.963409
41	-0.988659
42	-0.980242
43	-0.96922
44	-1.0067
45	-0.984451
46	-1.02774
47	-1.1103
48	-1.12533
49	-1.10068
50	-1.0568
51	-1.05579
52	-1.02393
53	-0.943769
54	-1.03495
55	-1.10529
56	-1.1606
57	-1.15399
58	-1.17303
59	-1.1089
60	-1.10189
61	-1.13355
62	-1.19587
63	-1.24056
64	-1.257
65	-1.27884
66	-1.30128
67	-1.31872
68	-1.27844
69	-1.21992
70	-1.24517
71	-1.34637
72	-1.36441
73	-1.34778
74	-1.3077
75	-1.32473
76	-1.31471
77	-1.31952
78	-1.27523
79	-1.24136
80	-1.22794
81	-1.19808
82	-1.20569
83	-1.19227
84	-1.13956
85	-1.13976
86	-1.22694
87	-1.29768
88	-1.33856
89	-1.37463
90	-1.37563
91	-1.37643
92	-1.30449
93	-1.2578
94	-1.26321
95	-1.30549
96	-1.27824
97	-1.27904
98	-1.32193
99	-1.34337
100	-1.40409
101	-1.44116
102	-1.41431
103	-1.37203
104	-1.39367
105	-1.42493
106	-1.42914
107	-1.44417
108	-1.46321
109	-1.43395
110	-1.37403
111	-1.39146
112	-1.42173
113	-1.45619
114	-1.43034
115	-1.39046
116	-1.38004
117	-1.3596
118	-1.33996
119	-1.37062
120	-1.39708
121	-1.39427
122	-1.36341
123	-1.39026
124	-1.41451
125	-1.45159
126	-1.47042
127	-1.55239
128	-1.58946
129	-1.62814
130	-1.63916
131	-1.60369
132	-1.49908
133	-1.47403
134	-1.46662
135	-1.48365
136	-1.4095
137	-1.37082
138	-1.3598
139	-1.42714
140	-1.53836
141	-1.56281
142	-1.6089
143	-1.59347
144	-1.54998
145	-1.50169
146	-1.50169
147	-1.55239
148	-1.64617
149	-1.63796
150	-1.6111
151	-1.59647
152	-1.6093
153	-1.58986
154	-1.57183
155	-1.56181
156	-1.53916
157	-1.52393
158	-1.51631
159	-1.50469
160	-1.5071
161	-1.43455
162	-1.4592
163	-1.51812
164	-1.57924
165	-1.67924
166	-1.61311
167	-1.59728
168	-1.57343
169	-1.57283
170	-1.62774
171	-1.67042
172	-1.67363
173	-1.68064
174	-1.68245
175	-1.64197
176	-1.59828
177	-1.64978
178	-1.69527
179	-1.67904
180	-1.69367
181	-1.73034
182	-1.71431
183	-1.6566
184	-1.62413
185	-1.62052
186	-1.64517
187	-1.66321
188	-1.68245
189	-1.80409
190	-1.84658
191	-1.83615
192	-1.76882
193	-1.72914
194	-1.64116
195	-1.6073
196	-1.62293
197	-1.54918
198	-1.49447
199	-1.39086
200	-1.24197
201	-1.09567
202	-0.947577
203	-0.87904
204	-0.839561
205	-0.817317
206	-0.70409
207	-0.593469
208	-0.558198
209	-0.541966
210	-0.433349
211	-0.317918
212	-0.214912
213	-0.192667
214	-0.257998
215	-0.265212
216	-0.168419
217	-0.078038
218	-0.0553927
219	-0.081044
220	-0.0954729
221	-0.0537895
222	0.0680542
223	0.170459
224	0.269257
225	0.342202
226	0.404527
227	0.474066
228	0.542403
229	0.528375
230	0.586491
231	0.658435
232	0.658635
233	0.665449
234	0.749216
235	0.784287
236	0.845208
237	0.987894
238	1.04962
239	1.01234
240	1.01835
241	1.10072
242	1.17487
243	1.23459
244	1.24681
245	1.26084
246	1.30493
247	1.33519
248	1.33779
249	1.30593
250	1.37607
251	1.70934
252	2.61675
253	4.4414
254	6.93118
255	9.5414
256	12.0572
257	14.028
258	15.5817
259	16.7382
260	17.553
261	17.9851
262	18.2833
263	18.3799
264	18.2715
265	18.1634
266	18.0027
267	17.8017
268	17.5851
269	17.3422
270	17.2184
271	17.0099
272	16.9178
273	16.7075
274	16.5135
275	16.2552
276	16.0923
277	15.8679
278	15.7298
279	15.622
280	15.4671
281	15.2977
282	15.1781
283	15.0284
284	14.8398
285	14.6701
286	14.6127
287	14.4709
288	14.4442
289	14.2344
290	14.1398
291	14.0699
292	14.018
293	13.7316
294	13.5799
295	13.4991
296	13.3059
297	13.0839
298	12.8753
299	12.724
300	12.621
301	12.5488
302	12.4789
303	12.2963
304	12.2178
305	12.0973
306	12.0584
307	11.9548
308	11.8673
309	11.6422
310	11.5392
311	11.4813
312	11.3368
313	11.1975
314	10.9568
315	10.7482
316	10.5777
317	10.4654
318	10.3388
319	10.1356
320	10.038
321	9.91936
322	9.83218
323	9.7396
324	9.71675
325	9.52216
326	9.46685
327	9.4921
328	9.37527
329	9.37126
330	9.31956
331	9.22196
332	9.08469
333	8.94381
334	8.85463
335	8.62837
336	8.5424
337	8.43178
338	8.43499
339	8.32517
340	8.2915
341	8.18629
342	8.10593
343	7.9923
344	7.82617
345	7.83659
346	7.78529
347	7.69491
348	7.58569
349	7.46204
350	7.45342
351	7.35763
352	7.33379
353	7.15763
354	7.03419
355	6.96625
356	7.02357
357	6.90332
358	6.81194
359	6.7416
360	6.61174
361	6.61976
362	6.57988
363	6.48369
364	6.30072
365	6.13379
366	6.09471
367	6.00072
368	6.01535
369	5.94821
370	5.91334
371	5.83238
372	5.80593
373	5.63479
374	5.57407
375	5.58749
376	5.49972
377	5.44741
378	5.35904
379	5.30773
380	5.26485
381	5.22938
382	5.28288
383	5.19351
384	5.12076
385	5.00132
386	4.92597
387	4.85342
388	4.9414
389	4.81675
390	4.72116
391	4.66084
392	4.57827
393	4.65363
394	4.70312
395	4.67286
396	4.58529
397	4.56665
398	4.60894
399	4.59731
400	4.66565
401	4.67046
402	4.67266
403	4.58569
404	4.52497
405	4.38088
406	4.33479
407	4.37166
408	4.25964
409	4.26304
410	4.28308
411	4.22938
412	4.16805
413	4.17567
414	4.19711
415	4.05363
416	3.94821
417	3.90453
418	3.92397
419	3.90353
420	3.8929
421	3.81936
422	3.87106
423	3.9394
424	3.88008
425	3.89591
426	3.88188
427	3.8909
428	3.81956
429	3.72156
430	3.73218
431	3.66344
432	3.62858
433	3.53659
434	3.49852
435	3.48268
436	3.52236
437	3.41495
438	3.38689
439	3.41675
440	3.37647
441	3.40433
442	3.37707
443	3.34501
444	3.28769
445	3.21034
446	3.23098
447	3.13238
448	3.13779
449	3.10092
450	3.06344
451	3.02657
452	3.04801
453	2.98088
454	2.95984
455	2.96024
456	2.85964
457	2.86785
458	2.85082
459	2.83178
460	2.74621
461	2.67948
462	2.69431
463	2.62116
464	2.67006
465	2.5891
466	2.51655
467	2.45042
468	2.50573
469	2.4418
470	2.50132
471	2.47727
472	2.41455
473	2.38769
474	2.3402
475	2.23439
476	2.18409
477	2.18589
478	2.25663
479	2.19651
480	2.20332
481	2.16906
482	2.13679
483	2.08609
484	2.15543
485	2.04541
486	2.00152
487	1.9903
488	1.97346
489	1.94821
490	1.93318
491	1.82537
492	1.73178
493	1.78669
494	1.83258
495	1.66525
496	1.62898
497	1.56565
498	1.57367
499	1.57106
500	1.63138
501	1.55242
502	1.58328
503	1.58369
504	1.4396
505	1.40072
506	1.35062
507	1.31735
508	1.30894
509	1.31254
510	1.41355
511	1.32637
512	1.35703
513	1.36785
514	1.50954
515	1.50573
516	1.47427
517	1.33238
518	1.35182
519	1.42537
520	1.40894
521	1.40773
522	1.36024
523	1.39471
524	1.34962
525	1.29932
526	1.39391
527	1.37387
528	1.3917
529	1.37246
530	1.35363
531	1.37507
532	1.46184
533	1.34862
534	1.32336
535	1.35583
536	1.21615
537	1.17727
538	1.18689
539	1.16565
540	1.17226
541	1.1434
542	1.13619
543	1.01334
544	1.02036
545	1.039
546	1.0907
547	1.01695
548	1.06465
549	0.994908
550	1.05322
551	1.11435
552	1.06625
553	1.04561
554	0.952623
555	0.954427
556	0.937393
557	0.944006
558	1.01535
559	0.903325
560	0.856631
561	0.888094
562	0.943605
563	0.873064
564	0.888094
565	0.814748
566	0.819557
567	0.852223
568	0.764247
569	0.729577
570	0.706531
571	0.691701
572	0.658034
573	0.663044
574	0.660639
575	0.584287
576	0.666251
577	0.679277
578	0.635188
579	0.54581
580	0.65583
581	0.558635
582	0.587493
583	0.604327
584	0.612944
585	0.673265
586	0.679878
587	0.622563
588	0.600519
589	0.622162
590	0.682884
591	0.690699
592	0.675669
593	0.616551
594	0.603124
595	0.644206
596	0.679076
597	0.554427
598	0.50573
599	0.493906
600	0.510138
601	0.547814
602	0.602924
603	0.638595
604	0.647012
605	0.638996
606	0.697313
607	0.607533
608	0.580279
609	0.470459
610	0.414146
611	0.407132
612	0.532583
613	0.472864
614	0.485289
615	0.503726
616	0.432583
617	0.376471
618	0.360239
619	0.381882
620	0.458836
621	0.438796
622	0.50593
623	0.457032
624	0.489297
625	0.428976
626	0.425569
627	0.470659
628	0.56104
629	0.455229
630	0.394707
631	0.410339
632	0.332784
633	0.364447
634	0.392503
635	0.288896
636	0.174868
637	0.173866
638	0.200118
639	0.0975131
640	0.111541
641	0.104327
642	0.069457
643	0.0383949
644	0.0880943
645	0.0748678
646	0.140399
647	0.196311
648	0.125569
649	0.161641
650	0.196711
651	0.173265
652	0.0806794
653	0.0494169
654	0.0133448
655	-0.105293
656	-0.118118
657	-0.158399
658	-0.110503
659	-0.115914
660	-0.0311442
661	-0.0539899
662	0.000719505
663	0.00773353
664	-0.026535
665	0.00973754
666	0.0790762
667	0.083485
668	-0.0261342
669	-0.107697
670	-0.131745
671	-0.164812
672	-0.127737
673	-0.144771
674	-0.179641
675	-0.191866
676	-0.0948717
677	-0.174631
678	-0.141966
679	-0.0786392
680	-0.0626071
681	-0.0377574
682	-0.0876572
683	-0.138759
684	-0.150182
685	-0.186655
686	-0.0798416
687	-0.0481783
688	-0.021525
689	-0.0501823
690	-0.0447715
691	-0.0557935
692	0.0337856
693	-0.0293406
694	-0.0592003
695	-0.00188571
696	-0.0339498
697	-0.0439699
698	-0.0313446
699	0.01595
700	0.0331844
701	0.000919906
702	0.0900983
703	0.0652486
704	0.0646474
705	-0.0201222
706	0.0123428
707	-0.0010841
708	0.0175532
709	-0.00869933
710	0.081481
711	0.117954
712	0.0776734
713	0.139998
714	0.138796
715	0.104928
716	0.189898
717	0.184687
718	0.199116
719	0.0698578
720	0.0261704
721	-0.00348891
722	0.0343868
723	0.0720622
724	0.112343
725	-0.020523
726	-8.20978e-05
727	0.00813434
728	-0.107297
729	-0.0920661
730	-0.0634088
731	-0.0519859
732	-0.0517855
733	-0.111906
734	-0.035553
735	-0.0281382
736	0.016952
737	-0.0395611
738	-0.0443707
739	-0.107297
740	-0.075032
741	-0.112307
742	-0.0297414
743	0.0702586
744	-0.00749693
745	-0.111305
746	-0.128539
747	-0.146775
748	-0.130743
749	-0.0600019
750	-0.00509212
751	-0.0852524
752	-0.0788396
753	-0.0758336
754	0.0283748
755	0.0387957
756	-0.021525
757	-0.161605
758	-0.205092
759	-0.127337
760	-0.130343
761	-0.152788
762	-0.128138
763	-0.0742304
764	-0.0259338
765	-0.0694208
766	-0.108699
767	-0.197076
768	-0.130743
769	-0.0972765
770	-0.0413647
771	-0.0864548
772	-0.103088
773	-0.196274
774	-0.127337
775	-0.0419659
776	-0.0930681
777	-0.120122
778	-0.11391
779	-0.0706232
780	-0.104892
781	-0.192066
782	-0.242567
783	-0.302086
784	-0.186655
785	-0.141164
786	-0.0834488
787	-0.0634088
788	0.00673153
789	-0.072026
790	-0.0419659
791	0.0598377
792	0.0414009
793	0.138395
794	0.153425
795	0.104327
796	0.0590361
797	0.0612405
798	0.128575
799	0.069457
800	0.0878939
801	0.0752686
802	0.0740662
803	0.0464109
804	0.0985151
805	0.018956
806	0.0133448
807	0.105529
808	0.0253688
809	0.0235652
810	0.135389
811	0.222964
812	0.193705
813	0.0716614
814	0.0566313
815	0.0263708
816	0.111942
817	0.0554289
818	0.0556293
819	0.000919906
820	0.0646474
821	0.0610401
822	0.107533
823	0.1408
824	0.112944
825	0.130379
826	0.123766
827	0.0836854
828	0.077473
829	0.12096
830	0.148615
831	0.0203588
832	0.0540261
833	0.111742
834	0.169056
835	0.14581
836	0.143405
837	0.0630442
838	0.0640462
839	0.0612405
840	-0.0211242
841	0.0127436
842	0.127573
843	0.159637
844	0.147413
845	0.124367
846	0.201722
847	0.129778
848	0.116351
849	0.103926
850	0.146611
851	0.185489
852	0.21615
853	0.0937055
854	0.0822826
855	0.170459
856	0.13579
857	0.0862906
858	0.0975131
859	0.0812806
860	0.0858898
861	0.0652486
862	0.129978
863	0.0183548
864	0.0584349
865	0.0886955
866	0.165048
867	0.18589
868	0.229377
869	0.083485
870	0.072463
871	0.154026
872	0.108335
873	0.0999179
874	0.0953087
875	0.118355
876	0.110138
877	0.157433
878	0.157834
879	0.147814
880	0.138194
881	0.0698578
882	0.123966
883	0.128174
884	0.146611
885	0.071461
886	0.081481
887	0.140198
888	0.0828838
889	0.0943067
890	0.18088
891	0.164848
892	0.12096
893	0.0762706
894	0.153024
895	0.151421
896	0.189898
897	0.101521
898	0.0908999
899	0.119156
900	0.216952
901	0.121962
902	0.182483
903	0.243004
904	0.148214
905	0.13619
906	0.132583
907	0.187493
908	0.165649
909	0.111341
910	0.116752
911	0.0947075
912	0.141802
913	0.124768
914	0.0939059
915	0.0393969
916	0.118154
917	0.0904991
918	0.0636454
919	0.102122
920	0.0416013
921	0.0399981
922	0.0969119
923	0.124166
924	0.105128
925	0.0448077
926	0.0812806
927	0.0143468
928	0.00572953
929	0.011942
930	0.0516213
931	0.0564309
932	0.0756694
933	0.0321824
934	0.107734
935	0.14601
936	0.0680542
937	0.0277736
938	0.0650482
939	0.0746674
940	0.075469
941	0.0480141
942	0.0660502
943	0.0341864
944	0.0616413
945	0.0163508
946	0.0145472
947	0.033986
948	0.222964
949	0.168655
950	0.194908
951	0.255229
952	0.218956
953	0.237192
954	0.239597
955	0.267453
956	0.258435
957	0.204527
958	0.289898
959	0.30092
960	0.324968
961	0.286691
962	0.247212
963	0.265249
964	0.361441
965	0.285289
966	0.302122
967	0.327573
968	0.331982
969	0.343004
970	0.377874
971	0.408335
972	0.385289
973	0.343806
974	0.392503
975	0.396311
976	0.483886
977	0.490699
978	0.463245
979	0.393305
980	0.382283
981	0.297914
982	0.317754
983	0.399116
984	0.421561
985	0.477673
986	0.435188
987	0.438194
988	0.453425
989	0.447012
990	0.613946
991	0.581882
992	0.588094
993	0.589096
994	0.575669
995	0.520158
996	0.585489
997	0.55082
998	0.546611
999	0.572663
1000	0.546611
1001	0.573866
1002	0.556631
1003	0.501722
1004	0.512543
1005	0.608335
1006	0.673064
1007	0.576471
1008	0.595108
1009	0.587493
1010	0.596711
1011	0.519958
1012	0.586691
1013	0.53599
1014	0.578074
1015	0.649818
1016	0.665249
1017	0.748214
1018	0.799517
1019	0.907934
1020	0.984086
1021	1.02136
1022	1.16284
1023	1.19531
