0	-0.198726
1	-0.220866
2	-0.237216
3	-0.243933
4	-0.249546
5	-0.263598
6	-0.269211
7	-0.287727
8	-0.305889
9	-0.322947
10	-0.344424
11	-0.351981
12	-0.344733
13	-0.349241
14	-0.365415
15	-0.37275
16	-0.377258
17	-0.406336
18	-0.415748
19	-0.439832
20	-0.435148
21	-0.452515
22	-0.467364
23	-0.46754
24	-0.477969
25	-0.472225
26	-0.505059
27	-0.500463
28	-0.506738
29	-0.522249
30	-0.520083
31	-0.531529
32	-0.551503
33	-0.558397
34	-0.565689
35	-0.581642
36	-0.587652
37	-0.568517
38	-0.547659
39	-0.560607
40	-0.587784
41	-0.599495
42	-0.618585
43	-0.621502
44	-0.640283
45	-0.627556
46	-0.633566
47	-0.643377
48	-0.660081
49	-0.66724
50	-0.670156
51	-0.662379
52	-0.665472
53	-0.652171
54	-0.649696
55	-0.643111
56	-0.649784
57	-0.662379
58	-0.67568
59	-0.69234
60	-0.676476
61	-0.670642
62	-0.681337
63	-0.673161
64	-0.679216
65	-0.684298
66	-0.671394
67	-0.685402
68	-0.70056
69	-0.703697
70	-0.719695
71	-0.710414
72	-0.688186
73	-0.683016
74	-0.694594
75	-0.70847
76	-0.716999
77	-0.704935
78	-0.709531
79	-0.700781
80	-0.717397
81	-0.708117
82	-0.717662
83	-0.730477
84	-0.736664
85	-0.740906
86	-0.754296
87	-0.755224
88	-0.747181
89	-0.735073
90	-0.738387
91	-0.747977
92	-0.758185
93	-0.77838
94	-0.789384
95	-0.785539
96	-0.778248
97	-0.778999
98	-0.767023
99	-0.759113
100	-0.765565
101	-0.770559
102	-0.770868
103	-0.777938
104	-0.786202
105	-0.798222
106	-0.790931
107	-0.782578
108	-0.809756
109	-0.804276
110	-0.801846
111	-0.810905
112	-0.818373
113	-0.813556
114	-0.810375
115	-0.808342
116	-0.797294
117	-0.808033
118	-0.813335
119	-0.820494
120	-0.823499
121	-0.826107
122	-0.808961
123	-0.816473
124	-0.834326
125	-0.84723
126	-0.848821
127	-0.843297
128	-0.836934
129	-0.840867
130	-0.843739
131	-0.840115
132	-0.844623
133	-0.842104
134	-0.866188
135	-0.878341
136	-0.874452
137	-0.869547
138	-0.878871
139	-0.882804
140	-0.884792
141	-0.882318
142	-0.879534
143	-0.874319
144	-0.87538
145	-0.860443
146	-0.868353
147	-0.874363
148	-0.878208
149	-0.872684
150	-0.88276
151	-0.856466
152	-0.860001
153	-0.877147
154	-0.891863
155	-0.893984
156	-0.883688
157	-0.880948
158	-0.868839
159	-0.865614
160	-0.88572
161	-0.889167
162	-0.895266
163	-0.899729
164	-0.866674
165	-0.852489
166	-0.85682
167	-0.854963
168	-0.856157
169	-0.848025
170	-0.820892
171	-0.801227
172	-0.819434
173	-0.825179
174	-0.826902
175	-0.820097
176	-0.829333
177	-0.828405
178	-0.81992
179	-0.800741
180	-0.801227
181	-0.777187
182	-0.78196
183	-0.800476
184	-0.807458
185	-0.806132
186	-0.796499
187	-0.791991
188	-0.794643
189	-0.805956
190	-0.806839
191	-0.773254
192	-0.768349
193	-0.745149
194	-0.736664
195	-0.729372
196	-0.71501
197	-0.708249
198	-0.687258
199	-0.666754
200	-0.645763
201	-0.61558
202	-0.576074
203	-0.534004
204	-0.522779
205	-0.511024
206	-0.500551
207	-0.463254
208	-0.441821
209	-0.420565
210	-0.410799
211	-0.378495
212	-0.366608
213	-0.353041
214	-0.33837
215	-0.302442
216	-0.262538
217	-0.238321
218	-0.215209
219	-0.195588
220	-0.160677
221	-0.151839
222	-0.121612
223	-0.106588
224	-0.0888669
225	-0.0682297
226	-0.0679203
227	-0.0415824
228	-0.0230222
229	-0.0286344
230	-0.0230664
231	-0.011886
232	-0.0130792
233	0.00123873
234	0.00216674
235	0.0232017
236	0.0312445
237	0.0428667
238	0.0388453
239	0.0541796
240	0.0630179
241	0.0622224
242	0.05334
243	0.0698675
244	0.0913002
245	0.0962937
246	0.0848483
247	0.0802082
248	0.0890906
249	0.0936423
250	0.0929794
251	0.08202
252	0.0634598
253	0.310046
254	0.980204
255	2.11273
256	3.45384
257	4.80273
258	6.02497
259	7.06483
260	7.88696
261	8.52804
262	9.01675
263	9.32653
264	9.54625
265	9.6383
266	9.69314
267	9.69464
268	9.64515
269	9.63653
270	9.58005
271	9.56821
272	9.49949
273	9.47466
274	9.39087
275	9.35234
276	9.29842
277	9.22666
278	9.14963
279	9.08644
280	9.02576
281	8.95095
282	8.86579
283	8.80238
284	8.69884
285	8.62314
286	8.51598
287	8.44288
288	8.33926
289	8.28742
290	8.15631
291	8.10359
292	8.00093
293	7.92505
294	7.85779
295	7.79014
296	7.72831
297	7.6463
298	7.5401
299	7.47837
300	7.35852
301	7.28137
302	7.15706
303	7.10005
304	6.99381
305	6.91993
306	6.81387
307	6.73861
308	6.66123
309	6.57148
310	6.50343
311	6.43091
312	6.34765
313	6.26895
314	6.18587
315	6.12369
316	6.03129
317	5.97287
318	5.86681
319	5.80715
320	5.74193
321	5.68028
322	5.58505
323	5.53754
324	5.44828
325	5.34708
326	5.30262
327	5.2294
328	5.16201
329	5.0746
330	5.00553
331	4.95532
332	4.88497
333	4.81608
334	4.74992
335	4.7193
336	4.63626
337	4.60993
338	4.53365
339	4.49764
340	4.43917
341	4.3686
342	4.3393
343	4.28176
344	4.22613
345	4.16629
346	4.12356
347	4.09289
348	4.04212
349	4.01145
350	3.93053
351	3.91246
352	3.87079
353	3.838
354	3.75686
355	3.73786
356	3.67652
357	3.62566
358	3.59265
359	3.54501
360	3.49012
361	3.43405
362	3.40479
363	3.37019
364	3.31964
365	3.28777
366	3.24084
367	3.21901
368	3.1841
369	3.15918
370	3.1126
371	3.10796
372	3.08547
373	3.03686
374	3.02519
375	2.99832
376	2.9711
377	2.92713
378	2.89443
379	2.887
380	2.83915
381	2.84277
382	2.79712
383	2.78634
384	2.75311
385	2.74723
386	2.6984
387	2.66662
388	2.60993
389	2.56985
390	2.56658
391	2.54545
392	2.51483
393	2.48787
394	2.46644
395	2.46069
396	2.42048
397	2.42552
398	2.37297
399	2.34421
400	2.30094
401	2.28548
402	2.24447
403	2.23174
404	2.18887
405	2.15666
406	2.13748
407	2.11216
408	2.10009
409	2.07734
410	2.05502
411	2.05665
412	2.00239
413	2.00544
414	1.9726
415	1.98012
416	1.95126
417	1.95426
418	1.91445
419	1.92514
420	1.9106
421	1.87061
422	1.85863
423	1.81024
424	1.76676
425	1.74153
426	1.7185
427	1.72359
428	1.69689
429	1.71409
430	1.67179
431	1.67347
432	1.65191
433	1.63618
434	1.60383
435	1.60626
436	1.58757
437	1.58151
438	1.58098
439	1.56498
440	1.54315
441	1.52486
442	1.49874
443	1.48553
444	1.44814
445	1.47877
446	1.45093
447	1.47015
448	1.41999
449	1.39918
450	1.342
451	1.3488
452	1.32516
453	1.30823
454	1.29789
455	1.2883
456	1.29431
457	1.28835
458	1.27045
459	1.25967
460	1.22379
461	1.21411
462	1.19572
463	1.20629
464	1.16961
465	1.17394
466	1.15626
467	1.15639
468	1.14596
469	1.13898
470	1.15949
471	1.13041
472	1.11781
473	1.10363
474	1.09448
475	1.10747
476	1.09059
477	1.11432
478	1.07283
479	1.07106
480	1.04397
481	1.0479
482	1.02015
483	1.03681
484	1.02042
485	0.991649
486	0.988247
487	0.987539
488	0.964074
489	0.943967
490	0.918911
491	0.928368
492	0.920104
493	0.939857
494	0.910691
495	0.904372
496	0.885281
497	0.878653
498	0.830705
499	0.823546
500	0.801716
501	0.796722
502	0.79195
503	0.781476
504	0.776174
505	0.778958
506	0.764816
507	0.776439
508	0.748068
509	0.765921
510	0.74166
511	0.75726
512	0.741086
513	0.746698
514	0.710771
515	0.706175
516	0.683947
517	0.691062
518	0.699944
519	0.678334
520	0.672855
521	0.666447
522	0.648329
523	0.658051
524	0.624289
525	0.64908
526	0.611915
527	0.624819
528	0.607717
529	0.618279
530	0.587699
531	0.619295
532	0.617925
533	0.598746
534	0.611959
535	0.605021
536	0.608645
537	0.59552
538	0.588671
539	0.596183
540	0.560433
541	0.581291
542	0.573425
543	0.58571
544	0.551948
545	0.558312
546	0.541917
547	0.544789
548	0.533609
549	0.523091
550	0.518628
551	0.508862
552	0.500996
553	0.504796
554	0.515269
555	0.520396
556	0.504045
557	0.514165
558	0.472492
559	0.479033
560	0.468604
561	0.48217
562	0.452165
563	0.479342
564	0.468825
565	0.460693
566	0.443415
567	0.42238
568	0.425473
569	0.432544
570	0.424015
571	0.437184
572	0.414293
573	0.424413
574	0.422115
575	0.429583
576	0.398075
577	0.417165
578	0.397898
579	0.419375
580	0.407178
581	0.389369
582	0.403378
583	0.403466
584	0.413762
585	0.384552
586	0.373593
587	0.400063
588	0.374521
589	0.403908
590	0.371295
591	0.393656
592	0.373681
593	0.394407
594	0.360335
595	0.377305
596	0.383845
597	0.392551
598	0.373549
599	0.353442
600	0.356977
601	0.372223
602	0.363782
603	0.370588
604	0.337665
605	0.346371
606	0.30408
607	0.32432
608	0.306997
609	0.318045
610	0.281852
611	0.296568
612	0.286536
613	0.281145
614	0.300103
615	0.297054
616	0.304611
617	0.293872
618	0.288658
619	0.318928
620	0.289276
621	0.318707
622	0.29807
623	0.322331
624	0.30492
625	0.312123
626	0.301517
627	0.326176
628	0.318884
629	0.30956
630	0.291795
631	0.265811
632	0.273544
633	0.274561
634	0.260375
635	0.258563
636	0.255249
637	0.281808
638	0.263778
639	0.28278
640	0.260154
641	0.278538
642	0.24893
643	0.2503
644	0.23417
645	0.234833
646	0.234347
647	0.20929
648	0.231695
649	0.241992
650	0.227674
651	0.223785
652	0.205667
653	0.226304
654	0.195768
655	0.226216
656	0.217996
657	0.230149
658	0.204739
659	0.214947
660	0.214726
661	0.210042
662	0.188962
663	0.19484
664	0.197756
665	0.201248
666	0.202794
667	0.221487
668	0.212737
669	0.238766
670	0.211014
671	0.212384
672	0.167441
673	0.18008
674	0.160592
675	0.17164
676	0.149367
677	0.162006
678	0.169209
679	0.168325
680	0.167353
681	0.15931
682	0.164304
683	0.167486
684	0.147246
685	0.165276
686	0.116489
687	0.124134
688	0.11755
689	0.154891
690	0.126211
691	0.143667
692	0.135049
693	0.110965
694	0.111098
695	0.113484
696	0.123074
697	0.137391
698	0.131602
699	0.145876
700	0.126255
701	0.148174
702	0.132309
703	0.163906
704	0.130321
705	0.15657
706	0.137878
707	0.141722
708	0.120599
709	0.129614
710	0.13611
711	0.114721
712	0.117859
713	0.118654
714	0.122941
715	0.149765
716	0.12493
717	0.150207
718	0.122853
719	0.132442
720	0.118743
721	0.121173
722	0.0907257
723	0.0944377
724	0.102171
725	0.0966473
726	0.120113
727	0.107342
728	0.107518
729	0.112998
730	0.106944
731	0.128597
732	0.10606
733	0.127316
734	0.0932888
735	0.116666
736	0.100227
737	0.0992987
738	0.0612502
739	0.0886929
740	0.101066
741	0.106369
742	0.110081
743	0.0893557
744	0.0833458
745	0.0757449
746	0.0747727
747	0.108756
748	0.105132
749	0.12652
750	0.0864833
751	0.0954541
752	0.0821968
753	0.0879858
754	0.0511746
755	0.0648739
756	0.0383592
757	0.0369893
758	0.0400827
759	0.0368567
760	0.0383592
761	0.0499373
762	0.0331447
763	0.0305816
764	-0.00269428
765	0.0110491
766	-0.00587604
767	0.0152473
768	0.00437629
769	0.026516
770	0.0206386
771	0.0399501
772	0.0342053
773	0.0298304
774	0.0363706
775	0.0275324
776	0.019578
777	0.0106956
778	0.0136564
779	0.0301397
780	0.00689518
781	0.0284162
782	-0.00136855
783	0.0172801
784	0.0111375
785	0.0303165
786	0.00101777
787	0.0240855
788	0.026516
789	0.0395966
790	0.0423806
791	0.0232459
792	0.0335424
793	0.0393756
794	0.0335424
795	0.0491419
796	0.0320841
797	0.0538261
798	0.0329237
799	0.0627527
800	0.0471975
801	0.0611618
802	0.0474184
803	0.0718561
804	0.0789708
805	0.0779986
806	0.0872788
807	0.0824619
808	0.0913443
809	0.0760542
810	0.0661554
811	0.0968682
812	0.104513
813	0.101862
814	0.0858646
815	0.118389
816	0.108667
817	0.111761
818	0.0947912
819	0.112512
820	0.117947
821	0.13421
822	0.16289
823	0.154184
824	0.153079
825	0.147379
826	0.147821
827	0.156482
828	0.143578
829	0.157719
830	0.126211
831	0.150958
832	0.123781
833	0.126255
834	0.111716
835	0.130409
836	0.122411
837	0.111716
838	0.105972
839	0.0946587
840	0.0915211
841	0.0855111
842	0.0853344
843	0.106458
844	0.105751
845	0.129172
846	0.0847157
847	0.0897535
848	0.0658461
849	0.0858646
850	0.071149
851	0.100669
852	0.0905489
853	0.113705
854	0.105265
855	0.0972218
856	0.090107
857	0.0765845
858	0.0574056
859	0.0706629
860	0.0685417
861	0.0775567
862	0.0477719
863	0.0676137
864	0.051263
865	0.0793244
866	0.0549751
867	0.0839644
868	0.0623992
869	0.0736679
870	0.0918304
871	0.0895767
872	0.091035
873	0.0726073
874	0.0655368
875	0.0956751
876	0.0838319
877	0.12325
878	0.0806943
879	0.0824177
880	0.0576265
881	0.0731376
882	0.0707513
883	0.0847157
884	0.0640784
885	0.061427
886	0.0671718
887	0.0733586
888	0.0747285
889	0.0650948
890	0.0594384
891	0.0760542
892	0.0371661
893	0.058201
894	0.0535168
895	0.0975753
896	0.103453
897	0.115384
898	0.0841854
899	0.0888696
900	0.0707071
901	0.0739331
902	0.0784847
903	0.0730934
904	0.0771148
905	0.0862624
906	0.0855553
907	0.101906
908	0.0852018
909	0.107253
910	0.0751262
911	0.0996965
912	0.083169
913	0.0772474
914	0.057273
915	0.089179
916	0.0923165
917	0.0758775
918	0.0643436
919	0.0380499
920	0.0517933
921	0.0418945
922	0.0223621
923	0.0260299
924	0.0130819
925	0.0325702
926	0.00671842
927	0.0199316
928	0.0023435
929	0.0266044
930	0.011005
931	0.0183407
932	0.003846
933	0.00464144
934	0.0230249
935	0.0259857
936	0.0232017
937	0.0110491
938	0.00190159
939	0.0322609
940	0.0249251
941	0.0365474
942	0.00115034
943	0.018871
944	0.0220527
945	0.0186058
946	-0.00569927
947	0.0163963
948	0.0148496
949	0.0115352
950	0.024439
951	0.0103421
952	0.019578
953	0.0235552
954	0.0250577
955	0.0404362
956	0.0326586
957	0.0436622
958	0.0530307
959	0.0718119
960	0.0380499
961	0.063504
962	0.0392872
963	0.0334098
964	0.0273557
965	0.031598
966	0.0434854
967	0.0393314
968	0.0448995
969	0.0296536
970	0.0324376
971	0.0443692
972	0.0344262
973	0.0539145
974	0.0491419
975	0.0896209
976	0.0814897
977	0.0863508
978	0.0502024
979	0.0761426
980	0.0733144
981	0.097752
982	0.106855
983	0.108402
984	0.145213
985	0.132044
986	0.117771
987	0.129835
988	0.115163
989	0.152284
990	0.148174
991	0.179815
992	0.163553
993	0.177075
994	0.144948
995	0.152284
996	0.156173
997	0.15003
998	0.16395
999	0.157896
1000	0.166955
1001	0.171949
1002	0.176633
1003	0.186134
1004	0.180699
1005	0.211588
1006	0.207611
1007	0.243273
1008	0.231872
1009	0.254188
1010	0.227895
1011	0.247648
1012	0.23333
1013	0.237484
1014	0.271556
1015	0.258342
1016	0.27867
1017	0.286801
1018	0.289365
1019	0.329623
1020	0.332716
1021	0.378852
1022	0.387867
1023	0.450088
