0	-0.000288493
1	-0.000105844
2	-0.000105844
3	-0.00014968
4	-0.00014968
5	-0.000159421
6	2.07921e-05
7	-6.68794e-05
8	-0.000135068
9	-0.000232481
10	-0.00022274
11	-0.00018621
12	-0.000286058
13	-0.000127762
14	-4.73968e-05
15	-1.33024e-05
16	-6.44441e-05
17	-0.000110715
18	-0.000193516
19	-9.61032e-05
20	-3.27849e-05
21	-9.12326e-05
22	-7.66207e-05
23	-8.14913e-05
24	1.59214e-05
25	0.000169346
26	1.83567e-05
27	0.000113334
28	9.62869e-05
29	0.000108464
30	0.000210747
31	0.000249712
32	0.000266759
33	9.38516e-05
34	5.24512e-05
35	8.8981e-05
36	7.92397e-05
37	0.000196135
38	0.000227794
39	0.000164476
40	-3.56112e-06
41	0.000152299
42	0.000162041
43	6.46278e-05
44	0.000222923
45	-1.57377e-05
46	9.38516e-05
47	0.000101158
48	6.46278e-05
49	8.61547e-06
50	-6.68794e-05
51	-4.49615e-05
52	0.000140123
53	0.000244841
54	0.00034956
55	0.000690504
56	0.00175717
57	0.00514227
58	0.015412
59	0.0426924
60	0.0983029
61	0.185848
62	0.295362
63	0.413104
64	0.52801
65	0.634616
66	0.730572
67	0.814761
68	0.887319
69	0.948716
70	0.999249
71	1.04028
72	1.07274
73	1.09797
74	1.11736
75	1.13218
76	1.14296
77	1.15098
78	1.15675
79	1.16188
80	1.16791
81	1.17611
82	1.18608
83	1.19692
84	1.20751
85	1.21715
86	1.22521
87	1.23182
88	1.23681
89	1.24001
90	1.24165
91	1.24178
92	1.2405
93	1.23791
94	1.2344
95	1.23028
96	1.22535
97	1.2201
98	1.21422
99	1.20815
100	1.20187
101	1.19574
102	1.18982
103	1.18401
104	1.17802
105	1.17174
106	1.16539
107	1.15882
108	1.15199
109	1.14484
110	1.1377
111	1.13018
112	1.12253
113	1.11476
114	1.10686
115	1.0989
116	1.09093
117	1.08254
118	1.07422
119	1.066
120	1.05768
121	1.04916
122	1.04073
123	1.03279
124	1.02444
125	1.01594
126	1.00765
127	0.999473
128	0.991149
129	0.982862
130	0.974511
131	0.966031
132	0.957517
133	0.948847
134	0.939903
135	0.93106
136	0.92203
137	0.912922
138	0.90393
139	0.895061
140	0.88633
141	0.877656
142	0.869069
143	0.860723
144	0.852309
145	0.844272
146	0.83599
147	0.828019
148	0.82018
149	0.812292
150	0.804353
151	0.796338
152	0.788397
153	0.780394
154	0.772353
155	0.76445
156	0.756694
157	0.748896
158	0.740918
159	0.733032
160	0.725619
161	0.717884
162	0.710252
163	0.702729
164	0.695387
165	0.687971
166	0.680432
167	0.67323
168	0.665997
169	0.658869
170	0.651848
171	0.645027
172	0.63794
173	0.630907
174	0.62402
175	0.617228
176	0.610311
177	0.603634
178	0.596968
179	0.590303
180	0.583698
181	0.577055
182	0.570487
183	0.563882
184	0.557643
185	0.551457
186	0.545352
187	0.539575
188	0.533791
189	0.528144
190	0.522689
191	0.517195
192	0.511722
193	0.506348
194	0.50101
195	0.4958
196	0.490416
197	0.485311
198	0.480161
199	0.474976
200	0.469769
201	0.464587
202	0.459331
203	0.454191
204	0.449205
205	0.444233
206	0.439442
207	0.434713
208	0.43001
209	0.425247
210	0.420556
211	0.416489
212	0.412337
213	0.408329
214	0.404089
215	0.400034
216	0.396038
217	0.391837
218	0.387302
219	0.383199
220	0.379098
221	0.374887
222	0.370642
223	0.366694
224	0.36263
225	0.358448
226	0.354413
227	0.350451
228	0.346411
229	0.342782
230	0.339112
231	0.335681
232	0.332322
233	0.328837
234	0.325686
235	0.322221
236	0.318521
237	0.315071
238	0.311622
239	0.308064
240	0.304742
241	0.301418
242	0.298352
243	0.295079
244	0.292001
245	0.289108
246	0.286039
247	0.283073
248	0.280121
249	0.277077
250	0.274123
251	0.271196
252	0.268261
253	0.2654
254	0.262407
255	0.259694
256	0.256796
257	0.253815
258	0.250944
259	0.247909
260	0.245184
261	0.242211
262	0.239456
263	0.236609
264	0.233692
265	0.230869
266	0.227847
267	0.224983
268	0.222093
269	0.219022
270	0.216172
271	0.213277
272	0.210427
273	0.207751
274	0.205131
275	0.202493
276	0.199768
277	0.197191
278	0.194897
279	0.192732
280	0.190589
281	0.188544
282	0.186352
283	0.184099
284	0.181954
285	0.179713
286	0.17731
287	0.174945
288	0.17268
289	0.170493
290	0.16825
291	0.166051
292	0.163986
293	0.161853
294	0.159783
295	0.157527
296	0.155499
297	0.153485
298	0.1514
299	0.149486
300	0.147494
301	0.145521
302	0.143619
303	0.1416
304	0.139754
305	0.137938
306	0.136233
307	0.134178
308	0.132543
309	0.130948
310	0.12949
311	0.128201
312	0.127193
313	0.126579
314	0.126221
315	0.125664
316	0.125045
317	0.124237
318	0.123603
319	0.12261
320	0.12168
321	0.121614
322	0.123185
323	0.126126
324	0.129368
325	0.132105
326	0.134555
327	0.136272
328	0.136564
329	0.135965
330	0.135008
331	0.134297
332	0.133669
333	0.132962
334	0.132017
335	0.130905
336	0.129787
337	0.128686
338	0.127536
339	0.126353
340	0.125255
341	0.124127
342	0.123238
343	0.122561
344	0.121592
345	0.120467
346	0.119334
347	0.118195
348	0.117084
349	0.115659
350	0.114469
351	0.113158
352	0.111924
353	0.110521
354	0.109203
355	0.107922
356	0.106483
357	0.105273
358	0.104157
359	0.10292
360	0.10188
361	0.100758
362	0.099825
363	0.0988338
364	0.0979279
365	0.0970463
366	0.0961331
367	0.0950518
368	0.094158
369	0.0932716
370	0.0923461
371	0.0911017
372	0.0901324
373	0.089095
374	0.0881111
375	0.0871224
376	0.0861896
377	0.0852399
378	0.0843315
379	0.0834231
380	0.0827266
381	0.0819181
382	0.0812922
383	0.0805568
384	0.0796752
385	0.0789154
386	0.0780045
387	0.0772472
388	0.0764216
389	0.0757178
390	0.0750359
391	0.0741519
392	0.0734846
393	0.0723717
394	0.0712344
395	0.0705379
396	0.0696295
397	0.0686529
398	0.0676666
399	0.0668727
400	0.065901
401	0.0652557
402	0.0646809
403	0.0639917
404	0.0632368
405	0.0626036
406	0.0618535
407	0.061157
408	0.060519
409	0.059859
410	0.0590505
411	0.0582931
412	0.0576161
413	0.0570876
414	0.0565762
415	0.055926
416	0.0552392
417	0.0547594
418	0.0540654
419	0.053532
420	0.0529963
421	0.0526383
422	0.0519491
423	0.0510967
424	0.0504051
425	0.0499521
426	0.0491436
427	0.048413
428	0.047809
429	0.0472733
430	0.0465159
431	0.0457658
432	0.045252
433	0.044743
434	0.0440952
435	0.043367
436	0.0426535
437	0.0418985
438	0.0411606
439	0.040374
440	0.0396312
441	0.0387862
442	0.0379752
443	0.0372739
444	0.036592
445	0.0355545
446	0.0348897
447	0.0342516
448	0.0333676
449	0.0324446
450	0.0317798
451	0.0312294
452	0.0304671
453	0.0300483
454	0.029493
455	0.0289207
456	0.0283825
457	0.027932
458	0.0276276
459	0.0272793
460	0.0266875
461	0.0263052
462	0.0258741
463	0.0253505
464	0.0249852
465	0.0244787
466	0.0238358
467	0.0232659
468	0.0227886
469	0.0221895
470	0.0216903
471	0.0209329
472	0.020268
473	0.0195934
474	0.0188823
475	0.0183855
476	0.0177426
477	0.0171922
478	0.016654
479	0.0159965
480	0.0153828
481	0.0148373
482	0.014265
483	0.0135977
484	0.0131715
485	0.0127551
486	0.0123752
487	0.0120293
488	0.0115739
489	0.0109091
490	0.0101882
491	0.00967196
492	0.00895597
493	0.0085444
494	0.00810361
495	0.00755567
496	0.00716114
497	0.00646464
498	0.00601167
499	0.00562446
500	0.00510817
501	0.004738
502	0.00441411
503	0.00397088
504	0.00341806
505	0.00314774
506	0.00270938
507	0.00228564
508	0.001745
509	0.00132856
510	0.00103388
511	0.000675893
512	0.000106028
513	-0.000210563
514	-0.000675709
515	-0.00100448
516	-0.00159869
517	-0.00205166
518	-0.00245106
519	-0.00278713
520	-0.00322062
521	-0.00370768
522	-0.00422884
523	-0.00465258
524	-0.0049156
525	-0.00542458
526	-0.00586781
527	-0.00627207
528	-0.00680784
529	-0.00723646
530	-0.00747999
531	-0.00789643
532	-0.00828608
533	-0.00866355
534	-0.00899963
535	-0.00935518
536	-0.00990556
537	-0.0101613
538	-0.0104584
539	-0.0104998
540	-0.010792
541	-0.0110453
542	-0.0111062
543	-0.011318
544	-0.0114082
545	-0.0114885
546	-0.0117247
547	-0.0119853
548	-0.0122897
549	-0.0125333
550	-0.0127208
551	-0.0130788
552	-0.0134319
553	-0.0137339
554	-0.014031
555	-0.0144206
556	-0.0147397
557	-0.015105
558	-0.0154922
559	-0.015726
560	-0.0159354
561	-0.0160401
562	-0.0163251
563	-0.0165101
564	-0.016817
565	-0.0169923
566	-0.0171945
567	-0.0177181
568	-0.017908
569	-0.0182636
570	-0.0184681
571	-0.0186605
572	-0.018999
573	-0.0193156
574	-0.0195324
575	-0.0197394
576	-0.0201656
577	-0.0203872
578	-0.0209083
579	-0.0211665
580	-0.0214003
581	-0.0216657
582	-0.0218898
583	-0.0223525
584	-0.0227105
585	-0.0229613
586	-0.0232292
587	-0.0234362
588	-0.0237041
589	-0.0241424
590	-0.024554
591	-0.0246855
592	-0.0250532
593	-0.0252115
594	-0.0255111
595	-0.0256377
596	-0.0258155
597	-0.0260566
598	-0.0261589
599	-0.0263634
600	-0.0264584
601	-0.0269504
602	-0.0272158
603	-0.0273376
604	-0.0274813
605	-0.0276931
606	-0.0278149
607	-0.0281071
608	-0.0284724
609	-0.0289059
610	-0.0288986
611	-0.0291592
612	-0.0291592
613	-0.0295294
614	-0.0297412
615	-0.0298898
616	-0.0302283
617	-0.0303866
618	-0.0305887
619	-0.0307811
620	-0.0310149
621	-0.0312073
622	-0.0315482
623	-0.0316968
624	-0.0318429
625	-0.0320718
626	-0.032196
627	-0.032347
628	-0.032386
629	-0.0322593
630	-0.0321741
631	-0.0323397
632	-0.0322593
633	-0.0322106
634	-0.0324103
635	-0.0326125
636	-0.0329193
637	-0.0330192
638	-0.0329729
639	-0.0330484
640	-0.0332749
641	-0.0334234
642	-0.033477
643	-0.0335647
644	-0.0336694
645	-0.0337887
646	-0.0340444
647	-0.0342027
648	-0.0343829
649	-0.0343805
650	-0.0344414
651	-0.034305
652	-0.0344219
653	-0.0344925
654	-0.0345534
655	-0.0347068
656	-0.0347775
657	-0.0348481
658	-0.0350502
659	-0.0351014
660	-0.0351501
661	-0.0351647
662	-0.035245
663	-0.035452
664	-0.0356298
665	-0.0356493
666	-0.0356591
667	-0.0351087
668	-0.0340103
669	-0.0325638
670	-0.0308517
671	-0.0291373
672	-0.0276858
673	-0.0264438
674	-0.0252456
675	-0.0241814
676	-0.0227446
677	-0.0214879
678	-0.0201363
679	-0.0187604
680	-0.0175793
681	-0.0166076
682	-0.015877
683	-0.0150295
684	-0.014445
685	-0.013975
686	-0.0136219
687	-0.0132809
688	-0.0130471
689	-0.0127549
690	-0.0125065
691	-0.0123311
692	-0.0120486
693	-0.012112
694	-0.012017
695	-0.0121339
696	-0.0122021
697	-0.0122435
698	-0.0122435
699	-0.0122532
700	-0.0121753
701	-0.0121704
702	-0.012129
703	-0.0121193
704	-0.0121582
705	-0.0123823
706	-0.0123823
707	-0.0126745
708	-0.0129497
709	-0.0130739
710	-0.0132103
711	-0.0134051
712	-0.0135829
713	-0.0139433
714	-0.0140139
715	-0.0140748
716	-0.0142916
717	-0.0141162
718	-0.0141479
719	-0.0141187
720	-0.0143013
721	-0.0142502
722	-0.0142818
723	-0.0142307
724	-0.014333
725	-0.0143841
726	-0.0146301
727	-0.0148541
728	-0.0150002
729	-0.0149832
730	-0.0151245
731	-0.0151707
732	-0.0152511
733	-0.015385
734	-0.0154021
735	-0.0151926
736	-0.0149296
737	-0.0146983
738	-0.0145716
739	-0.0146398
740	-0.0146764
741	-0.0147226
742	-0.0145789
743	-0.0146837
744	-0.0148273
745	-0.0151366
746	-0.015234
747	-0.015385
748	-0.0156188
749	-0.0157211
750	-0.0159403
751	-0.0162082
752	-0.0165978
753	-0.0168706
754	-0.0171117
755	-0.0173601
756	-0.0177473
757	-0.0179616
758	-0.018361
759	-0.0184024
760	-0.0188602
761	-0.0190599
762	-0.0194301
763	-0.0196322
764	-0.0200024
765	-0.0202727
766	-0.0205917
767	-0.0208694
768	-0.0211762
769	-0.0213808
770	-0.0218435
771	-0.0220578
772	-0.0223452
773	-0.0225814
774	-0.0227835
775	-0.0229662
776	-0.0232219
777	-0.0236164
778	-0.0237479
779	-0.0239281
780	-0.0242374
781	-0.0246441
782	-0.0248609
783	-0.0252651
784	-0.0252408
785	-0.0256426
786	-0.0259567
787	-0.0261272
788	-0.0263756
789	-0.0267799
790	-0.0268968
791	-0.0272134
792	-0.0274374
793	-0.0275007
794	-0.0276493
795	-0.0276615
796	-0.0275007
797	-0.0274813
798	-0.0275543
799	-0.0275567
800	-0.0275202
801	-0.0273619
802	-0.0274959
803	-0.0277905
804	-0.0278052
805	-0.0278831
806	-0.0280487
807	-0.0281802
808	-0.0282338
809	-0.0285625
810	-0.0287013
811	-0.0285771
812	-0.0287379
813	-0.0288694
814	-0.0290058
815	-0.029337
816	-0.0293126
817	-0.029337
818	-0.0295001
819	-0.0296901
820	-0.0297778
821	-0.0299969
822	-0.0301284
823	-0.0303671
824	-0.0306155
825	-0.030652
826	-0.0308444
827	-0.0311123
828	-0.0313607
829	-0.0313948
830	-0.0316286
831	-0.0317479
832	-0.0318648
833	-0.0320256
834	-0.0321863
835	-0.0323568
836	-0.0325297
837	-0.0326125
838	-0.0326539
839	-0.0326782
840	-0.0326173
841	-0.0326003
842	-0.0325126
843	-0.0322837
844	-0.0320499
845	-0.0321668
846	-0.0320572
847	-0.0319257
848	-0.031933
849	-0.0319769
850	-0.0319184
851	-0.0320207
852	-0.0321814
853	-0.0323738
854	-0.0323495
855	-0.0325102
856	-0.0327708
857	-0.0330313
858	-0.0330947
859	-0.0332018
860	-0.033533
861	-0.0337132
862	-0.0337376
863	-0.0338837
864	-0.0340201
865	-0.0340834
866	-0.0339982
867	-0.0342417
868	-0.0342587
869	-0.0341735
870	-0.0342782
871	-0.0343172
872	-0.0342052
873	-0.0342904
874	-0.0341954
875	-0.0340761
876	-0.034059
877	-0.0338788
878	-0.0338959
879	-0.0339811
880	-0.0339738
881	-0.0338934
882	-0.0340103
883	-0.0340444
884	-0.034081
885	-0.0341516
886	-0.0341516
887	-0.0342441
888	-0.0342685
889	-0.0341686
890	-0.0342685
891	-0.0341516
892	-0.0341954
893	-0.0341613
894	-0.0339519
895	-0.0340347
896	-0.0340201
897	-0.0340347
898	-0.0341199
899	-0.0340201
900	-0.0341029
901	-0.0341224
902	-0.0341029
903	-0.034098
904	-0.0343537
905	-0.0344243
906	-0.034456
907	-0.0346167
908	-0.034702
909	-0.0348018
910	-0.0350721
911	-0.0352085
912	-0.0351744
913	-0.0352304
914	-0.0353814
915	-0.0354983
916	-0.0355641
917	-0.0354959
918	-0.0356688
919	-0.0356858
920	-0.0360024
921	-0.0360097
922	-0.0362046
923	-0.036375
924	-0.0363215
925	-0.0362947
926	-0.0363142
927	-0.0362849
928	-0.03647
929	-0.0365212
930	-0.0365163
931	-0.0365942
932	-0.0366868
933	-0.03666
934	-0.0367988
935	-0.0367403
936	-0.0368694
937	-0.0370447
938	-0.0371324
939	-0.0370399
940	-0.0372542
941	-0.0371689
942	-0.0372323
943	-0.0374295
944	-0.0374977
945	-0.0375513
946	-0.037432
947	-0.0372493
948	-0.0373979
949	-0.0375123
950	-0.0375148
951	-0.0376877
952	-0.0378314
953	-0.037846
954	-0.0380773
955	-0.0380798
956	-0.0381845
957	-0.0382283
958	-0.03807
959	-0.038126
960	-0.0380871
961	-0.0379068
962	-0.0378411
963	-0.0376438
964	-0.037376
965	-0.0372834
966	-0.0372834
967	-0.0371446
968	-0.0369766
969	-0.0369035
970	-0.0369181
971	-0.0368767
972	-0.0367963
973	-0.036884
974	-0.0367988
975	-0.0368816
976	-0.036811
977	-0.0370374
978	-0.0372055
979	-0.0371446
980	-0.0372274
981	-0.0372858
982	-0.0372469
983	-0.0371884
984	-0.0370959
985	-0.0370545
986	-0.037203
987	-0.0373906
988	-0.0374539
989	-0.0374368
990	-0.0374588
991	-0.0376244
992	-0.0378728
993	-0.0378508
994	-0.0379921
995	-0.0381699
996	-0.0383549
997	-0.0380798
998	-0.0382454
999	-0.0384475
1000	-0.0383939
1001	-0.0382429
1002	-0.0382989
1003	-0.0379848
1004	-0.0377461
1005	-0.0374977
1006	-0.0372858
1007	-0.0368256
1008	-0.0365455
1009	-0.0365114
1010	-0.0363702
1011	-0.036095
1012	-0.0361193
1013	-0.0360633
1014	-0.0359878
1015	-0.0358831
1016	-0.0360268
1017	-0.0361315
1018	-0.0361096
1019	-0.0360609
1020	-0.0362094
1021	-0.0363239
1022	-0.0363142
1023	-0.0363458
