0	-9.35145e-05
1	-0.00013735
2	-0.000212845
3	7.69578e-05
4	0.000483656
5	0.000244995
6	0.000108617
7	-0.000130044
8	-0.000161703
9	-0.000254245
10	-3.75022e-05
11	-0.000244504
12	-0.000295646
13	8.6699e-05
14	0.000232818
15	0.000349713
16	0.000184112
17	0.000128099
18	7.93931e-05
19	-6.18554e-05
20	-0.00021528
21	-0.000397929
22	-0.000368705
23	-0.000373576
24	-0.000317564
25	-0.000225022
26	-0.000307822
27	-0.000488036
28	-0.00055866
29	-0.000707215
30	-0.000639026
31	-0.000590319
32	-0.000298081
33	-0.000237198
34	-0.000266422
35	-0.00032487
36	-0.000373576
37	-0.000149527
38	6.47812e-05
39	0.000157323
40	0.000193853
41	0.000142711
42	0.0001695
43	0.000510444
44	0.000943931
45	0.00112658
46	0.00081973
47	0.000683352
48	0.000739364
49	0.000941496
50	0.00093419
51	0.000790506
52	0.000578633
53	0.00063221
54	0.000695529
55	0.00059081
56	0.00071014
57	0.000802683
58	0.00107787
59	0.00251958
60	0.00595338
61	0.0156776
62	0.040116
63	0.0992821
64	0.222723
65	0.433337
66	0.727438
67	1.06834
68	1.40284
69	1.68707
70	1.89766
71	2.03072
72	2.09663
73	2.11218
74	2.09613
75	2.06392
76	2.02661
77	1.99013
78	1.95696
79	1.92786
80	1.90298
81	1.88199
82	1.86409
83	1.84908
84	1.83567
85	1.82343
86	1.81106
87	1.79856
88	1.78582
89	1.773
90	1.76078
91	1.7493
92	1.73803
93	1.72611
94	1.71373
95	1.70102
96	1.68852
97	1.67686
98	1.66567
99	1.6545
100	1.64294
101	1.63086
102	1.6187
103	1.60661
104	1.59476
105	1.58323
106	1.57093
107	1.5581
108	1.54504
109	1.53196
110	1.51916
111	1.50619
112	1.49337
113	1.48046
114	1.4675
115	1.4545
116	1.44164
117	1.42904
118	1.41677
119	1.40485
120	1.39291
121	1.38125
122	1.36972
123	1.35831
124	1.34674
125	1.33533
126	1.32449
127	1.31383
128	1.30309
129	1.29168
130	1.27943
131	1.26686
132	1.25402
133	1.24095
134	1.22767
135	1.21451
136	1.20168
137	1.18936
138	1.17738
139	1.16579
140	1.15442
141	1.14312
142	1.13198
143	1.12089
144	1.10993
145	1.09898
146	1.08817
147	1.07758
148	1.06681
149	1.05591
150	1.0449
151	1.03398
152	1.02363
153	1.01333
154	1.00325
155	0.993385
156	0.983626
157	0.973992
158	0.964551
159	0.955666
160	0.94708
161	0.938213
162	0.928973
163	0.919675
164	0.909919
165	0.900382
166	0.890911
167	0.88144
168	0.871872
169	0.861909
170	0.852348
171	0.843257
172	0.834117
173	0.825199
174	0.816247
175	0.807624
176	0.799183
177	0.790679
178	0.782749
179	0.774579
180	0.766396
181	0.758345
182	0.750257
183	0.741992
184	0.733787
185	0.726089
186	0.718778
187	0.711769
188	0.704753
189	0.697798
190	0.690889
191	0.684771
192	0.679143
193	0.674555
194	0.670878
195	0.66733
196	0.663638
197	0.659639
198	0.655292
199	0.650475
200	0.645059
201	0.639282
202	0.632965
203	0.62686
204	0.621273
205	0.615392
206	0.609674
207	0.604085
208	0.598174
209	0.591996
210	0.586307
211	0.581093
212	0.576239
213	0.572157
214	0.567854
215	0.563692
216	0.559182
217	0.554309
218	0.549497
219	0.544448
220	0.539317
221	0.533935
222	0.528831
223	0.523488
224	0.517818
225	0.512254
226	0.506669
227	0.500951
228	0.495998
229	0.491393
230	0.486955
231	0.482713
232	0.478568
233	0.474314
234	0.470266
235	0.465812
236	0.461309
237	0.45684
238	0.452569
239	0.448402
240	0.444145
241	0.439942
242	0.435663
243	0.431637
244	0.428091
245	0.425561
246	0.423562
247	0.421872
248	0.420267
249	0.418472
250	0.415847
251	0.412888
252	0.409581
253	0.405643
254	0.401766
255	0.397991
256	0.394204
257	0.390568
258	0.386672
259	0.382643
260	0.378703
261	0.375403
262	0.371969
263	0.368548
264	0.365241
265	0.361707
266	0.357501
267	0.353459
268	0.349903
269	0.346433
270	0.343057
271	0.340218
272	0.337856
273	0.335501
274	0.332722
275	0.329573
276	0.326692
277	0.32442
278	0.322011
279	0.319837
280	0.317677
281	0.315512
282	0.313066
283	0.310797
284	0.308951
285	0.307283
286	0.305714
287	0.30409
288	0.302655
289	0.301014
290	0.299139
291	0.297247
292	0.294875
293	0.292249
294	0.289512
295	0.28685
296	0.283894
297	0.281208
298	0.278473
299	0.275823
300	0.273259
301	0.271279
302	0.269082
303	0.267015
304	0.265059
305	0.262826
306	0.260668
307	0.258666
308	0.256721
309	0.254575
310	0.252364
311	0.250196
312	0.248255
313	0.246159
314	0.245002
315	0.24584
316	0.249597
317	0.256453
318	0.265644
319	0.269874
320	0.267689
321	0.265826
322	0.264009
323	0.262733
324	0.262887
325	0.265361
326	0.269562
327	0.275119
328	0.28103
329	0.285735
330	0.287944
331	0.28763
332	0.285801
333	0.283409
334	0.280626
335	0.277611
336	0.274588
337	0.271773
338	0.269082
339	0.266459
340	0.263717
341	0.26108
342	0.258452
343	0.256156
344	0.253854
345	0.251877
346	0.250009
347	0.248153
348	0.246146
349	0.244447
350	0.242418
351	0.240433
352	0.238256
353	0.235587
354	0.233436
355	0.231749
356	0.23001
357	0.228023
358	0.226121
359	0.224479
360	0.222692
361	0.221394
362	0.22002
363	0.218459
364	0.216737
365	0.215042
366	0.214266
367	0.215181
368	0.218199
369	0.22275
370	0.228006
371	0.232959
372	0.235903
373	0.236809
374	0.236062
375	0.23405
376	0.231685
377	0.229162
378	0.226588
379	0.223983
380	0.221355
381	0.218764
382	0.216387
383	0.214266
384	0.212388
385	0.210615
386	0.208893
387	0.206794
388	0.204943
389	0.203214
390	0.201894
391	0.200513
392	0.199198
393	0.197966
394	0.196729
395	0.195745
396	0.194593
397	0.193541
398	0.192345
399	0.191038
400	0.189791
401	0.188424
402	0.187163
403	0.185841
404	0.184258
405	0.182687
406	0.181114
407	0.179582
408	0.178381
409	0.177383
410	0.175912
411	0.174356
412	0.172853
413	0.171475
414	0.169892
415	0.168046
416	0.166589
417	0.165282
418	0.16394
419	0.162588
420	0.161005
421	0.159442
422	0.157983
423	0.156544
424	0.15498
425	0.153237
426	0.151975
427	0.150689
428	0.149096
429	0.14775
430	0.146371
431	0.144874
432	0.143775
433	0.14274
434	0.141771
435	0.140882
436	0.139859
437	0.1387
438	0.137558
439	0.136136
440	0.134774
441	0.13352
442	0.132388
443	0.131168
444	0.130045
445	0.128864
446	0.128255
447	0.127578
448	0.127045
449	0.125907
450	0.125009
451	0.124398
452	0.123806
453	0.122978
454	0.121782
455	0.120913
456	0.120491
457	0.120983
458	0.121969
459	0.123384
460	0.125099
461	0.126752
462	0.128007
463	0.128382
464	0.12825
465	0.127834
466	0.127283
467	0.12664
468	0.125557
469	0.124237
470	0.123143
471	0.122337
472	0.121809
473	0.121081
474	0.120065
475	0.118872
476	0.117744
477	0.11686
478	0.115959
479	0.114931
480	0.113711
481	0.112365
482	0.111354
483	0.110424
484	0.109632
485	0.108787
486	0.108105
487	0.107146
488	0.106101
489	0.105178
490	0.104389
491	0.103751
492	0.1035
493	0.103096
494	0.10247
495	0.10182
496	0.101459
497	0.100997
498	0.100636
499	0.100422
500	0.100634
501	0.100714
502	0.100563
503	0.100266
504	0.0997643
505	0.0993016
506	0.0986124
507	0.0979524
508	0.0971025
509	0.0960942
510	0.0951591
511	0.0944066
512	0.0935688
513	0.0929356
514	0.0921003
515	0.0911067
516	0.0902982
517	0.089441
518	0.0887785
519	0.088289
520	0.0880041
521	0.0875633
522	0.0868279
523	0.0861387
524	0.0855323
525	0.0848187
526	0.084356
527	0.0839785
528	0.0836181
529	0.0829971
530	0.0824345
531	0.0818111
532	0.0813289
533	0.0809344
534	0.0805813
535	0.0802014
536	0.0796875
537	0.0792638
538	0.0787207
539	0.0780388
540	0.0775785
541	0.0771353
542	0.0767432
543	0.0764924
544	0.0762756
545	0.0760516
546	0.0758275
547	0.075265
548	0.0747998
549	0.0743298
550	0.0740327
551	0.0734312
552	0.0728321
553	0.0726373
554	0.0724376
555	0.0718287
556	0.071444
557	0.0711079
558	0.0706671
559	0.0700047
560	0.0694421
561	0.0689331
562	0.0684242
563	0.0677496
564	0.0673818
565	0.0668339
566	0.0666147
567	0.0661739
568	0.0658476
569	0.0653264
570	0.0645009
571	0.0640235
572	0.063573
573	0.062991
574	0.0624576
575	0.0619803
576	0.0620412
577	0.0618342
578	0.0615663
579	0.0612862
580	0.0608114
581	0.0603852
582	0.059618
583	0.0591164
584	0.0585611
585	0.0579572
586	0.0574068
587	0.0570293
588	0.0565788
589	0.0561355
590	0.0556558
591	0.0553928
592	0.0550835
593	0.0546938
594	0.0541191
595	0.0538585
596	0.0536345
597	0.0532302
598	0.0530451
599	0.0529063
600	0.0526165
601	0.0524168
602	0.0518908
603	0.0515912
604	0.0513477
605	0.0510262
606	0.0508241
607	0.0508095
608	0.0503565
609	0.0497745
610	0.0491413
611	0.0487176
612	0.0483864
613	0.0482159
614	0.0478287
615	0.0474634
616	0.0470518
617	0.0466427
618	0.0462871
619	0.0462262
620	0.0460923
621	0.045878
622	0.045632
623	0.0455809
624	0.0452424
625	0.0447967
626	0.0445727
627	0.0444363
628	0.044373
629	0.0446871
630	0.0454762
631	0.0469958
632	0.049039
633	0.050941
634	0.0524168
635	0.0532107
636	0.0535492
637	0.0535103
638	0.0536491
639	0.0533301
640	0.0529282
641	0.0525459
642	0.0522171
643	0.0515985
644	0.051338
645	0.0509069
646	0.0503833
647	0.0498695
648	0.0494141
649	0.0488004
650	0.0480357
651	0.0474001
652	0.0469349
653	0.0463577
654	0.0458731
655	0.045576
656	0.0454664
657	0.0454567
658	0.0452399
659	0.04486
660	0.0442463
661	0.0438396
662	0.0435693
663	0.0432673
664	0.0429312
665	0.0426463
666	0.0424661
667	0.0419498
668	0.0414481
669	0.0411997
670	0.0406469
671	0.0403839
672	0.0403498
673	0.0405787
674	0.0407127
675	0.0409148
676	0.0414311
677	0.0425465
678	0.043674
679	0.0443851
680	0.0447188
681	0.044899
682	0.0451036
683	0.0470275
684	0.0526506
685	0.0630177
686	0.0756717
687	0.0783213
688	0.0780169
689	0.0777928
690	0.0775834
691	0.0775736
692	0.0772181
693	0.0769892
694	0.0768504
695	0.0764826
696	0.0762829
697	0.0762367
698	0.0762367
699	0.075886
700	0.0754988
701	0.0752601
702	0.0748753
703	0.074773
704	0.0743956
705	0.0740473
706	0.0736211
707	0.0735651
708	0.0733727
709	0.0732485
710	0.0730707
711	0.0729831
712	0.0731414
713	0.0741496
714	0.0784138
715	0.0868132
716	0.0989314
717	0.107487
718	0.107594
719	0.107801
720	0.107679
721	0.107148
722	0.106802
723	0.106437
724	0.106191
725	0.106247
726	0.106262
727	0.106052
728	0.10586
729	0.10556
730	0.105025
731	0.104864
732	0.104842
733	0.104783
734	0.104591
735	0.104369
736	0.104085
737	0.104355
738	0.105904
739	0.110545
740	0.120126
741	0.133006
742	0.138276
743	0.137999
744	0.138043
745	0.137792
746	0.137473
747	0.137073
748	0.136881
749	0.13684
750	0.136805
751	0.136732
752	0.136474
753	0.136063
754	0.135729
755	0.135383
756	0.134784
757	0.134558
758	0.134139
759	0.133893
760	0.133803
761	0.133708
762	0.133437
763	0.133528
764	0.13343
765	0.133204
766	0.133116
767	0.13315
768	0.133016
769	0.132561
770	0.132186
771	0.131913
772	0.132003
773	0.131806
774	0.131399
775	0.131326
776	0.131243
777	0.131146
778	0.130739
779	0.130396
780	0.129896
781	0.129497
782	0.12918
783	0.128847
784	0.128589
785	0.128474
786	0.128591
787	0.128698
788	0.128496
789	0.128394
790	0.128275
791	0.128579
792	0.129105
793	0.129495
794	0.129453
795	0.129392
796	0.129556
797	0.129821
798	0.130447
799	0.131158
800	0.131762
801	0.132122
802	0.132105
803	0.13175
804	0.131214
805	0.130542
806	0.130035
807	0.129816
808	0.129643
809	0.129176
810	0.128725
811	0.128248
812	0.127641
813	0.126996
814	0.126672
815	0.126677
816	0.126667
817	0.126443
818	0.126119
819	0.125851
820	0.125394
821	0.124899
822	0.124376
823	0.123935
824	0.12336
825	0.122861
826	0.122086
827	0.121185
828	0.120499
829	0.119858
830	0.119296
831	0.118346
832	0.11753
833	0.116816
834	0.116074
835	0.115338
836	0.114625
837	0.113702
838	0.112576
839	0.111344
840	0.110005
841	0.108972
842	0.108312
843	0.107762
844	0.107009
845	0.10642
846	0.106215
847	0.105977
848	0.10567
849	0.105249
850	0.104671
851	0.103985
852	0.103074
853	0.102107
854	0.101067
855	0.0996084
856	0.0983104
857	0.0975359
858	0.0968029
859	0.0960894
860	0.0954464
861	0.0946136
862	0.0935031
863	0.0924656
864	0.0915499
865	0.0907755
866	0.0900546
867	0.0894458
868	0.0890635
869	0.0887493
870	0.0883792
871	0.0882184
872	0.0884449
873	0.0886568
874	0.0890391
875	0.0890002
876	0.0890343
877	0.089061
878	0.0889295
879	0.088647
880	0.0881527
881	0.0877752
882	0.0874708
883	0.0870568
884	0.0866696
885	0.0860632
886	0.0854689
887	0.0845606
888	0.0837715
889	0.0828218
890	0.0819645
891	0.0813849
892	0.0806227
893	0.0797167
894	0.0791249
895	0.0783237
896	0.0773861
897	0.0768674
898	0.0763024
899	0.0758884
900	0.0753429
901	0.0748802
902	0.074644
903	0.0742665
904	0.0738671
905	0.0740083
906	0.0737234
907	0.0734433
908	0.0728857
909	0.0718945
910	0.0710056
911	0.0703164
912	0.0695249
913	0.0686896
914	0.0681149
915	0.0676619
916	0.0670482
917	0.066398
918	0.0658281
919	0.065061
920	0.0644229
921	0.0637922
922	0.0632442
923	0.0626768
924	0.0617611
925	0.0610938
926	0.0606117
927	0.0601563
928	0.0598664
929	0.0593989
930	0.058885
931	0.0585684
932	0.0582908
933	0.058152
934	0.0575018
935	0.0569197
936	0.0562086
937	0.0556607
938	0.0550202
939	0.0545234
940	0.0539145
941	0.0534177
942	0.052787
943	0.0521879
944	0.0516497
945	0.0511748
946	0.0506585
947	0.0503492
948	0.0500911
949	0.0500984
950	0.0499011
951	0.049436
952	0.0490975
953	0.0487809
954	0.048513
955	0.048116
956	0.0478701
957	0.0474195
958	0.0468083
959	0.0463967
960	0.0462822
961	0.0465988
962	0.0476363
963	0.0488515
964	0.0500667
965	0.0514914
966	0.0530208
967	0.0537782
968	0.0538342
969	0.0533788
970	0.0526262
971	0.0518177
972	0.0511431
973	0.0506683
974	0.0499304
975	0.0493191
976	0.0488856
977	0.0485057
978	0.0480673
979	0.0476168
980	0.0472223
981	0.0467766
982	0.0466281
983	0.0463845
984	0.0459681
985	0.0456125
986	0.0451742
987	0.0449745
988	0.0448819
989	0.0447139
990	0.044502
991	0.0443462
992	0.0440369
993	0.0440369
994	0.0438932
995	0.0437666
996	0.0437008
997	0.043618
998	0.0441343
999	0.0446457
1000	0.0452278
1001	0.0459218
1002	0.0464771
1003	0.0473294
1004	0.0479285
1005	0.0480332
1006	0.0479797
1007	0.0481526
1008	0.0484205
1009	0.0493142
1010	0.0501909
1011	0.0512941
1012	0.0526287
1013	0.0539364
1014	0.0547474
1015	0.0552661
1016	0.0555973
1017	0.0556339
1018	0.0552905
1019	0.0549568
1020	0.0541581
1021	0.0535054
1022	0.0528454
1023	0.0523949
