0	-0.000325989
1	-0.000435578
2	-0.000425837
3	-0.000498896
4	-0.000420966
5	-0.000396613
6	-0.000199352
7	-0.000153081
8	-0.000289459
9	-0.000613356
10	-0.000815488
11	-0.00072051
12	-0.000652321
13	-0.000472108
14	-0.000630403
15	-0.000435578
16	-0.000435578
17	-0.000647451
18	-0.000708334
19	-0.000457496
20	-0.000345471
21	-0.000416095
22	-0.000189611
23	4.41797e-05
24	3.20031e-05
25	-0.000177434
26	-0.000277282
27	-0.000199352
28	-3.13152e-05
29	1.00852e-05
30	5.87916e-05
31	0.000197605
32	0.000375383
33	0.000268229
34	0.000156204
35	1.00852e-05
36	0.000229264
37	0.000372948
38	0.000553161
39	0.000660315
40	0.000757728
41	0.000716327
42	0.000942812
43	0.000896541
44	0.00101587
45	0.000923329
46	0.000945247
47	0.000696845
48	0.000687104
49	0.000821046
50	0.000791822
51	0.000911153
52	0.00103779
53	0.00132029
54	0.00199243
55	0.00335134
56	0.00716261
57	0.0145343
58	0.0267133
59	0.0479396
60	0.0848468
61	0.1445
62	0.227578
63	0.327731
64	0.434853
65	0.540478
66	0.639142
67	0.727812
68	0.805733
69	0.872107
70	0.926821
71	0.970974
72	1.00526
73	1.031
74	1.04935
75	1.06258
76	1.07312
77	1.08261
78	1.0917
79	1.1008
80	1.10905
81	1.11634
82	1.12128
83	1.12355
84	1.12395
85	1.12332
86	1.12303
87	1.12375
88	1.12529
89	1.12703
90	1.12783
91	1.12686
92	1.12337
93	1.11766
94	1.11037
95	1.10295
96	1.09641
97	1.09153
98	1.08825
99	1.08525
100	1.08184
101	1.07734
102	1.07133
103	1.06372
104	1.055
105	1.04602
106	1.03793
107	1.03131
108	1.02591
109	1.0212
110	1.01592
111	1.00941
112	1.00114
113	0.991258
114	0.980776
115	0.970988
116	0.962708
117	0.956004
118	0.950446
119	0.944777
120	0.938543
121	0.931242
122	0.922905
123	0.914068
124	0.905259
125	0.897145
126	0.890569
127	0.885104
128	0.880382
129	0.875056
130	0.868413
131	0.860208
132	0.850547
133	0.840214
134	0.83002
135	0.820997
136	0.814134
137	0.808548
138	0.803146
139	0.797114
140	0.790095
141	0.781886
142	0.772717
143	0.76327
144	0.754362
145	0.746562
146	0.739083
147	0.732412
148	0.726697
149	0.721651
150	0.716364
151	0.710134
152	0.70284
153	0.694205
154	0.684627
155	0.674747
156	0.66588
157	0.658807
158	0.653248
159	0.648913
160	0.64525
161	0.641319
162	0.636471
163	0.62999
164	0.622207
165	0.613759
166	0.605092
167	0.59698
168	0.590119
169	0.584898
170	0.581092
171	0.577419
172	0.573238
173	0.567753
174	0.561098
175	0.552849
176	0.543946
177	0.535763
178	0.528959
179	0.524276
180	0.521285
181	0.518959
182	0.51657
183	0.512973
184	0.507433
185	0.500624
186	0.493072
187	0.485902
188	0.480172
189	0.476358
190	0.474115
191	0.472274
192	0.469802
193	0.465609
194	0.460132
195	0.453685
196	0.446957
197	0.440603
198	0.435411
199	0.431785
200	0.42933
201	0.427291
202	0.425092
203	0.421617
204	0.416501
205	0.410179
206	0.403873
207	0.398348
208	0.394303
209	0.391587
210	0.389629
211	0.387771
212	0.385397
213	0.381768
214	0.377024
215	0.37145
216	0.365244
217	0.359782
218	0.355557
219	0.352581
220	0.350835
221	0.349118
222	0.347099
223	0.344011
224	0.339781
225	0.334659
226	0.329229
227	0.323927
228	0.319565
229	0.316448
230	0.314176
231	0.31233
232	0.310131
233	0.307274
234	0.303392
235	0.298731
236	0.293963
237	0.289457
238	0.285795
239	0.283676
240	0.283218
241	0.283617
242	0.283863
243	0.283598
244	0.282909
245	0.281599
246	0.279719
247	0.277921
248	0.276139
249	0.274424
250	0.272668
251	0.270791
252	0.268465
253	0.266095
254	0.263402
255	0.260781
256	0.258305
257	0.255862
258	0.253846
259	0.251995
260	0.250332
261	0.24899
262	0.247485
263	0.245658
264	0.242909
265	0.239468
266	0.235868
267	0.232293
268	0.228947
269	0.226614
270	0.224958
271	0.22412
272	0.223268
273	0.221975
274	0.219822
275	0.217508
276	0.21452
277	0.21151
278	0.209148
279	0.207229
280	0.20577
281	0.204738
282	0.203661
283	0.20259
284	0.20125
285	0.199253
286	0.196292
287	0.193267
288	0.190527
289	0.187737
290	0.185569
291	0.184493
292	0.184454
293	0.184573
294	0.183969
295	0.182474
296	0.180786
297	0.178348
298	0.175735
299	0.173134
300	0.171581
301	0.170295
302	0.169428
303	0.168558
304	0.167553
305	0.166252
306	0.16444
307	0.161912
308	0.15919
309	0.156864
310	0.154787
311	0.153352
312	0.15242
313	0.152215
314	0.152032
315	0.151182
316	0.149931
317	0.14835
318	0.146857
319	0.145428
320	0.144405
321	0.143716
322	0.143304
323	0.142807
324	0.142009
325	0.14101
326	0.139846
327	0.138828
328	0.137596
329	0.136135
330	0.135467
331	0.135024
332	0.134371
333	0.133285
334	0.13217
335	0.131386
336	0.130132
337	0.12849
338	0.126922
339	0.12566
340	0.124472
341	0.12305
342	0.121683
343	0.120517
344	0.119533
345	0.118048
346	0.116672
347	0.11541
348	0.114107
349	0.112797
350	0.11175
351	0.110583
352	0.109704
353	0.109054
354	0.108265
355	0.107498
356	0.106847
357	0.105927
358	0.104787
359	0.103672
360	0.102535
361	0.101117
362	0.0994782
363	0.0980292
364	0.0969065
365	0.0964755
366	0.0966167
367	0.0971817
368	0.0983653
369	0.0993662
370	0.100116
371	0.100842
372	0.101383
373	0.101624
374	0.101621
375	0.101159
376	0.100815
377	0.100769
378	0.100555
379	0.100491
380	0.100331
381	0.100048
382	0.0997875
383	0.0989473
384	0.0980146
385	0.0971744
386	0.0966508
387	0.0962051
388	0.0961759
389	0.0959884
390	0.0955598
391	0.094744
392	0.093765
393	0.0927713
394	0.091768
395	0.0905747
396	0.0896054
397	0.0883537
398	0.0873844
399	0.0866611
400	0.0862447
401	0.0857381
402	0.0855531
403	0.0853729
404	0.0848176
405	0.083617
406	0.0823701
407	0.0812255
408	0.0800566
409	0.078946
410	0.0784809
411	0.0783323
412	0.0782885
413	0.0780036
414	0.0776505
415	0.0769807
416	0.076048
417	0.074918
418	0.073469
419	0.0726995
420	0.072115
421	0.0717886
422	0.0715354
423	0.0714428
424	0.0710848
425	0.0700864
426	0.0686447
427	0.0675049
428	0.0668401
429	0.0664115
430	0.0660997
431	0.0659098
432	0.0660048
433	0.0657905
434	0.0653765
435	0.0647433
436	0.0638982
437	0.0629582
438	0.0621984
439	0.0615165
440	0.0614142
441	0.0612729
442	0.0609344
443	0.0601308
444	0.0592565
445	0.058336
446	0.0572133
447	0.0562416
448	0.0555767
449	0.0550799
450	0.0543615
451	0.0536504
452	0.0529612
453	0.0526811
454	0.0522282
455	0.0513076
456	0.0504406
457	0.0498269
458	0.0491572
459	0.0483999
460	0.0483
461	0.0484364
462	0.0484096
463	0.0481977
464	0.0476717
465	0.0469435
466	0.0461472
467	0.0450903
468	0.0442939
469	0.0433709
470	0.0427645
471	0.042482
472	0.0419609
473	0.0413423
474	0.0413545
475	0.0413886
476	0.0414397
477	0.0413642
478	0.0413155
479	0.0413399
480	0.0409697
481	0.0404266
482	0.0399858
483	0.0397374
484	0.0393575
485	0.0390385
486	0.0386659
487	0.038437
488	0.0383274
489	0.0382982
490	0.0378963
491	0.0374068
492	0.037173
493	0.0367834
494	0.0361819
495	0.0357898
496	0.0357289
497	0.035763
498	0.0360236
499	0.0361429
500	0.0364741
501	0.0364035
502	0.0361112
503	0.0355511
504	0.0350153
505	0.0347402
506	0.0343627
507	0.0339292
508	0.0337246
509	0.033391
510	0.0329892
511	0.0323243
512	0.0319054
513	0.031601
514	0.0312016
515	0.0302811
516	0.0295408
517	0.0291267
518	0.0289563
519	0.0288516
520	0.0286957
521	0.0285642
522	0.0285885
523	0.0282452
524	0.0274025
525	0.027047
526	0.0269642
527	0.026499
528	0.025822
529	0.0252814
530	0.024977
531	0.0247505
532	0.0243462
533	0.0239931
534	0.0238129
535	0.0236936
536	0.0236229
537	0.0231432
538	0.0232455
539	0.0231529
540	0.0229776
541	0.0226147
542	0.0226561
543	0.0228412
544	0.0225636
545	0.0217891
546	0.0212607
547	0.0209733
548	0.0204205
549	0.019892
550	0.0198896
551	0.0202695
552	0.0203742
553	0.0201696
554	0.019797
555	0.0193952
556	0.0192369
557	0.0188205
558	0.018538
559	0.0183066
560	0.0185575
561	0.0185282
562	0.0185015
563	0.0183651
564	0.0183773
565	0.0181776
566	0.0175005
567	0.0169575
568	0.0168381
569	0.0170671
570	0.0167821
571	0.0164972
572	0.016373
573	0.0160126
574	0.015696
575	0.0151237
576	0.0146049
577	0.0143809
578	0.014281
579	0.0142908
580	0.0144954
581	0.0150384
582	0.0157617
583	0.015864
584	0.0157739
585	0.0154378
586	0.0151237
587	0.0144954
588	0.0142177
589	0.0143298
590	0.0145538
591	0.014527
592	0.0145197
593	0.0145855
594	0.0144905
595	0.0142129
596	0.0138281
597	0.0134847
598	0.0131657
599	0.0131121
600	0.0130415
601	0.0129221
602	0.0128272
603	0.0125861
604	0.0124838
605	0.0124935
606	0.0122841
607	0.0118969
608	0.0118189
609	0.0119358
610	0.0119456
611	0.0118238
612	0.0114756
613	0.0113855
614	0.0111614
615	0.0111419
616	0.010818
617	0.0109033
618	0.0107547
619	0.0107961
620	0.0107279
621	0.0104722
622	0.0102092
623	0.0100046
624	0.00984877
625	0.00999732
626	0.0102165
627	0.0105526
628	0.0109081
629	0.0111565
630	0.011534
631	0.0119967
632	0.0122256
633	0.0123547
634	0.0124497
635	0.0125203
636	0.0124156
637	0.0122135
638	0.0123693
639	0.0123888
640	0.0123255
641	0.0123255
642	0.0122792
643	0.0120722
644	0.0123109
645	0.0123571
646	0.0119456
647	0.011629
648	0.0113538
649	0.0111736
650	0.010874
651	0.0108034
652	0.0106914
653	0.0106792
654	0.0106914
655	0.0108034
656	0.0106792
657	0.0105672
658	0.010538
659	0.0101897
660	0.0100874
661	0.00984633
662	0.00986825
663	0.00975623
664	0.00972457
665	0.00957845
666	0.00964177
667	0.00967099
668	0.00946642
669	0.00900615
670	0.00876262
671	0.00866764
672	0.00872852
673	0.00881863
674	0.00881863
675	0.00868469
676	0.00879184
677	0.00872852
678	0.00889656
679	0.00962229
680	0.010331
681	0.0108521
682	0.011176
683	0.0119042
684	0.012289
685	0.0124667
686	0.0126323
687	0.0129441
688	0.0133678
689	0.0137087
690	0.0140448
691	0.0143054
692	0.0145002
693	0.0142908
694	0.0139888
695	0.013604
696	0.0137404
697	0.0138768
698	0.0139401
699	0.0135261
700	0.0135943
701	0.0140302
702	0.0140838
703	0.0138914
704	0.0138622
705	0.0137623
706	0.0136235
707	0.0130731
708	0.0127151
709	0.0125374
710	0.0128661
711	0.0129928
712	0.0134555
713	0.0143273
714	0.0156083
715	0.0165142
716	0.0173666
717	0.0180826
718	0.0188911
719	0.0193197
720	0.0198141
721	0.020194
722	0.0208053
723	0.0214117
724	0.0215115
725	0.0214969
726	0.0213435
727	0.0211194
728	0.0207858
729	0.0204595
730	0.0203304
731	0.0202305
732	0.0202184
733	0.0207273
734	0.021833
735	0.0233063
736	0.0250403
737	0.0265526
738	0.0280528
739	0.0293678
740	0.0306366
741	0.0315499
742	0.0324534
743	0.033128
744	0.0333788
745	0.0333496
746	0.0332497
747	0.0331694
748	0.0330062
749	0.0329307
750	0.0324242
751	0.0322245
752	0.0324924
753	0.0328991
754	0.0333252
755	0.0338269
756	0.0342823
757	0.0348911
758	0.035254
759	0.0351883
760	0.0348497
761	0.0346086
762	0.0342482
763	0.0337831
764	0.0333691
765	0.0328844
766	0.0326969
767	0.0322561
768	0.0323073
769	0.0323803
770	0.0327627
771	0.0330086
772	0.0329599
773	0.0327188
774	0.0329161
775	0.0327529
776	0.0324485
777	0.0324217
778	0.0326093
779	0.0327602
780	0.0326896
781	0.0324558
782	0.032278
783	0.0323779
784	0.0323608
785	0.0322464
786	0.0320516
787	0.0322099
788	0.0323292
789	0.0325045
790	0.032636
791	0.032921
792	0.0329575
793	0.0326141
794	0.032166
795	0.0321685
796	0.0320126
797	0.031808
798	0.0313039
799	0.0307584
800	0.0304783
801	0.0302275
802	0.0301934
803	0.0299767
804	0.0301837
805	0.0306902
806	0.0309727
807	0.0313112
808	0.0317252
809	0.0318348
810	0.0318689
811	0.0319882
812	0.0314914
813	0.0309605
814	0.0304832
815	0.0298427
816	0.0287103
817	0.0274853
818	0.0266598
819	0.0260729
820	0.0257587
821	0.025408
822	0.0254762
823	0.0255907
824	0.0255176
825	0.0253033
826	0.0251815
827	0.025033
828	0.0250646
829	0.0249112
830	0.0250768
831	0.0255517
832	0.0255955
833	0.0251401
834	0.024748
835	0.0243584
836	0.02392
837	0.0233916
838	0.0228972
839	0.022527
840	0.0223322
841	0.0222104
842	0.0219645
843	0.021833
844	0.0217453
845	0.0213532
846	0.0210147
847	0.0206275
848	0.0205496
849	0.0204473
850	0.0202719
851	0.0201575
852	0.0202184
853	0.0202354
854	0.020306
855	0.0201112
856	0.0199578
857	0.0197849
858	0.0196582
859	0.019517
860	0.0191517
861	0.0190129
862	0.0187231
863	0.0183748
864	0.0179852
865	0.0178196
866	0.0186476
867	0.0203206
868	0.0227827
869	0.0258366
870	0.0290805
871	0.0320735
872	0.0346866
873	0.0370683
874	0.0387755
875	0.0404948
876	0.0421922
877	0.0436437
878	0.0453947
879	0.0475402
880	0.0497588
881	0.0511907
882	0.0514805
883	0.0512662
884	0.0507694
885	0.0503505
886	0.0499974
887	0.0498318
888	0.0493472
889	0.0488991
890	0.0486872
891	0.0485655
892	0.0485679
893	0.0483828
894	0.0481515
895	0.0478665
896	0.0475865
897	0.0474866
898	0.0473113
899	0.0476693
900	0.0478738
901	0.0480979
902	0.0483171
903	0.0484997
904	0.0487554
905	0.0488772
906	0.0488431
907	0.0489575
908	0.0491134
909	0.0491183
910	0.0488041
911	0.0485046
912	0.0481222
913	0.0477837
914	0.0474135
915	0.0471432
916	0.046795
917	0.0465368
918	0.0462714
919	0.0460936
920	0.046135
921	0.0463347
922	0.0463298
923	0.0460766
924	0.0457064
925	0.0453825
926	0.0450269
927	0.0444498
928	0.0442793
929	0.0440966
930	0.0437362
931	0.043931
932	0.043819
933	0.0436218
934	0.0433027
935	0.0427913
936	0.0419365
937	0.0414714
938	0.0411962
939	0.0408479
940	0.0405484
941	0.0399956
942	0.0403024
943	0.0404315
944	0.0404972
945	0.0399785
946	0.0395377
947	0.0390068
948	0.038566
949	0.0380059
950	0.0378087
951	0.0375651
952	0.0373776
953	0.0367469
954	0.0358969
955	0.0354756
956	0.035293
957	0.035086
958	0.0351201
959	0.0351006
960	0.0354634
961	0.0352759
962	0.0349009
963	0.034482
964	0.034577
965	0.0347475
966	0.0347109
967	0.0346914
968	0.0348765
969	0.0349447
970	0.0348985
971	0.0342921
972	0.0342482
973	0.0341045
974	0.0334981
975	0.0328455
976	0.0320102
977	0.0314281
978	0.0311286
979	0.030851
980	0.0307024
981	0.0310166
982	0.0313551
983	0.0310969
984	0.0307243
985	0.0307414
986	0.030812
987	0.031092
988	0.0312528
989	0.0311675
990	0.0308388
991	0.0303176
992	0.0300717
993	0.0295748
994	0.0289197
995	0.0284108
996	0.0282598
997	0.0287006
998	0.0303566
999	0.0326994
1000	0.0354367
1001	0.0385393
1002	0.0412522
1003	0.0435073
1004	0.0457454
1005	0.0478397
1006	0.0498586
1007	0.0512297
1008	0.0524425
1009	0.0542958
1010	0.0563122
1011	0.0583457
1012	0.0596876
1013	0.0599238
1014	0.0595293
1015	0.0588815
1016	0.0585795
1017	0.0586038
1018	0.0588863
1019	0.0590617
1020	0.0592297
1021	0.0591859
1022	0.0590763
1023	0.0588863
