0	-0.000284444
1	-0.000240609
2	-8.71836e-05
3	-0.000187032
4	5.89355e-05
5	0.000178266
6	0.000377962
7	0.000402315
8	0.00035848
9	0.00032682
10	0.000256196
11	0.000146607
12	1.99704e-05
13	5.89355e-05
14	0.000292726
15	0.000351174
16	0.000253761
17	0.000183137
18	0.000387703
19	0.00044128
20	0.000290291
21	0.000149042
22	0.000144172
23	5.35847e-06
24	-9.44896e-05
25	-3.36066e-05
26	-7.01364e-05
27	-0.000384292
28	-0.000554765
29	-0.000610777
30	-0.000372116
31	-0.000282009
32	-0.000311233
33	-0.000496317
34	-0.000386728
35	-0.000167549
36	7.59827e-05
37	-4.57832e-05
38	-5.55245e-05
39	-3.60419e-05
40	7.79379e-06
41	0.000124689
42	-6.81812e-06
43	-7.5007e-05
44	-1.65594e-05
45	-1.41241e-05
46	-4.82185e-05
47	7.79379e-06
48	3.45823e-05
49	-7.25717e-05
50	-7.74423e-05
51	-0.000296621
52	-0.000355069
53	-0.000496317
54	-0.000552329
55	-0.000342892
56	-0.000179726
57	0.000114948
58	0.000631235
59	0.00213626
60	0.00618376
61	0.0169527
62	0.0461985
63	0.119981
64	0.280293
65	0.560248
66	0.957731
67	1.42791
68	1.90103
69	2.31633
70	2.63839
71	2.85927
72	2.98919
73	3.04816
74	3.05612
75	3.03012
76	2.98367
77	2.92651
78	2.8669
79	2.80973
80	2.75808
81	2.71302
82	2.67437
83	2.64097
84	2.61205
85	2.58735
86	2.56532
87	2.54508
88	2.5259
89	2.50783
90	2.49093
91	2.47523
92	2.4602
93	2.44416
94	2.42689
95	2.40874
96	2.39033
97	2.37195
98	2.35352
99	2.33502
100	2.31615
101	2.29753
102	2.279
103	2.26009
104	2.24085
105	2.22112
106	2.20139
107	2.18182
108	2.16296
109	2.14456
110	2.12604
111	2.10783
112	2.08938
113	2.07139
114	2.0538
115	2.03657
116	2.02002
117	2.00361
118	1.98734
119	1.97109
120	1.95514
121	1.93907
122	1.92297
123	1.90618
124	1.88891
125	1.87099
126	1.85311
127	1.83519
128	1.81726
129	1.79946
130	1.78237
131	1.76506
132	1.74779
133	1.73083
134	1.71438
135	1.6983
136	1.68221
137	1.66583
138	1.64929
139	1.63284
140	1.61682
141	1.60114
142	1.58527
143	1.56984
144	1.55435
145	1.53952
146	1.5249
147	1.51041
148	1.49613
149	1.48151
150	1.46671
151	1.45164
152	1.43712
153	1.4232
154	1.40956
155	1.39636
156	1.38291
157	1.36933
158	1.3551
159	1.3409
160	1.32708
161	1.31365
162	1.3003
163	1.2868
164	1.27343
165	1.26096
166	1.24875
167	1.23681
168	1.22478
169	1.21289
170	1.20125
171	1.18992
172	1.17844
173	1.16656
174	1.15457
175	1.14222
176	1.12969
177	1.11703
178	1.10432
179	1.09181
180	1.07982
181	1.06799
182	1.05595
183	1.04406
184	1.03252
185	1.0214
186	1.01068
187	1.00037
188	0.990386
189	0.980662
190	0.972299
191	0.965604
192	0.96068
193	0.956245
194	0.95201
195	0.946918
196	0.939719
197	0.931329
198	0.923215
199	0.9153
200	0.907166
201	0.89903
202	0.890506
203	0.880663
204	0.871024
205	0.861789
206	0.853051
207	0.843965
208	0.83481
209	0.826075
210	0.817247
211	0.808458
212	0.79989
213	0.79145
214	0.783075
215	0.775264
216	0.768153
217	0.76186
218	0.755748
219	0.75003
220	0.744095
221	0.737841
222	0.730947
223	0.723826
224	0.716388
225	0.708958
226	0.70164
227	0.694862
228	0.688297
229	0.681948
230	0.675628
231	0.669282
232	0.662794
233	0.655919
234	0.649587
235	0.642951
236	0.63679
237	0.631079
238	0.625188
239	0.619411
240	0.613791
241	0.608404
242	0.602703
243	0.597014
244	0.591939
245	0.587587
246	0.584155
247	0.581265
248	0.578625
249	0.575717
250	0.571908
251	0.567313
252	0.562218
253	0.556573
254	0.551154
255	0.546028
256	0.540641
257	0.53503
258	0.529392
259	0.524032
260	0.518636
261	0.513297
262	0.508254
263	0.503188
264	0.498427
265	0.49398
266	0.489862
267	0.485676
268	0.481626
269	0.477479
270	0.473607
271	0.469223
272	0.464786
273	0.460427
274	0.456184
275	0.45193
276	0.447697
277	0.443779
278	0.440265
279	0.437111
280	0.434398
281	0.431989
282	0.429949
283	0.428188
284	0.426208
285	0.424335
286	0.421858
287	0.418805
288	0.415843
289	0.412621
290	0.409285
291	0.405924
292	0.402403
293	0.398813
294	0.395365
295	0.391897
296	0.388616
297	0.385402
298	0.382024
299	0.378527
300	0.375081
301	0.37154
302	0.368096
303	0.364507
304	0.360703
305	0.357003
306	0.353039
307	0.349422
308	0.345811
309	0.342336
310	0.339119
311	0.336094
312	0.332784
313	0.330329
314	0.330298
315	0.333863
316	0.341481
317	0.351568
318	0.351076
319	0.348599
320	0.346015
321	0.344133
322	0.343914
323	0.346685
324	0.352459
325	0.359831
326	0.367027
327	0.370356
328	0.368781
329	0.366867
330	0.364809
331	0.362692
332	0.360622
333	0.358465
334	0.356721
335	0.354407
336	0.351943
337	0.349223
338	0.346741
339	0.344466
340	0.341055
341	0.337682
342	0.334591
343	0.331669
344	0.328941
345	0.326362
346	0.323895
347	0.32118
348	0.318664
349	0.316105
350	0.313599
351	0.310969
352	0.308304
353	0.305477
354	0.302805
355	0.300455
356	0.298351
357	0.296447
358	0.294525
359	0.292816
360	0.290977
361	0.289041
362	0.287256
363	0.285391
364	0.284129
365	0.284972
366	0.288201
367	0.293342
368	0.299104
369	0.30416
370	0.305611
371	0.303724
372	0.301792
373	0.300224
374	0.298833
375	0.297333
376	0.29596
377	0.29473
378	0.293252
379	0.29182
380	0.289599
381	0.287086
382	0.284514
383	0.282195
384	0.280055
385	0.278209
386	0.276117
387	0.274105
388	0.271507
389	0.269171
390	0.267006
391	0.265285
392	0.263414
393	0.261317
394	0.259233
395	0.257119
396	0.255154
397	0.253081
398	0.250609
399	0.248249
400	0.24589
401	0.244014
402	0.242295
403	0.240449
404	0.238428
405	0.236545
406	0.234648
407	0.233073
408	0.231339
409	0.229636
410	0.227873
411	0.226198
412	0.224532
413	0.223061
414	0.221666
415	0.220329
416	0.21868
417	0.217282
418	0.215884
419	0.214326
420	0.213142
421	0.211747
422	0.210344
423	0.208746
424	0.207119
425	0.205298
426	0.203345
427	0.201392
428	0.199368
429	0.1977
430	0.196066
431	0.194424
432	0.192658
433	0.191102
434	0.189449
435	0.187846
436	0.186173
437	0.184775
438	0.183307
439	0.182172
440	0.181156
441	0.180024
442	0.178602
443	0.177124
444	0.17555
445	0.174026
446	0.172816
447	0.171479
448	0.169883
449	0.168668
450	0.167356
451	0.166282
452	0.165354
453	0.164221
454	0.163245
455	0.163021
456	0.164129
457	0.166557
458	0.169014
459	0.171218
460	0.172747
461	0.173609
462	0.17369
463	0.173434
464	0.172979
465	0.172177
466	0.171332
467	0.1701
468	0.168802
469	0.167645
470	0.166267
471	0.164949
472	0.16361
473	0.162402
474	0.160975
475	0.159548
476	0.157933
477	0.156294
478	0.154741
479	0.15335
480	0.152042
481	0.150834
482	0.149987
483	0.14904
484	0.148221
485	0.14753
486	0.146741
487	0.145971
488	0.14497
489	0.143933
490	0.143051
491	0.142179
492	0.141074
493	0.139727
494	0.138312
495	0.137019
496	0.135645
497	0.134191
498	0.132966
499	0.131871
500	0.131532
501	0.131527
502	0.131559
503	0.131793
504	0.131785
505	0.131371
506	0.13084
507	0.130185
508	0.129323
509	0.128541
510	0.128067
511	0.127441
512	0.126435
513	0.125332
514	0.124063
515	0.122918
516	0.122037
517	0.121084
518	0.12022
519	0.119382
520	0.118425
521	0.117458
522	0.11673
523	0.11589
524	0.115021
525	0.114037
526	0.113472
527	0.112751
528	0.112225
529	0.111438
530	0.110476
531	0.109507
532	0.10846
533	0.107515
534	0.106621
535	0.106219
536	0.105786
537	0.105396
538	0.105067
539	0.104412
540	0.103614
541	0.102995
542	0.102223
543	0.101807
544	0.10139
545	0.100966
546	0.100703
547	0.100401
548	0.100238
549	0.0999021
550	0.0994808
551	0.0989742
552	0.0982753
553	0.0976032
554	0.0967654
555	0.0959885
556	0.0952336
557	0.0945639
558	0.0937554
559	0.0927203
560	0.0916683
561	0.0906576
562	0.0898077
563	0.0891015
564	0.0883636
565	0.0874235
566	0.0865079
567	0.0857018
568	0.0848689
569	0.0840823
570	0.083152
571	0.0823337
572	0.0816202
573	0.0808677
574	0.0799836
575	0.0790728
576	0.0782643
577	0.0780232
578	0.0776823
579	0.0772926
580	0.0766302
581	0.075924
582	0.0755708
583	0.0751885
584	0.0744506
585	0.0737541
586	0.073155
587	0.0723781
588	0.0714819
589	0.0707124
590	0.0701011
591	0.0696481
592	0.0692341
593	0.068786
594	0.0681675
595	0.0676463
596	0.067225
597	0.0667745
598	0.0664554
599	0.066078
600	0.0656104
601	0.0653206
602	0.0649382
603	0.0645023
604	0.0641833
605	0.0637084
606	0.0632749
607	0.0628634
608	0.0625516
609	0.0621717
610	0.0619915
611	0.0615945
612	0.0614436
613	0.061144
614	0.0606058
615	0.0602746
616	0.0598387
617	0.0595026
618	0.0590862
619	0.0585796
620	0.0580098
621	0.0574423
622	0.057077
623	0.0567775
624	0.056288
625	0.0556037
626	0.0550655
627	0.0545589
628	0.0542691
629	0.0538234
630	0.0539063
631	0.0547221
632	0.0566801
633	0.0588134
634	0.0610198
635	0.0626539
636	0.0639251
637	0.0646509
638	0.0648798
639	0.0650089
640	0.0650016
641	0.0647556
642	0.0642637
643	0.063779
644	0.0631069
645	0.0625784
646	0.0623544
647	0.0620134
648	0.0615799
649	0.0610222
650	0.0603988
651	0.0599361
652	0.0594856
653	0.0591495
654	0.0587842
655	0.0581486
656	0.0575836
657	0.0572524
658	0.0570259
659	0.0567044
660	0.0562953
661	0.0557961
662	0.0554575
663	0.0548292
664	0.0542058
665	0.053821
666	0.0534728
667	0.0531318
668	0.0528152
669	0.052411
670	0.0518387
671	0.0514174
672	0.0513954
673	0.0517169
674	0.052618
675	0.0541449
676	0.0557668
677	0.0570454
678	0.058263
679	0.0587428
680	0.0587671
681	0.0584773
682	0.0587233
683	0.0608761
684	0.0675684
685	0.0788244
686	0.0913907
687	0.0907964
688	0.0901901
689	0.0895642
690	0.0891964
691	0.0885681
692	0.0879057
693	0.0874868
694	0.0870339
695	0.086408
696	0.0858942
697	0.0855654
698	0.0852366
699	0.0847642
700	0.084355
701	0.0841261
702	0.083678
703	0.0834369
704	0.0827818
705	0.0821048
706	0.0814984
707	0.0815617
708	0.0815349
709	0.0816129
710	0.0814546
711	0.0818588
712	0.0834272
713	0.088159
714	0.0976397
715	0.110415
716	0.116248
717	0.11618
718	0.115987
719	0.1157
720	0.115247
721	0.114643
722	0.114387
723	0.114158
724	0.113968
725	0.113671
726	0.113194
727	0.112955
728	0.112951
729	0.11232
730	0.111752
731	0.111151
732	0.111053
733	0.1111
734	0.110944
735	0.110859
736	0.110907
737	0.111075
738	0.112999
739	0.119014
740	0.129769
741	0.142766
742	0.144495
743	0.144264
744	0.143896
745	0.143723
746	0.143784
747	0.143594
748	0.143582
749	0.143443
750	0.143207
751	0.143124
752	0.142976
753	0.14289
754	0.142574
755	0.142269
756	0.141868
757	0.141566
758	0.141356
759	0.141013
760	0.140832
761	0.14083
762	0.14063
763	0.140265
764	0.139929
765	0.139605
766	0.13943
767	0.139159
768	0.138952
769	0.138782
770	0.13838
771	0.138105
772	0.137703
773	0.137389
774	0.136931
775	0.136875
776	0.136578
777	0.136583
778	0.136585
779	0.136286
780	0.135959
781	0.135684
782	0.135616
783	0.135516
784	0.135433
785	0.135394
786	0.135397
787	0.135494
788	0.135334
789	0.1352
790	0.135426
791	0.136093
792	0.137043
793	0.137998
794	0.139016
795	0.139866
796	0.14083
797	0.142325
798	0.143855
799	0.145559
800	0.147167
801	0.14825
802	0.148847
803	0.149108
804	0.148935
805	0.148599
806	0.147873
807	0.147442
808	0.146926
809	0.1464
810	0.145874
811	0.14545
812	0.144902
813	0.144731
814	0.144505
815	0.144371
816	0.144617
817	0.14468
818	0.144834
819	0.144807
820	0.144836
821	0.144863
822	0.144576
823	0.144254
824	0.143955
825	0.143696
826	0.143146
827	0.142459
828	0.141943
829	0.141227
830	0.140591
831	0.139805
832	0.139203
833	0.138512
834	0.137557
835	0.136588
836	0.135611
837	0.134508
838	0.133734
839	0.132903
840	0.132048
841	0.131257
842	0.130862
843	0.130667
844	0.13068
845	0.13057
846	0.130616
847	0.130448
848	0.130529
849	0.130061
850	0.129589
851	0.128843
852	0.128096
853	0.127256
854	0.126527
855	0.125626
856	0.124937
857	0.124192
858	0.123681
859	0.123262
860	0.122529
861	0.121854
862	0.121211
863	0.120566
864	0.119711
865	0.118861
866	0.118294
867	0.117872
868	0.117186
869	0.116384
870	0.1155
871	0.115191
872	0.114835
873	0.115091
874	0.115651
875	0.116596
876	0.117432
877	0.118255
878	0.11852
879	0.118737
880	0.118316
881	0.117858
882	0.11719
883	0.116382
884	0.115364
885	0.114314
886	0.113194
887	0.112054
888	0.110898
889	0.109804
890	0.108828
891	0.108046
892	0.107349
893	0.106482
894	0.105856
895	0.105121
896	0.104578
897	0.104084
898	0.103718
899	0.103258
900	0.103258
901	0.102978
902	0.102591
903	0.10223
904	0.101646
905	0.100891
906	0.100136
907	0.0993006
908	0.098436
909	0.0975739
910	0.0966169
911	0.0956403
912	0.0947904
913	0.0938576
914	0.0928129
915	0.0918607
916	0.0909377
917	0.090436
918	0.0898808
919	0.0891477
920	0.0884342
921	0.0877182
922	0.087275
923	0.0868926
924	0.0864031
925	0.0859672
926	0.0853267
927	0.0844549
928	0.0838217
929	0.0834296
930	0.0827453
931	0.0818588
932	0.0811161
933	0.0804999
934	0.0801371
935	0.0794186
936	0.0786661
937	0.077938
938	0.077261
939	0.0763672
940	0.0754442
941	0.0746259
942	0.0736713
943	0.0729553
944	0.0722929
945	0.0714844
946	0.070671
947	0.0699988
948	0.0693364
949	0.0686253
950	0.0680895
951	0.0676147
952	0.0670277
953	0.066509
954	0.0659781
955	0.0653328
956	0.0650405
957	0.0646996
958	0.0641638
959	0.0640932
960	0.0644366
961	0.0653644
962	0.0667379
963	0.0682503
964	0.0696287
965	0.0705882
966	0.0713845
967	0.0717742
968	0.0716597
969	0.0711118
970	0.0703568
971	0.0695093
972	0.0688128
973	0.0679312
974	0.0672542
975	0.0668061
976	0.0663434
977	0.0658612
978	0.0655446
979	0.0651136
980	0.0645608
981	0.0636694
982	0.0629388
983	0.0621766
984	0.06167
985	0.0611489
986	0.0605401
987	0.0600213
988	0.059751
989	0.0593808
990	0.0587233
991	0.0584506
992	0.0580317
993	0.0577321
994	0.0574643
995	0.0566387
996	0.056232
997	0.0560298
998	0.056176
999	0.0564049
1000	0.0565461
1001	0.0571866
1002	0.0582825
1003	0.0598752
1004	0.0615897
1005	0.0628341
1006	0.0640323
1007	0.0649334
1008	0.0661169
1009	0.0674223
1010	0.0684427
1011	0.0694582
1012	0.0705151
1013	0.0713163
1014	0.0720981
1015	0.0725096
1016	0.0729797
1017	0.0728482
1018	0.0728189
1019	0.0726338
1020	0.0722588
1021	0.0715867
1022	0.0709657
1023	0.0704688
