0	-0.000448441
1	-0.000604302
2	-0.000450877
3	-0.000701714
4	-0.000755291
5	-0.000394864
6	-0.000109932
7	-7.0967e-05
8	9.707e-05
9	0.000104376
10	2.64457e-05
11	-2.95666e-05
12	0.000170129
13	0.000272413
14	-1.49547e-05
15	-0.000448441
16	-0.000263357
17	-4.41785e-05
18	-8.80142e-05
19	-2.95666e-05
20	3.37517e-05
21	0.000128729
22	0.000338166
23	0.000464803
24	0.000530557
25	0.000535427
26	0.000503768
27	0.000618228
28	3.86223e-05
29	-0.000699279
30	-0.00104996
31	-0.00111328
32	-0.000838092
33	-0.000502018
34	-0.000178121
35	0.00036739
36	0.000625534
37	0.000652322
38	0.000401485
39	4.10576e-05
40	-0.000243875
41	-0.000409476
42	-0.000158638
43	0.000260236
44	0.000245624
45	0.000350343
46	0.000462368
47	0.000781394
48	0.000786265
49	0.000810618
50	0.000754606
51	0.000340602
52	0.000201789
53	6.05402e-05
54	-0.000182992
55	-0.000319369
56	-5.63551e-05
57	0.000192047
58	0.000757041
59	0.00159723
60	0.00350652
61	0.0116088
62	0.0471572
63	0.161734
64	0.432278
65	0.913025
66	1.58864
67	2.36541
68	3.11359
69	3.72674
70	4.15402
71	4.39991
72	4.50108
73	4.50382
74	4.44863
75	4.36564
76	4.2743
77	4.18803
78	4.11478
79	4.05661
80	4.01235
81	3.97808
82	3.95026
83	3.92633
84	3.90537
85	3.88669
86	3.86885
87	3.85096
88	3.83288
89	3.81638
90	3.8025
91	3.78227
92	3.74585
93	3.70737
94	3.68072
95	3.66351
96	3.64798
97	3.62971
98	3.60981
99	3.58973
100	3.56905
101	3.54669
102	3.52269
103	3.49778
104	3.47332
105	3.44927
106	3.42586
107	3.40284
108	3.37932
109	3.3546
110	3.32896
111	3.30379
112	3.27896
113	3.25413
114	3.23038
115	3.2072
116	3.18092
117	3.1529
118	3.12595
119	3.09971
120	3.07361
121	3.04822
122	3.0235
123	2.99933
124	2.97636
125	2.95386
126	2.93068
127	2.90664
128	2.88238
129	2.85801
130	2.83247
131	2.80623
132	2.77922
133	2.7518
134	2.72472
135	2.69857
136	2.67388
137	2.65054
138	2.62842
139	2.60724
140	2.58539
141	2.56332
142	2.54243
143	2.52168
144	2.49926
145	2.47522
146	2.45053
147	2.42587
148	2.40248
149	2.38019
150	2.35837
151	2.33724
152	2.31569
153	2.29368
154	2.2717
155	2.25003
156	2.22799
157	2.20582
158	2.18342
159	2.16104
160	2.13872
161	2.11629
162	2.09365
163	2.071
164	2.04874
165	2.02742
166	2.00794
167	1.98938
168	1.97049
169	1.95161
170	1.93228
171	1.91288
172	1.89381
173	1.87478
174	1.85577
175	1.83683
176	1.81854
177	1.80057
178	1.78261
179	1.76499
180	1.74767
181	1.73089
182	1.71471
183	1.69854
184	1.68199
185	1.66559
186	1.64932
187	1.63364
188	1.62064
189	1.61512
190	1.61497
191	1.5988
192	1.58231
193	1.5661
194	1.55039
195	1.53491
196	1.51991
197	1.50561
198	1.49235
199	1.47914
200	1.46488
201	1.45066
202	1.4371
203	1.424
204	1.41061
205	1.39724
206	1.38376
207	1.3708
208	1.35744
209	1.34463
210	1.33308
211	1.32217
212	1.3109
213	1.29848
214	1.28566
215	1.2737
216	1.26277
217	1.25246
218	1.24235
219	1.23217
220	1.22181
221	1.21179
222	1.20146
223	1.191
224	1.1805
225	1.16942
226	1.15788
227	1.14709
228	1.13679
229	1.12587
230	1.11483
231	1.10426
232	1.09446
233	1.08481
234	1.07572
235	1.06666
236	1.05731
237	1.04789
238	1.03811
239	1.02806
240	1.01847
241	1.009
242	0.998952
243	0.988624
244	0.978637
245	0.969692
246	0.963964
247	0.965391
248	0.974351
249	0.965844
250	0.957447
251	0.949089
252	0.941301
253	0.933574
254	0.924933
255	0.915733
256	0.906532
257	0.897955
258	0.889731
259	0.882474
260	0.876049
261	0.869786
262	0.864121
263	0.858508
264	0.852967
265	0.846769
266	0.840167
267	0.833012
268	0.825212
269	0.817504
270	0.810228
271	0.803399
272	0.796439
273	0.790012
274	0.783707
275	0.77756
276	0.771377
277	0.765352
278	0.7593
279	0.752868
280	0.746912
281	0.741045
282	0.735305
283	0.72937
284	0.72354
285	0.717537
286	0.711826
287	0.70649
288	0.701237
289	0.695743
290	0.69001
291	0.68409
292	0.678555
293	0.673122
294	0.667798
295	0.662472
296	0.656893
297	0.651528
298	0.646633
299	0.64232
300	0.637544
301	0.632121
302	0.626461
303	0.620911
304	0.615353
305	0.610249
306	0.605505
307	0.600868
308	0.596007
309	0.591609
310	0.588032
311	0.584271
312	0.58009
313	0.575029
314	0.570256
315	0.567697
316	0.57266
317	0.587535
318	0.585202
319	0.579773
320	0.574406
321	0.569423
322	0.565028
323	0.562911
324	0.565118
325	0.5754
326	0.588326
327	0.585065
328	0.581892
329	0.578166
330	0.574542
331	0.571014
332	0.567283
333	0.563547
334	0.560359
335	0.557539
336	0.554668
337	0.551558
338	0.548346
339	0.544761
340	0.541293
341	0.537584
342	0.534106
343	0.530529
344	0.526713
345	0.522833
346	0.519268
347	0.515425
348	0.512093
349	0.508876
350	0.505253
351	0.501738
352	0.498548
353	0.495463
354	0.492377
355	0.489401
356	0.486635
357	0.48419
358	0.482039
359	0.479799
360	0.477229
361	0.474429
362	0.471636
363	0.468949
364	0.466582
365	0.464388
366	0.461797
367	0.460808
368	0.462771
369	0.468611
370	0.477188
371	0.483289
372	0.48021
373	0.477687
374	0.475152
375	0.472493
376	0.469965
377	0.467471
378	0.465369
379	0.46339
380	0.461376
381	0.459001
382	0.456695
383	0.454574
384	0.452874
385	0.450604
386	0.448768
387	0.447029
388	0.444866
389	0.442443
390	0.440196
391	0.438014
392	0.436065
393	0.433452
394	0.43052
395	0.427751
396	0.425255
397	0.422542
398	0.420202
399	0.418185
400	0.415733
401	0.412832
402	0.410331
403	0.407774
404	0.405285
405	0.403069
406	0.401009
407	0.398776
408	0.396779
409	0.394514
410	0.391803
411	0.389222
412	0.386977
413	0.38479
414	0.383039
415	0.381426
416	0.379809
417	0.377827
418	0.375552
419	0.372964
420	0.370324
421	0.367672
422	0.365288
423	0.363617
424	0.362312
425	0.360838
426	0.359226
427	0.357305
428	0.35494
429	0.35269
430	0.350269
431	0.347868
432	0.345915
433	0.343996
434	0.342293
435	0.340839
436	0.339147
437	0.337647
438	0.336341
439	0.335021
440	0.333626
441	0.332267
442	0.331235
443	0.329956
444	0.328142
445	0.326052
446	0.324153
447	0.322277
448	0.320958
449	0.319679
450	0.318169
451	0.316411
452	0.314652
453	0.312916
454	0.311496
455	0.310271
456	0.309502
457	0.308905
458	0.30824
459	0.307782
460	0.307636
461	0.3077
462	0.307568
463	0.307303
464	0.306862
465	0.306453
466	0.305691
467	0.304668
468	0.303445
469	0.301701
470	0.300218
471	0.298645
472	0.296475
473	0.294758
474	0.293136
475	0.291329
476	0.289941
477	0.288977
478	0.287932
479	0.286887
480	0.28633
481	0.285309
482	0.28377
483	0.282292
484	0.281116
485	0.279523
486	0.277504
487	0.275702
488	0.274216
489	0.27294
490	0.272173
491	0.271499
492	0.270756
493	0.269606
494	0.268209
495	0.266601
496	0.264763
497	0.26327
498	0.262142
499	0.26164
500	0.261404
501	0.260786
502	0.260196
503	0.259799
504	0.259188
505	0.258151
506	0.257179
507	0.255796
508	0.254317
509	0.253068
510	0.251826
511	0.250874
512	0.250009
513	0.249074
514	0.248008
515	0.246887
516	0.24575
517	0.244708
518	0.243619
519	0.242618
520	0.241147
521	0.239528
522	0.237955
523	0.236657
524	0.235699
525	0.234803
526	0.234285
527	0.234034
528	0.233654
529	0.233615
530	0.233493
531	0.23352
532	0.233125
533	0.232285
534	0.231508
535	0.230566
536	0.229626
537	0.228627
538	0.228016
539	0.227322
540	0.226436
541	0.225722
542	0.224938
543	0.223594
544	0.222232
545	0.221022
546	0.219948
547	0.218957
548	0.218238
549	0.217257
550	0.215871
551	0.214758
552	0.213036
553	0.211366
554	0.209907
555	0.209155
556	0.208753
557	0.208246
558	0.207557
559	0.206378
560	0.204742
561	0.20301
562	0.201366
563	0.19993
564	0.198744
565	0.197594
566	0.196028
567	0.194372
568	0.192758
569	0.191326
570	0.189786
571	0.188406
572	0.187171
573	0.186085
574	0.184887
575	0.183511
576	0.182308
577	0.18091
578	0.179168
579	0.177946
580	0.17703
581	0.176526
582	0.176041
583	0.175343
584	0.17422
585	0.172576
586	0.170823
587	0.169549
588	0.168731
589	0.167691
590	0.166585
591	0.165212
592	0.164091
593	0.163144
594	0.161999
595	0.160472
596	0.159048
597	0.15774
598	0.157036
599	0.156069
600	0.155149
601	0.154655
602	0.154477
603	0.154365
604	0.154272
605	0.154085
606	0.154404
607	0.154267
608	0.153688
609	0.152655
610	0.151396
611	0.150234
612	0.149307
613	0.148571
614	0.147358
615	0.146355
616	0.145651
617	0.144855
618	0.143946
619	0.142765
620	0.142074
621	0.141906
622	0.1422
623	0.142203
624	0.141694
625	0.140625
626	0.139539
627	0.138438
628	0.137201
629	0.135661
630	0.134704
631	0.134648
632	0.135381
633	0.136572
634	0.138041
635	0.138818
636	0.138903
637	0.138854
638	0.138791
639	0.138418
640	0.138055
641	0.138102
642	0.137865
643	0.13742
644	0.136665
645	0.136268
646	0.135669
647	0.134926
648	0.134042
649	0.133119
650	0.131994
651	0.131022
652	0.129999
653	0.12885
654	0.127401
655	0.12629
656	0.125923
657	0.125389
658	0.124271
659	0.12292
660	0.121636
661	0.120577
662	0.120253
663	0.119959
664	0.119367
665	0.118724
666	0.118025
667	0.116685
668	0.115283
669	0.114167
670	0.113376
671	0.112735
672	0.112027
673	0.11124
674	0.110799
675	0.110619
676	0.111189
677	0.111937
678	0.112777
679	0.114255
680	0.118378
681	0.12818
682	0.145442
683	0.148871
684	0.147434
685	0.145939
686	0.144468
687	0.143089
688	0.142079
689	0.14108
690	0.14041
691	0.139738
692	0.139349
693	0.138854
694	0.138104
695	0.137303
696	0.136847
697	0.136412
698	0.135859
699	0.135226
700	0.134427
701	0.133682
702	0.13271
703	0.131553
704	0.130652
705	0.130058
706	0.129593
707	0.129434
708	0.129057
709	0.128952
710	0.128774
711	0.128567
712	0.128404
713	0.128353
714	0.128185
715	0.128587
716	0.132045
717	0.139916
718	0.152896
719	0.159627
720	0.158739
721	0.157954
722	0.157265
723	0.156846
724	0.156634
725	0.156113
726	0.155341
727	0.15425
728	0.153339
729	0.152482
730	0.151917
731	0.151735
732	0.151447
733	0.15105
734	0.150838
735	0.153663
736	0.163178
737	0.180932
738	0.186189
739	0.185717
740	0.184906
741	0.18428
742	0.183798
743	0.183087
744	0.182198
745	0.181248
746	0.180686
747	0.179936
748	0.17941
749	0.179052
750	0.17835
751	0.177661
752	0.176957
753	0.176161
754	0.175438
755	0.175045
756	0.175106
757	0.175004
758	0.174456
759	0.173784
760	0.173358
761	0.172863
762	0.172652
763	0.172413
764	0.171996
765	0.171361
766	0.170511
767	0.169685
768	0.169391
769	0.169115
770	0.168748
771	0.168178
772	0.167788
773	0.167472
774	0.167165
775	0.166678
776	0.166147
777	0.165806
778	0.165531
779	0.165165
780	0.16517
781	0.165187
782	0.165718
783	0.165665
784	0.165375
785	0.164876
786	0.164756
787	0.16472
788	0.164841
789	0.164337
790	0.163568
791	0.162674
792	0.162058
793	0.161676
794	0.161836
795	0.162555
796	0.163755
797	0.16516
798	0.166675
799	0.167688
800	0.16836
801	0.169189
802	0.16971
803	0.169956
804	0.169873
805	0.169357
806	0.168718
807	0.168592
808	0.168153
809	0.167269
810	0.166468
811	0.165752
812	0.16556
813	0.16526
814	0.164934
815	0.164539
816	0.164522
817	0.164527
818	0.164586
819	0.164856
820	0.164868
821	0.164435
822	0.164057
823	0.163526
824	0.163244
825	0.162854
826	0.161931
827	0.160809
828	0.160129
829	0.159306
830	0.158778
831	0.158427
832	0.158524
833	0.158439
834	0.157611
835	0.156296
836	0.154986
837	0.154187
838	0.153936
839	0.153025
840	0.15171
841	0.150816
842	0.149945
843	0.148961
844	0.148737
845	0.148793
846	0.149677
847	0.150644
848	0.151596
849	0.151893
850	0.151574
851	0.150344
852	0.149294
853	0.148186
854	0.147093
855	0.146167
856	0.145115
857	0.144409
858	0.14371
859	0.142595
860	0.141124
861	0.139478
862	0.138496
863	0.137544
864	0.136492
865	0.135206
866	0.134079
867	0.133336
868	0.133292
869	0.133672
870	0.134164
871	0.134658
872	0.135238
873	0.136833
874	0.139146
875	0.141426
876	0.143377
877	0.144743
878	0.145556
879	0.14577
880	0.145551
881	0.145269
882	0.144757
883	0.143649
884	0.1426
885	0.141389
886	0.139682
887	0.138172
888	0.13711
889	0.135661
890	0.134478
891	0.133443
892	0.132703
893	0.132172
894	0.131957
895	0.131612
896	0.13091
897	0.130333
898	0.130043
899	0.130153
900	0.129712
901	0.129237
902	0.128774
903	0.128402
904	0.128195
905	0.128002
906	0.127961
907	0.127703
908	0.126763
909	0.125207
910	0.123687
911	0.122518
912	0.121895
913	0.121753
914	0.121074
915	0.120205
916	0.119847
917	0.119282
918	0.118522
919	0.117764
920	0.116924
921	0.115762
922	0.114313
923	0.113145
924	0.112416
925	0.111583
926	0.110816
927	0.109618
928	0.108138
929	0.106645
930	0.105466
931	0.104777
932	0.104156
933	0.103352
934	0.10248
935	0.10165
936	0.100807
937	0.100089
938	0.099592
939	0.098781
940	0.097953
941	0.0972005
942	0.0965089
943	0.0953594
944	0.0940541
945	0.0930434
946	0.0917357
947	0.0903037
948	0.0896291
949	0.0890398
950	0.0880461
951	0.0868139
952	0.085998
953	0.0853332
954	0.0849533
955	0.0846513
956	0.0846732
957	0.0846659
958	0.0839792
959	0.082988
960	0.0821989
961	0.0815536
962	0.0814976
963	0.0816145
964	0.0820066
965	0.0824766
966	0.0826568
967	0.0825764
968	0.0822087
969	0.0814367
970	0.0805868
971	0.0798172
972	0.0792741
973	0.0793131
974	0.0797514
975	0.0798854
976	0.0795932
977	0.0789551
978	0.0779566
979	0.0771237
980	0.0763591
981	0.075872
982	0.0753362
983	0.0745058
984	0.0738775
985	0.0739895
986	0.0750075
987	0.076717
988	0.0780735
989	0.0787603
990	0.0791426
991	0.0792449
992	0.0791475
993	0.0786336
994	0.0778202
995	0.0768948
996	0.0759402
997	0.0756455
998	0.0759012
999	0.0765539
1000	0.0772674
1001	0.0788017
1002	0.0803725
1003	0.0817143
1004	0.082949
1005	0.0832851
1006	0.0833362
1007	0.0841326
1008	0.0866848
1009	0.0910684
1010	0.096767
1011	0.103347
1012	0.109915
1013	0.115353
1014	0.119126
1015	0.120923
1016	0.121247
1017	0.119907
1018	0.117774
1019	0.115933
1020	0.114542
1021	0.112692
1022	0.110999
1023	0.109935
