0	8.98615e-05
1	7.76849e-05
2	0.000141003
3	4.84611e-05
4	0.00011665
5	0.000133697
6	8.01202e-05
7	-7.08695e-05
8	-0.000170718
9	-0.000314401
10	-0.00034606
11	-0.000175588
12	-4.4081e-05
13	-0.000302225
14	-0.000421555
15	-0.000358237
16	-0.000163412
17	-0.000243777
18	-0.000246212
19	-0.000399637
20	-0.00034606
21	-0.000302225
22	-0.000195071
23	-0.00015367
24	-0.000117141
25	-0.000139058
26	-0.00015367
27	-4.16457e-05
28	-0.000109835
29	5.33317e-05
30	0.000143439
31	-2.68057e-06
32	-9.27873e-05
33	-5.62576e-05
34	6.79436e-05
35	-1.48572e-05
36	-4.16457e-05
37	9.22968e-05
38	-1.97278e-05
39	0.000126391
40	0.000253028
41	0.000343135
42	0.000389406
43	0.000462465
44	0.000355311
45	0.000374794
46	0.000177533
47	0.000391841
48	0.000528219
49	0.000596408
50	0.000735221
51	0.000822892
52	0.000932482
53	0.00106155
54	0.00118819
55	0.00130509
56	0.00142442
57	0.00128317
58	0.0011541
59	0.00147312
60	0.00334345
61	0.0110001
62	0.0359621
63	0.0995166
64	0.226319
65	0.422257
66	0.668809
67	0.936112
68	1.19319
69	1.41442
70	1.58495
71	1.70181
72	1.77064
73	1.80129
74	1.80458
75	1.79019
76	1.7658
77	1.73606
78	1.70516
79	1.67588
80	1.64911
81	1.62586
82	1.60609
83	1.58922
84	1.57485
85	1.56295
86	1.55272
87	1.54369
88	1.53497
89	1.52646
90	1.51759
91	1.50848
92	1.49867
93	1.48887
94	1.47905
95	1.46975
96	1.46072
97	1.45167
98	1.44239
99	1.43312
100	1.42402
101	1.41449
102	1.40472
103	1.39469
104	1.38449
105	1.37414
106	1.3636
107	1.35286
108	1.34209
109	1.33118
110	1.31986
111	1.30863
112	1.29717
113	1.28559
114	1.27403
115	1.26238
116	1.25066
117	1.23945
118	1.22897
119	1.21896
120	1.20954
121	1.20028
122	1.19087
123	1.18134
124	1.17151
125	1.1615
126	1.15128
127	1.14144
128	1.1312
129	1.121
130	1.11041
131	1.09947
132	1.08875
133	1.07811
134	1.06724
135	1.0565
136	1.04599
137	1.03542
138	1.02501
139	1.01465
140	1.00432
141	0.994418
142	0.984263
143	0.974232
144	0.964235
145	0.954442
146	0.94465
147	0.935332
148	0.926346
149	0.917628
150	0.908641
151	0.899908
152	0.890705
153	0.881461
154	0.872277
155	0.863464
156	0.85476
157	0.846329
158	0.838093
159	0.829917
160	0.821652
161	0.813306
162	0.805118
163	0.796558
164	0.78793
165	0.778982
166	0.770478
167	0.762308
168	0.754322
169	0.74615
170	0.738374
171	0.731141
172	0.724068
173	0.716692
174	0.709133
175	0.701798
176	0.694779
177	0.687485
178	0.68051
179	0.67367
180	0.666739
181	0.659922
182	0.65342
183	0.646891
184	0.640189
185	0.633674
186	0.627111
187	0.62077
188	0.616077
189	0.613836
190	0.613676
191	0.6152
192	0.616401
193	0.615356
194	0.60898
195	0.602782
196	0.595625
197	0.588175
198	0.58159
199	0.575614
200	0.56993
201	0.564804
202	0.559913
203	0.554994
204	0.55044
205	0.546215
206	0.541865
207	0.537284
208	0.532582
209	0.528067
210	0.523342
211	0.518552
212	0.513854
213	0.509622
214	0.505345
215	0.501159
216	0.497058
217	0.493193
218	0.489275
219	0.485597
220	0.481788
221	0.477739
222	0.473345
223	0.468862
224	0.463653
225	0.458385
226	0.45329
227	0.448412
228	0.443435
229	0.438452
230	0.433783
231	0.429434
232	0.425162
233	0.421283
234	0.417601
235	0.413726
236	0.409623
237	0.405587
238	0.401871
239	0.398515
240	0.394879
241	0.391044
242	0.387274
243	0.383911
244	0.381787
245	0.382337
246	0.385552
247	0.390535
248	0.395607
249	0.398116
250	0.394728
251	0.391338
252	0.386757
253	0.382252
254	0.378261
255	0.374644
256	0.371147
257	0.367723
258	0.364387
259	0.360963
260	0.358082
261	0.355739
262	0.353364
263	0.350856
264	0.348236
265	0.345537
266	0.342795
267	0.340051
268	0.337135
269	0.334121
270	0.331006
271	0.328105
272	0.325395
273	0.323054
274	0.320729
275	0.318391
276	0.316211
277	0.313988
278	0.311779
279	0.309485
280	0.306947
281	0.304585
282	0.302313
283	0.299744
284	0.296539
285	0.292971
286	0.289971
287	0.287645
288	0.285382
289	0.283232
290	0.280877
291	0.27859
292	0.276233
293	0.27407
294	0.271769
295	0.26946
296	0.267181
297	0.265211
298	0.263133
299	0.261285
300	0.259459
301	0.257593
302	0.255647
303	0.253392
304	0.250886
305	0.248446
306	0.245877
307	0.24321
308	0.240631
309	0.238167
310	0.2356
311	0.23332
312	0.231323
313	0.229304
314	0.227169
315	0.225425
316	0.224539
317	0.225856
318	0.229295
319	0.234136
320	0.239457
321	0.245494
322	0.252888
323	0.260121
324	0.267656
325	0.274409
326	0.27615
327	0.274304
328	0.270819
329	0.267006
330	0.264339
331	0.263292
332	0.26269
333	0.260494
334	0.258014
335	0.256032
336	0.254252
337	0.252535
338	0.250684
339	0.248721
340	0.246461
341	0.244442
342	0.24247
343	0.240531
344	0.238598
345	0.236888
346	0.235037
347	0.233345
348	0.231725
349	0.230359
350	0.228905
351	0.227164
352	0.225515
353	0.223793
354	0.222434
355	0.220754
356	0.219349
357	0.218005
358	0.216612
359	0.215287
360	0.213845
361	0.212627
362	0.211071
363	0.209437
364	0.207747
365	0.206237
366	0.20454
367	0.202981
368	0.201768
369	0.200901
370	0.200755
371	0.201021
372	0.201427
373	0.201651
374	0.201705
375	0.201447
376	0.200543
377	0.199715
378	0.198644
379	0.19764
380	0.196408
381	0.194867
382	0.193756
383	0.192551
384	0.191294
385	0.190123
386	0.188829
387	0.187363
388	0.185729
389	0.184475
390	0.183031
391	0.181743
392	0.180398
393	0.179166
394	0.177539
395	0.176258
396	0.175038
397	0.173786
398	0.172727
399	0.171614
400	0.170616
401	0.169556
402	0.168543
403	0.167326
404	0.16593
405	0.16472
406	0.163473
407	0.16228
408	0.161125
409	0.160071
410	0.159048
411	0.157998
412	0.157195
413	0.156203
414	0.155013
415	0.154031
416	0.153257
417	0.152548
418	0.15153
419	0.150955
420	0.15031
421	0.14957
422	0.148613
423	0.148023
424	0.147232
425	0.146326
426	0.145391
427	0.144463
428	0.143518
429	0.142532
430	0.141891
431	0.141484
432	0.140992
433	0.140751
434	0.140135
435	0.139497
436	0.139013
437	0.138562
438	0.138141
439	0.137366
440	0.136721
441	0.135998
442	0.13536
443	0.134495
444	0.133791
445	0.133238
446	0.132776
447	0.132262
448	0.131731
449	0.130961
450	0.130153
451	0.129705
452	0.129045
453	0.128658
454	0.127757
455	0.126955
456	0.126242
457	0.125287
458	0.124652
459	0.12413
460	0.123882
461	0.123458
462	0.123288
463	0.123125
464	0.122757
465	0.122443
466	0.121902
467	0.12133
468	0.120714
469	0.120171
470	0.119525
471	0.118782
472	0.118142
473	0.11763
474	0.117141
475	0.116493
476	0.115519
477	0.115132
478	0.114608
479	0.114272
480	0.113741
481	0.113142
482	0.112638
483	0.112054
484	0.111296
485	0.110651
486	0.109971
487	0.109465
488	0.108849
489	0.108255
490	0.107502
491	0.106506
492	0.105732
493	0.10483
494	0.103951
495	0.103372
496	0.102704
497	0.101993
498	0.101326
499	0.100885
500	0.100496
501	0.100113
502	0.0996578
503	0.099239
504	0.0985912
505	0.0981406
506	0.0975562
507	0.0968134
508	0.0960268
509	0.0953546
510	0.0947214
511	0.0939494
512	0.0929193
513	0.0920718
514	0.0912755
515	0.090182
516	0.0891787
517	0.0881777
518	0.0874739
519	0.0868724
520	0.0864341
521	0.0859908
522	0.0854672
523	0.0849656
524	0.0843933
525	0.0838112
526	0.0835579
527	0.0835092
528	0.0835312
529	0.0835263
530	0.0837114
531	0.0835239
532	0.0833826
533	0.0828079
534	0.082238
535	0.081768
536	0.0811762
537	0.0804334
538	0.0795762
539	0.0790721
540	0.0784121
541	0.077813
542	0.0772115
543	0.0768267
544	0.0764566
545	0.0762593
546	0.0758502
547	0.0753728
548	0.0747177
549	0.0741065
550	0.0736559
551	0.073315
552	0.0729083
553	0.0725284
554	0.072185
555	0.0720389
556	0.07162
557	0.070848
558	0.0701929
559	0.0696961
560	0.0690288
561	0.0685418
562	0.0680109
563	0.067553
564	0.0669345
565	0.0664596
566	0.0660578
567	0.065785
568	0.0652955
569	0.0648791
570	0.0642897
571	0.0639293
572	0.0634568
573	0.062792
574	0.0620444
575	0.0612383
576	0.0608291
577	0.0603421
578	0.0598185
579	0.0592462
580	0.0586325
581	0.0581235
582	0.0575682
583	0.0571469
584	0.0567134
585	0.0561265
586	0.0556273
587	0.0551475
588	0.0548261
589	0.0544705
590	0.0540589
591	0.0536157
592	0.0530775
593	0.0527195
594	0.052342
595	0.052023
596	0.0517405
597	0.0512778
598	0.0510781
599	0.0512267
600	0.0515652
601	0.0516845
602	0.0516236
603	0.0515847
604	0.0515043
605	0.0513777
606	0.0508468
607	0.0504011
608	0.0501697
609	0.0498994
610	0.0495122
611	0.0492151
612	0.048806
613	0.0483213
614	0.0478197
615	0.0474811
616	0.0471889
617	0.0468869
618	0.0466093
619	0.046378
620	0.045981
621	0.045606
622	0.0452455
623	0.0449971
624	0.0448778
625	0.0444321
626	0.0438452
627	0.0434069
628	0.0431974
629	0.0430513
630	0.0429563
631	0.0428589
632	0.0429856
633	0.0429953
634	0.042949
635	0.0428346
636	0.0427761
637	0.0423816
638	0.0420528
639	0.0417241
640	0.0413441
641	0.0412053
642	0.0407865
643	0.0404601
644	0.0402361
645	0.0401362
646	0.0401679
647	0.0401581
648	0.0402117
649	0.0400486
650	0.0398294
651	0.0397052
652	0.0395225
653	0.0394568
654	0.0392303
655	0.0390428
656	0.038809
657	0.0386288
658	0.0384826
659	0.0382172
660	0.0380686
661	0.0377399
662	0.0374866
663	0.0370068
664	0.0367658
665	0.0364906
666	0.0363542
667	0.0361082
668	0.0358428
669	0.0357965
670	0.0355457
671	0.0354336
672	0.0352948
673	0.0349198
674	0.0348394
675	0.0349052
676	0.0347639
677	0.0351511
678	0.0369021
679	0.0405015
680	0.0462635
681	0.0535329
682	0.0612602
683	0.0677016
684	0.0697156
685	0.0696279
686	0.0693649
687	0.0680547
688	0.0673095
689	0.0669686
690	0.0668346
691	0.0667737
692	0.0665862
693	0.06635
694	0.0660237
695	0.065897
696	0.0657241
697	0.0656778
698	0.0654806
699	0.0651323
700	0.0646453
701	0.063676
702	0.0620638
703	0.0605296
704	0.0597357
705	0.0594556
706	0.0591366
707	0.0587421
708	0.0580163
709	0.0574879
710	0.0574367
711	0.0573125
712	0.0574099
713	0.057293
714	0.0570252
715	0.0568401
716	0.0569862
717	0.0576997
718	0.060213
719	0.0643798
720	0.069287
721	0.0740724
722	0.0780955
723	0.0810983
724	0.0827592
725	0.0837309
726	0.0840134
727	0.0837942
728	0.0829321
729	0.0816146
730	0.0799318
731	0.0785972
732	0.0774794
733	0.0774429
734	0.0781442
735	0.0799659
736	0.0824134
737	0.0850995
738	0.0871525
739	0.0883677
740	0.089052
741	0.0890058
742	0.0886867
743	0.0880341
744	0.0874106
745	0.0866216
746	0.0859129
747	0.0848974
748	0.083799
749	0.0830611
750	0.0826204
751	0.0821625
752	0.0817047
753	0.0812882
754	0.0809205
755	0.0804334
756	0.0798952
757	0.0792353
758	0.0787141
759	0.0781929
760	0.0775744
761	0.0771823
762	0.0766563
763	0.0763007
764	0.0760085
765	0.075838
766	0.0756188
767	0.0749369
768	0.0740529
769	0.0733978
770	0.0726526
771	0.0720511
772	0.0714228
773	0.0708602
774	0.0701418
775	0.069645
776	0.0690775
777	0.068347
778	0.0675847
779	0.0669661
780	0.0662769
781	0.0657436
782	0.0652517
783	0.0647354
784	0.0645065
785	0.0641485
786	0.063922
787	0.063564
788	0.0630672
789	0.0623926
790	0.0619616
791	0.0617399
792	0.0612797
793	0.0608924
794	0.0608584
795	0.0608462
796	0.0608316
797	0.0610045
798	0.0609752
799	0.060929
800	0.0607512
801	0.0607658
802	0.0605978
803	0.0605101
804	0.0598526
805	0.0592486
806	0.0584669
807	0.057746
808	0.0570471
809	0.0563092
810	0.0556979
811	0.0550063
812	0.0544827
813	0.0544023
814	0.0545411
815	0.0544705
816	0.0542538
817	0.0542562
818	0.0544389
819	0.0543439
820	0.0542854
821	0.0541783
822	0.0543049
823	0.0541344
824	0.0538787
825	0.0534452
826	0.0528242
827	0.0524492
828	0.0520303
829	0.051385
830	0.0508468
831	0.0503719
832	0.0498361
833	0.0495463
834	0.0491761
835	0.0489618
836	0.0486866
837	0.0484114
838	0.0484187
839	0.0484894
840	0.0488035
841	0.0495025
842	0.0509003
843	0.0521472
844	0.0530264
845	0.0534866
846	0.0538276
847	0.0538836
848	0.0537034
849	0.0535646
850	0.0533892
851	0.0530897
852	0.0526172
853	0.0520815
854	0.0515749
855	0.0510781
856	0.0505959
857	0.0501868
858	0.0495633
859	0.0489789
860	0.0485137
861	0.0480729
862	0.0476054
863	0.0472547
864	0.046921
865	0.0467286
866	0.0465387
867	0.0465314
868	0.0467798
869	0.0471159
870	0.0477442
871	0.0482678
872	0.0491493
873	0.0500261
874	0.0511633
875	0.0517795
876	0.0524151
877	0.052851
878	0.0529143
879	0.0527341
880	0.0527025
881	0.0524151
882	0.0521886
883	0.0517746
884	0.051385
885	0.0510002
886	0.0507201
887	0.0501941
888	0.0496413
889	0.0490276
890	0.0485332
891	0.0480754
892	0.0478099
893	0.0474811
894	0.0472839
895	0.0470671
896	0.0467018
897	0.0465168
898	0.0462684
899	0.045886
900	0.0456327
901	0.045416
902	0.0451189
903	0.0452772
904	0.0453624
905	0.0453722
906	0.0452845
907	0.0451189
908	0.0449898
909	0.0449362
910	0.0445856
911	0.0441253
912	0.0438817
913	0.0435335
914	0.0430318
915	0.0426641
916	0.0423231
917	0.0421088
918	0.0416023
919	0.0413076
920	0.0410349
921	0.0408498
922	0.0403578
923	0.0400729
924	0.0397393
925	0.0391451
926	0.0389795
927	0.0385167
928	0.0381198
929	0.0377959
930	0.0374817
931	0.037058
932	0.0367657
933	0.0365563
934	0.0361935
935	0.036135
936	0.0357697
937	0.0355676
938	0.0351998
939	0.0348175
940	0.0344863
941	0.0342549
942	0.0339432
943	0.0337606
944	0.0336339
945	0.0333246
946	0.0331201
947	0.0327816
948	0.032577
949	0.0325015
950	0.0323335
951	0.0319852
952	0.0316565
953	0.0315712
954	0.031374
955	0.0310087
956	0.0304217
957	0.030149
958	0.0298884
959	0.0297155
960	0.0295645
961	0.0295523
962	0.0295304
963	0.0294841
964	0.0293259
965	0.0292284
966	0.0290945
967	0.0290604
968	0.0291651
969	0.0293429
970	0.029472
971	0.0298446
972	0.0300418
973	0.0301514
974	0.0304705
975	0.0304583
976	0.030317
977	0.0302415
978	0.0301027
979	0.0300516
980	0.0297252
981	0.0293697
982	0.0288875
983	0.0285709
984	0.0283152
985	0.0282714
986	0.0280278
987	0.0276796
988	0.0273898
989	0.0273289
990	0.02738
991	0.0273045
992	0.0272217
993	0.0271219
994	0.0271876
995	0.0269977
996	0.0270391
997	0.0271803
998	0.0272656
999	0.0275237
1000	0.0277015
1001	0.0278476
1002	0.0280692
1003	0.0283395
1004	0.0283712
1005	0.0282592
1006	0.0282689
1007	0.0284759
1008	0.0286854
1009	0.0292552
1010	0.0305606
1011	0.0327962
1012	0.0356114
1013	0.0386848
1014	0.0411128
1015	0.0430294
1016	0.0442568
1017	0.044812
1018	0.0448242
1019	0.0446197
1020	0.0443201
1021	0.0439012
1022	0.0433776
1023	0.0424206
