0	1.04723e-05
1	3.72608e-05
2	0.000122497
3	0.000239392
4	0.000268616
5	0.000154156
6	0.00018825
7	0.000112756
8	0.000178509
9	0.000180945
10	0.000112756
11	-7.23285e-05
12	-8.20698e-05
13	-0.0002014
14	-0.000189224
15	-0.000155129
16	-0.000130776
17	-0.000179483
18	-0.000230624
19	-0.000289072
20	-0.000330472
21	-0.000220883
22	-0.000181918
23	-0.000245236
24	-0.000367002
25	-0.000398661
26	-0.00023793
27	-0.000337778
28	-0.000303684
29	-0.000281766
30	-0.000328037
31	-0.000269589
32	-0.000235495
33	-0.000247671
34	-0.000225754
35	-7.23285e-05
36	-3.57988e-05
37	0.000129803
38	0.000154156
39	0.000129803
40	0.000275922
41	0.000344111
42	0.000319758
43	0.000353852
44	0.000402558
45	0.000504842
46	0.00053163
47	0.000370899
48	0.000419606
49	0.000307581
50	0.000358723
51	0.000470747
52	0.000487795
53	0.000529195
54	0.000658267
55	0.00105279
56	0.00160073
57	0.00388506
58	0.0117998
59	0.0347186
60	0.0859114
61	0.172477
62	0.287027
63	0.414738
64	0.541681
65	0.660534
66	0.767688
67	0.861745
68	0.942771
69	1.01079
70	1.06622
71	1.11071
72	1.14545
73	1.17265
74	1.1932
75	1.20846
76	1.21964
77	1.22722
78	1.23233
79	1.23608
80	1.24005
81	1.24579
82	1.25372
83	1.26328
84	1.27329
85	1.28286
86	1.29108
87	1.29752
88	1.30202
89	1.30471
90	1.30578
91	1.30519
92	1.30315
93	1.29979
94	1.2955
95	1.29027
96	1.2844
97	1.27789
98	1.27083
99	1.26331
100	1.25535
101	1.24755
102	1.23977
103	1.2325
104	1.22525
105	1.21839
106	1.21129
107	1.20379
108	1.19589
109	1.18787
110	1.17949
111	1.17061
112	1.16169
113	1.15277
114	1.1435
115	1.13442
116	1.12523
117	1.11616
118	1.107
119	1.0982
120	1.08928
121	1.08042
122	1.07159
123	1.06264
124	1.05366
125	1.0448
126	1.03617
127	1.02753
128	1.01919
129	1.01094
130	1.00247
131	0.994117
132	0.985579
133	0.976933
134	0.968037
135	0.959246
136	0.950459
137	0.94159
138	0.93272
139	0.923953
140	0.915152
141	0.906212
142	0.897523
143	0.889023
144	0.880358
145	0.872037
146	0.863849
147	0.855353
148	0.846953
149	0.8388
150	0.83052
151	0.822276
152	0.813872
153	0.805582
154	0.797307
155	0.789036
156	0.780566
157	0.772274
158	0.763911
159	0.755785
160	0.74786
161	0.74013
162	0.732398
163	0.724681
164	0.717141
165	0.709518
166	0.701733
167	0.694456
168	0.687123
169	0.680151
170	0.673113
171	0.66626
172	0.659446
173	0.65259
174	0.645698
175	0.638607
176	0.631764
177	0.624845
178	0.618021
179	0.611278
180	0.604617
181	0.598088
182	0.591525
183	0.58502
184	0.578822
185	0.572612
186	0.56657
187	0.560647
188	0.555019
189	0.54946
190	0.543715
191	0.53824
192	0.532532
193	0.526882
194	0.521256
195	0.515845
196	0.510312
197	0.504961
198	0.499633
199	0.494287
200	0.489056
201	0.484018
202	0.479038
203	0.474335
204	0.469245
205	0.464484
206	0.459791
207	0.455296
208	0.450505
209	0.445883
210	0.441249
211	0.437157
212	0.432696
213	0.428483
214	0.424316
215	0.420047
216	0.41586
217	0.411694
218	0.407656
219	0.403633
220	0.399429
221	0.395284
222	0.391064
223	0.386793
224	0.382553
225	0.378354
226	0.374019
227	0.369957
228	0.365876
229	0.361816
230	0.35788
231	0.354091
232	0.350234
233	0.346549
234	0.342928
235	0.339221
236	0.335607
237	0.332025
238	0.328513
239	0.325082
240	0.321903
241	0.318833
242	0.315757
243	0.312808
244	0.309846
245	0.307053
246	0.30415
247	0.30132
248	0.298359
249	0.295402
250	0.292536
251	0.289601
252	0.28665
253	0.283891
254	0.281051
255	0.27827
256	0.275309
257	0.272452
258	0.269532
259	0.266712
260	0.264014
261	0.261159
262	0.258183
263	0.255468
264	0.252753
265	0.249937
266	0.24702
267	0.244249
268	0.241523
269	0.238784
270	0.236136
271	0.233355
272	0.230452
273	0.227623
274	0.224824
275	0.222223
276	0.219644
277	0.216956
278	0.214279
279	0.211588
280	0.208983
281	0.206406
282	0.203866
283	0.201175
284	0.198796
285	0.196377
286	0.193833
287	0.191546
288	0.189449
289	0.187247
290	0.185056
291	0.182827
292	0.18065
293	0.178536
294	0.176393
295	0.174394
296	0.172373
297	0.17002
298	0.167775
299	0.165768
300	0.163605
301	0.16144
302	0.159137
303	0.157174
304	0.155177
305	0.153209
306	0.151266
307	0.149203
308	0.14734
309	0.14553
310	0.143979
311	0.142844
312	0.142077
313	0.141661
314	0.141091
315	0.140477
316	0.13972
317	0.138846
318	0.137845
319	0.137019
320	0.136978
321	0.138563
322	0.141697
323	0.145365
324	0.148998
325	0.151716
326	0.153058
327	0.153039
328	0.152169
329	0.151607
330	0.15083
331	0.149999
332	0.148864
333	0.14773
334	0.146673
335	0.145574
336	0.144157
337	0.142905
338	0.141702
339	0.140499
340	0.139113
341	0.137884
342	0.136556
343	0.135309
344	0.134226
345	0.133213
346	0.132178
347	0.13097
348	0.129694
349	0.12834
350	0.12709
351	0.125863
352	0.124777
353	0.123788
354	0.122658
355	0.121674
356	0.120578
357	0.119441
358	0.118248
359	0.117088
360	0.115934
361	0.114768
362	0.11363
363	0.112505
364	0.111334
365	0.110469
366	0.109558
367	0.10857
368	0.10772
369	0.106704
370	0.105876
371	0.104909
372	0.103872
373	0.102925
374	0.101989
375	0.101001
376	0.0998415
377	0.0987772
378	0.0978469
379	0.0969288
380	0.0959644
381	0.0951997
382	0.0942597
383	0.0934122
384	0.0924819
385	0.0916077
386	0.0907285
387	0.0898201
388	0.0889458
389	0.0880253
390	0.0871827
391	0.0862475
392	0.0853294
393	0.0842773
394	0.0833324
395	0.0826116
396	0.0815279
397	0.0805586
398	0.0797477
399	0.0787881
400	0.077965
401	0.0771613
402	0.0762749
403	0.0754834
404	0.0746311
405	0.0740271
406	0.0731747
407	0.0724076
408	0.0714189
409	0.0704496
410	0.0696362
411	0.0688959
412	0.0681166
413	0.0673835
414	0.0667017
415	0.0658225
416	0.0650919
417	0.0644928
418	0.0640959
419	0.06328
420	0.062698
421	0.0618286
422	0.0612612
423	0.0605817
424	0.0599047
425	0.0590937
426	0.0585482
427	0.0578079
428	0.0571455
429	0.0562809
430	0.0555869
431	0.0548855
432	0.0541817
433	0.0535753
434	0.0527838
435	0.0520873
436	0.0513445
437	0.0507333
438	0.0501025
439	0.0494109
440	0.0486072
441	0.0481129
442	0.0475187
443	0.0469951
444	0.0461646
445	0.0455753
446	0.0448909
447	0.0442115
448	0.0433884
449	0.0425944
450	0.041725
451	0.0409847
452	0.0402371
453	0.0396672
454	0.0389829
455	0.0384252
456	0.0380794
457	0.0377116
458	0.0374437
459	0.036925
460	0.036645
461	0.0361189
462	0.0354955
463	0.0349768
464	0.0344532
465	0.0338151
466	0.0330821
467	0.0323296
468	0.0316647
469	0.0310316
470	0.0303131
471	0.0297433
472	0.0291466
473	0.0283649
474	0.0276245
475	0.0270742
476	0.0264288
477	0.0259369
478	0.0251868
479	0.024539
480	0.0237402
481	0.0230632
482	0.0223302
483	0.0217043
484	0.0208276
485	0.0201603
486	0.0195076
487	0.0189426
488	0.018441
489	0.0178248
490	0.0171429
491	0.0166534
492	0.0160982
493	0.0155259
494	0.0149341
495	0.0145079
496	0.0139088
497	0.0133414
498	0.0129323
499	0.0125475
500	0.0119143
501	0.0113931
502	0.0109231
503	0.010514
504	0.00983942
505	0.00941567
506	0.00888721
507	0.00829786
508	0.00777914
509	0.00737975
510	0.00680501
511	0.0062254
512	0.00570912
513	0.00513195
514	0.00455965
515	0.00423088
516	0.00370729
517	0.00325432
518	0.00280378
519	0.00227288
520	0.00181748
521	0.00140835
522	0.00102357
523	0.000638785
524	0.000210169
525	-8.93752e-05
526	-0.000347519
527	-0.000637322
528	-0.000992878
529	-0.00140201
530	-0.00190125
531	-0.00224463
532	-0.00272439
533	-0.00320171
534	-0.00354996
535	-0.00408086
536	-0.00456305
537	-0.00500872
538	-0.00536184
539	-0.00551283
540	-0.0060072
541	-0.00628726
542	-0.00659898
543	-0.0067037
544	-0.00678893
545	-0.00717615
546	-0.00750248
547	-0.00789944
548	-0.00809914
549	-0.0083451
550	-0.00854724
551	-0.00893202
552	-0.00926565
553	-0.00958712
554	-0.0100279
555	-0.0103542
556	-0.0106757
557	-0.0110288
558	-0.0115037
559	-0.0119956
560	-0.0122075
561	-0.0125728
562	-0.0130331
563	-0.0134812
564	-0.0137101
565	-0.0139756
566	-0.014241
567	-0.0145576
568	-0.0150301
569	-0.0152468
570	-0.0155147
571	-0.015729
572	-0.0159969
573	-0.0163743
574	-0.0167323
575	-0.0170124
576	-0.0171926
577	-0.0175311
578	-0.0179549
579	-0.0183275
580	-0.0185053
581	-0.0186538
582	-0.0188705
583	-0.0192553
584	-0.0196255
585	-0.0199104
586	-0.0201905
587	-0.0203317
588	-0.0206337
589	-0.020848
590	-0.0212547
591	-0.0215324
592	-0.0216298
593	-0.0219001
594	-0.0220462
595	-0.0222362
596	-0.0224699
597	-0.0226307
598	-0.0227257
599	-0.0229059
600	-0.0231908
601	-0.0231397
602	-0.0234563
603	-0.0236097
604	-0.0239409
605	-0.0241503
606	-0.0244328
607	-0.0248419
608	-0.02501
609	-0.0251123
610	-0.0253923
611	-0.025519
612	-0.0256139
613	-0.0257357
614	-0.0260085
615	-0.0261473
616	-0.0261789
617	-0.0263372
618	-0.0265272
619	-0.0266002
620	-0.0268535
621	-0.0269972
622	-0.0272773
623	-0.0274794
624	-0.0276669
625	-0.0275135
626	-0.027813
627	-0.0279348
628	-0.0281442
629	-0.0283171
630	-0.0283732
631	-0.0284657
632	-0.028434
633	-0.0285875
634	-0.0287092
635	-0.028831
636	-0.02887
637	-0.0288675
638	-0.0289844
639	-0.0290624
640	-0.0292182
641	-0.0291476
642	-0.0292645
643	-0.0292718
644	-0.0294203
645	-0.0295933
646	-0.0297686
647	-0.029905
648	-0.0300657
649	-0.0301899
650	-0.0303726
651	-0.030638
652	-0.0308158
653	-0.0309229
654	-0.0311665
655	-0.0310837
656	-0.0312274
657	-0.0313564
658	-0.0316121
659	-0.0317583
660	-0.0318898
661	-0.032031
662	-0.0321041
663	-0.0321674
664	-0.0323695
665	-0.0324913
666	-0.0328006
667	-0.0329564
668	-0.0331269
669	-0.0326374
670	-0.0314173
671	-0.0297101
672	-0.0279518
673	-0.0263056
674	-0.0247275
675	-0.0233004
676	-0.0215884
677	-0.0199981
678	-0.0182836
679	-0.0166982
680	-0.015259
681	-0.0140462
682	-0.0129527
683	-0.012076
684	-0.0114014
685	-0.0110313
686	-0.0107366
687	-0.0107147
688	-0.0106148
689	-0.0107512
690	-0.0105929
691	-0.0103859
692	-0.010325
693	-0.0102447
694	-0.0100474
695	-0.010269
696	-0.0104224
697	-0.010532
698	-0.0105759
699	-0.0106343
700	-0.0107244
701	-0.010929
702	-0.0109582
703	-0.0111871
704	-0.0113649
705	-0.0114745
706	-0.0118227
707	-0.0119396
708	-0.0122319
709	-0.0123512
710	-0.0126288
711	-0.0129357
712	-0.013094
713	-0.013038
714	-0.0130745
715	-0.0129722
716	-0.0128918
717	-0.012943
718	-0.0129941
719	-0.0130648
720	-0.0131159
721	-0.0132766
722	-0.0133692
723	-0.0135932
724	-0.0138392
725	-0.0140413
726	-0.0141972
727	-0.0144943
728	-0.0146453
729	-0.0148182
730	-0.0149765
731	-0.0150471
732	-0.0151835
733	-0.0153953
734	-0.0154562
735	-0.0154928
736	-0.0154465
737	-0.015388
738	-0.0152395
739	-0.0151981
740	-0.0153101
741	-0.0152541
742	-0.015164
743	-0.0153759
744	-0.0154757
745	-0.0155975
746	-0.0158483
747	-0.0160943
748	-0.0161625
749	-0.0164985
750	-0.0166934
751	-0.0169734
752	-0.0174118
753	-0.0175457
754	-0.0179256
755	-0.0181326
756	-0.0183372
757	-0.0186173
758	-0.0187853
759	-0.0188949
760	-0.0190605
761	-0.019192
762	-0.0194209
763	-0.0196645
764	-0.0198495
765	-0.0200882
766	-0.0202782
767	-0.0204681
768	-0.020887
769	-0.0211403
770	-0.021547
771	-0.0218343
772	-0.0221144
773	-0.0223457
774	-0.0225479
775	-0.0225868
776	-0.0229424
777	-0.0232419
778	-0.0235537
779	-0.0236779
780	-0.0238313
781	-0.0240407
782	-0.0242429
783	-0.0244766
784	-0.0246544
785	-0.0249467
786	-0.0250977
787	-0.0253655
788	-0.0257503
789	-0.0259232
790	-0.026062
791	-0.0262301
792	-0.0265272
793	-0.0265101
794	-0.0266295
795	-0.0266173
796	-0.0267756
797	-0.0266246
798	-0.0267683
799	-0.0268097
800	-0.0267196
801	-0.0266952
802	-0.0266173
803	-0.0267439
804	-0.0268267
805	-0.0270873
806	-0.0271774
807	-0.027248
808	-0.0274843
809	-0.0275963
810	-0.027606
811	-0.027796
812	-0.0279056
813	-0.0281077
814	-0.0282733
815	-0.0284535
816	-0.0286581
817	-0.0288359
818	-0.0290112
819	-0.0293132
820	-0.0293351
821	-0.0294666
822	-0.0298684
823	-0.0299464
824	-0.0301923
825	-0.0305674
826	-0.0307403
827	-0.0310179
828	-0.0312249
829	-0.0315269
830	-0.0317412
831	-0.031863
832	-0.0319555
833	-0.0320724
834	-0.0321747
835	-0.0325546
836	-0.0326252
837	-0.0327811
838	-0.0328858
839	-0.0329077
840	-0.0326812
841	-0.0324255
842	-0.0323817
843	-0.0321942
844	-0.0319044
845	-0.0317607
846	-0.0317193
847	-0.0317388
848	-0.0317509
849	-0.031712
850	-0.0319141
851	-0.0318922
852	-0.0318167
853	-0.0319604
854	-0.0321796
855	-0.0323841
856	-0.032635
857	-0.0327519
858	-0.0329808
859	-0.0330003
860	-0.0332414
861	-0.0334484
862	-0.0334191
863	-0.0334532
864	-0.0335872
865	-0.0334118
866	-0.0333704
867	-0.0333656
868	-0.0332949
869	-0.033368
870	-0.0334435
871	-0.0333461
872	-0.033217
873	-0.0332097
874	-0.0332779
875	-0.0332803
876	-0.0332974
877	-0.0332998
878	-0.0333534
879	-0.0333436
880	-0.0336018
881	-0.0334532
882	-0.0335677
883	-0.0337942
884	-0.0338039
885	-0.0339452
886	-0.0339841
887	-0.0340694
888	-0.0337576
889	-0.033726
890	-0.0335994
891	-0.0334484
892	-0.0332267
893	-0.0330538
894	-0.0332633
895	-0.0332194
896	-0.033273
897	-0.0330392
898	-0.0329345
899	-0.0329613
900	-0.0329102
901	-0.0330027
902	-0.0330417
903	-0.0330465
904	-0.0332438
905	-0.0332243
906	-0.0334435
907	-0.0335628
908	-0.0337601
909	-0.0339306
910	-0.0340913
911	-0.0341984
912	-0.0343397
913	-0.0344054
914	-0.0345223
915	-0.0347366
916	-0.0348779
917	-0.0349631
918	-0.0350191
919	-0.0351847
920	-0.0353552
921	-0.035533
922	-0.0358252
923	-0.0359226
924	-0.0361345
925	-0.0361613
926	-0.0362563
927	-0.0364243
928	-0.0364487
929	-0.036417
930	-0.0364974
931	-0.0363756
932	-0.0365802
933	-0.0364487
934	-0.0363805
935	-0.0363634
936	-0.0363147
937	-0.0363196
938	-0.0362538
939	-0.0363878
940	-0.036529
941	-0.0365826
942	-0.0365242
943	-0.0364998
944	-0.0367774
945	-0.037077
946	-0.037094
947	-0.0372207
948	-0.0374764
949	-0.0377686
950	-0.0375933
951	-0.0377248
952	-0.0377808
953	-0.0379781
954	-0.0380243
955	-0.0380511
956	-0.0382143
957	-0.0381242
958	-0.0380901
959	-0.0379634
960	-0.0379001
961	-0.0378368
962	-0.0378198
963	-0.0378344
964	-0.0378027
965	-0.0376761
966	-0.0376006
967	-0.0375348
968	-0.0375348
969	-0.0375981
970	-0.0374812
971	-0.037435
972	-0.0374666
973	-0.0375178
974	-0.0375543
975	-0.0375738
976	-0.0376152
977	-0.0375884
978	-0.037737
979	-0.0375957
980	-0.0376444
981	-0.0377418
982	-0.0377637
983	-0.0379415
984	-0.0377857
985	-0.0378003
986	-0.0378539
987	-0.0379464
988	-0.0382557
989	-0.0381266
990	-0.0380341
991	-0.038168
992	-0.0383458
993	-0.0385504
994	-0.03875
995	-0.0387086
996	-0.0387963
997	-0.0387476
998	-0.0388499
999	-0.0389765
1000	-0.0391178
1001	-0.0390861
1002	-0.0390934
1003	-0.0390423
1004	-0.0387111
1005	-0.0385625
1006	-0.0383117
1007	-0.0378612
1008	-0.0375714
1009	-0.037284
1010	-0.0371403
1011	-0.0370892
1012	-0.0371914
1013	-0.0369991
1014	-0.0369406
1015	-0.0368846
1016	-0.0369723
1017	-0.0369041
1018	-0.0370697
1019	-0.0371793
1020	-0.0371988
1021	-0.0371184
1022	-0.0370405
1023	-0.0371062
