0	0.000155904
1	0.000228964
2	0.000129116
3	6.09269e-05
4	0.000228964
5	9.50214e-05
6	-2.43092e-05
7	-0.0002995
8	-0.000357948
9	-0.000431007
10	-0.000245923
11	-0.000250794
12	-0.000138769
13	-9.00628e-05
14	8.77154e-05
15	-0.000158252
16	-0.000224005
17	-0.000409089
18	-0.000635574
19	-0.000533291
20	-0.00048702
21	-0.000445619
22	-0.000411525
23	-0.000160687
24	-0.000224005
25	-0.000545467
26	-0.000686716
27	-0.000511373
28	-0.000206958
29	-0.000224005
30	-0.000728116
31	-0.000993566
32	-0.000613656
33	-0.000241052
34	-0.000165558
35	-0.000182605
36	-0.000170428
37	-0.000119287
38	0.000248446
39	0.000448143
40	0.000806134
41	0.00100827
42	0.000925465
43	0.000884064
44	0.0011349
45	0.00122744
46	0.00121527
47	0.00101801
48	0.000642968
49	0.000370212
50	0.000331247
51	0.000423789
52	0.000435966
53	0.000177822
54	-9.69727e-06
55	-0.00037743
56	-0.000572256
57	-0.000243488
58	0.000803699
59	0.00300036
60	0.00842868
61	0.0225901
62	0.0610096
63	0.154139
64	0.339795
65	0.639753
66	1.03929
67	1.49081
68	1.93136
69	2.30998
70	2.60298
71	2.8083
72	2.93709
73	3.00305
74	3.02053
75	3.00376
76	2.96495
77	2.91353
78	2.85719
79	2.8008
80	2.74773
81	2.69906
82	2.65608
83	2.61881
84	2.58619
85	2.55694
86	2.53032
87	2.5066
88	2.48537
89	2.4662
90	2.44951
91	2.43628
92	2.42395
93	2.40717
94	2.38589
95	2.36391
96	2.34261
97	2.32196
98	2.30111
99	2.27953
100	2.25783
101	2.23685
102	2.21667
103	2.19751
104	2.17836
105	2.1592
106	2.13988
107	2.12018
108	2.09999
109	2.08003
110	2.0605
111	2.04141
112	2.02248
113	2.00489
114	1.98931
115	1.97617
116	1.96413
117	1.95125
118	1.93721
119	1.91877
120	1.90096
121	1.88381
122	1.86685
123	1.85025
124	1.83384
125	1.81695
126	1.79992
127	1.78241
128	1.76476
129	1.74718
130	1.72952
131	1.71176
132	1.69359
133	1.67552
134	1.65728
135	1.63874
136	1.62052
137	1.60301
138	1.58608
139	1.56911
140	1.55179
141	1.53538
142	1.51921
143	1.50329
144	1.48758
145	1.47196
146	1.45718
147	1.44349
148	1.42976
149	1.41563
150	1.40166
151	1.38832
152	1.376
153	1.3646
154	1.35397
155	1.34323
156	1.33231
157	1.32128
158	1.30938
159	1.29683
160	1.28399
161	1.27166
162	1.2591
163	1.24664
164	1.23446
165	1.22259
166	1.21144
167	1.19994
168	1.18806
169	1.17529
170	1.16192
171	1.14877
172	1.13532
173	1.12243
174	1.11026
175	1.09852
176	1.08714
177	1.07626
178	1.06571
179	1.05557
180	1.04622
181	1.03663
182	1.02738
183	1.01811
184	1.00877
185	0.99906
186	0.989489
187	0.979746
188	0.970284
189	0.962024
190	0.955458
191	0.951187
192	0.948461
193	0.946391
194	0.941148
195	0.932678
196	0.923962
197	0.915387
198	0.90702
199	0.898727
200	0.890377
201	0.881532
202	0.872764
203	0.864523
204	0.856696
205	0.849588
206	0.84309
207	0.837138
208	0.83114
209	0.824906
210	0.817926
211	0.810462
212	0.802656
213	0.794379
214	0.786535
215	0.780015
216	0.774212
217	0.768026
218	0.761573
219	0.75499
220	0.748166
221	0.741591
222	0.734977
223	0.728377
224	0.721373
225	0.71453
226	0.707499
227	0.700614
228	0.694307
229	0.688221
230	0.682016
231	0.675591
232	0.669532
233	0.663641
234	0.657994
235	0.652144
236	0.646582
237	0.6408
238	0.634953
239	0.629087
240	0.623734
241	0.618539
242	0.613627
243	0.608871
244	0.604926
245	0.602028
246	0.60043
247	0.600038
248	0.60025
249	0.600143
250	0.59836
251	0.595119
252	0.590884
253	0.586084
254	0.580943
255	0.574781
256	0.568221
257	0.562166
258	0.556497
259	0.551229
260	0.546135
261	0.542119
262	0.53916
263	0.537599
264	0.536766
265	0.535768
266	0.534545
267	0.532555
268	0.530327
269	0.527215
270	0.523455
271	0.51894
272	0.514234
273	0.509939
274	0.50546
275	0.501349
276	0.497053
277	0.492716
278	0.488537
279	0.485154
280	0.48201
281	0.478779
282	0.476037
283	0.474044
284	0.472839
285	0.471475
286	0.468967
287	0.466117
288	0.462693
289	0.459255
290	0.455173
291	0.450914
292	0.447117
293	0.443357
294	0.439753
295	0.435949
296	0.432252
297	0.429064
298	0.426054
299	0.422854
300	0.41953
301	0.415999
302	0.411915
303	0.408045
304	0.404309
305	0.400417
306	0.396467
307	0.39251
308	0.388808
309	0.385431
310	0.382491
311	0.379357
312	0.376417
313	0.373405
314	0.37012
315	0.368527
316	0.36973
317	0.37379
318	0.380616
319	0.380007
320	0.377126
321	0.377029
322	0.380862
323	0.388986
324	0.392992
325	0.391275
326	0.389629
327	0.388282
328	0.387257
329	0.386617
330	0.385883
331	0.385019
332	0.38404
333	0.382778
334	0.381159
335	0.379605
336	0.377801
337	0.375694
338	0.373412
339	0.370962
340	0.368534
341	0.365797
342	0.363184
343	0.360578
344	0.358026
345	0.355177
346	0.352593
347	0.349456
348	0.346453
349	0.34347
350	0.340772
351	0.338344
352	0.336137
353	0.334189
354	0.332747
355	0.331388
356	0.329866
357	0.328142
358	0.326493
359	0.324923
360	0.323388
361	0.321292
362	0.319304
363	0.317332
364	0.31532
365	0.313109
366	0.310613
367	0.30854
368	0.307761
369	0.308623
370	0.310355
371	0.312568
372	0.31456
373	0.31646
374	0.317356
375	0.31721
376	0.316272
377	0.315033
378	0.313133
379	0.310771
380	0.308297
381	0.306397
382	0.304339
383	0.302208
384	0.300104
385	0.297856
386	0.295896
387	0.294094
388	0.29236
389	0.29087
390	0.289287
391	0.28745
392	0.2853
393	0.283685
394	0.281645
395	0.279463
396	0.276959
397	0.274955
398	0.272826
399	0.270661
400	0.268094
401	0.265589
402	0.263246
403	0.260698
404	0.258059
405	0.256083
406	0.253989
407	0.251705
408	0.249659
409	0.248027
410	0.24653
411	0.245475
412	0.243865
413	0.242351
414	0.240928
415	0.239475
416	0.237724
417	0.235705
418	0.234007
419	0.232785
420	0.232057
421	0.231864
422	0.231828
423	0.231869
424	0.231757
425	0.23098
426	0.229821
427	0.228538
428	0.227069
429	0.225771
430	0.225114
431	0.224483
432	0.224351
433	0.224395
434	0.224261
435	0.224032
436	0.224052
437	0.22382
438	0.223708
439	0.222844
440	0.22205
441	0.221071
442	0.219464
443	0.217486
444	0.215321
445	0.213029
446	0.210365
447	0.20782
448	0.205831
449	0.204177
450	0.202962
451	0.20161
452	0.200344
453	0.199102
454	0.197984
455	0.197804
456	0.199394
457	0.202765
458	0.207253
459	0.212114
460	0.216324
461	0.21977
462	0.220253
463	0.220138
464	0.219885
465	0.21958
466	0.218925
467	0.217883
468	0.216568
469	0.215263
470	0.213258
471	0.210767
472	0.208229
473	0.205205
474	0.202363
475	0.2001
476	0.198386
477	0.196771
478	0.194957
479	0.193289
480	0.191533
481	0.189823
482	0.188158
483	0.186662
484	0.185245
485	0.184005
486	0.182905
487	0.181967
488	0.181468
489	0.180681
490	0.179476
491	0.178455
492	0.177233
493	0.175884
494	0.174393
495	0.173046
496	0.171593
497	0.169956
498	0.168707
499	0.167603
500	0.16659
501	0.165514
502	0.164628
503	0.16378
504	0.162937
505	0.161812
506	0.160838
507	0.160154
508	0.159336
509	0.158712
510	0.157684
511	0.15671
512	0.155687
513	0.154691
514	0.153481
515	0.152156
516	0.150951
517	0.149879
518	0.148248
519	0.146684
520	0.145688
521	0.14485
522	0.143284
523	0.141409
524	0.13978
525	0.138635
526	0.137939
527	0.137384
528	0.137233
529	0.136748
530	0.135981
531	0.134951
532	0.134208
533	0.133059
534	0.132318
535	0.131588
536	0.130896
537	0.12998
538	0.129435
539	0.128926
540	0.128448
541	0.1281
542	0.128278
543	0.128429
544	0.12887
545	0.129255
546	0.129574
547	0.12935
548	0.128721
549	0.128149
550	0.127282
551	0.126198
552	0.124644
553	0.123222
554	0.122192
555	0.121035
556	0.119832
557	0.118829
558	0.117867
559	0.116956
560	0.116138
561	0.115493
562	0.114594
563	0.113612
564	0.112227
565	0.110639
566	0.109168
567	0.108014
568	0.107113
569	0.106358
570	0.105656
571	0.105026
572	0.104129
573	0.103153
574	0.102261
575	0.101765
576	0.101343
577	0.100888
578	0.100165
579	0.099115
580	0.0981896
581	0.0970694
582	0.0959004
583	0.095316
584	0.0943832
585	0.0933385
586	0.0924325
587	0.0918481
588	0.0914243
589	0.0904745
590	0.0894152
591	0.0886602
592	0.0881025
593	0.0879248
594	0.0872867
595	0.0867948
596	0.0861933
597	0.0851899
598	0.0844885
599	0.0839844
600	0.0837945
601	0.0838602
602	0.0840721
603	0.0843595
604	0.0847832
605	0.0848563
606	0.0847881
607	0.0848757
608	0.0848246
609	0.0849342
610	0.0847929
611	0.0847564
612	0.0847442
613	0.0848149
614	0.084961
615	0.0849561
616	0.0847248
617	0.08462
618	0.0843351
619	0.0837238
620	0.0832392
621	0.0825013
622	0.0816977
623	0.0810328
624	0.0805579
625	0.0798078
626	0.0787996
627	0.0781762
628	0.0777427
629	0.0780593
630	0.0786876
631	0.0800295
632	0.0814468
633	0.0824964
634	0.0832879
635	0.0840331
636	0.0845397
637	0.0843424
638	0.0842523
639	0.0840526
640	0.0834438
641	0.0829665
642	0.0827741
643	0.0825403
644	0.0820532
645	0.0811716
646	0.0804094
647	0.0797056
648	0.0792112
649	0.0782785
650	0.0772629
651	0.0764909
652	0.0761281
653	0.0759479
654	0.0756605
655	0.0751686
656	0.0748228
657	0.0744818
658	0.0742358
659	0.0738584
660	0.0736708
661	0.073347
662	0.0730669
663	0.0725993
664	0.0721756
665	0.071574
666	0.0709384
667	0.0702492
668	0.0694918
669	0.068771
670	0.0679552
671	0.0669542
672	0.0660313
673	0.0654127
674	0.0653104
675	0.0656002
676	0.0663746
677	0.0675509
678	0.0684617
679	0.0692191
680	0.0714109
681	0.0783734
682	0.0922475
683	0.0994511
684	0.0993927
685	0.0994706
686	0.0991905
687	0.0986207
688	0.0977294
689	0.0967918
690	0.0961683
691	0.0952916
692	0.0940642
693	0.0933409
694	0.0928563
695	0.0921013
696	0.0915144
697	0.0908131
698	0.090343
699	0.0899047
700	0.0894931
701	0.0892277
702	0.0887065
703	0.0883047
704	0.0878541
705	0.0874937
706	0.0868898
707	0.0864246
708	0.0862273
709	0.0861105
710	0.0861031
711	0.0861665
712	0.0868362
713	0.0896514
714	0.0980533
715	0.113771
716	0.116362
717	0.116067
718	0.115519
719	0.115006
720	0.114635
721	0.113817
722	0.113101
723	0.112738
724	0.112658
725	0.112458
726	0.112468
727	0.112178
728	0.112083
729	0.11192
730	0.111474
731	0.111326
732	0.111518
733	0.112312
734	0.113038
735	0.11362
736	0.11671
737	0.124869
738	0.138682
739	0.14186
740	0.141285
741	0.140632
742	0.139965
743	0.139466
744	0.139076
745	0.138635
746	0.137929
747	0.137362
748	0.136736
749	0.136585
750	0.136227
751	0.135487
752	0.134624
753	0.133777
754	0.13375
755	0.133524
756	0.133192
757	0.133071
758	0.132735
759	0.132289
760	0.132053
761	0.13217
762	0.132004
763	0.131739
764	0.13148
765	0.131337
766	0.131045
767	0.130465
768	0.130019
769	0.12963
770	0.129454
771	0.129211
772	0.129211
773	0.129255
774	0.12935
775	0.12953
776	0.129771
777	0.130073
778	0.130908
779	0.131627
780	0.131775
781	0.131751
782	0.131437
783	0.131232
784	0.130584
785	0.130231
786	0.129734
787	0.129201
788	0.128709
789	0.128332
790	0.128069
791	0.128093
792	0.128638
793	0.129393
794	0.130326
795	0.131027
796	0.131536
797	0.132299
798	0.133782
799	0.135477
800	0.137264
801	0.13865
802	0.140006
803	0.140832
804	0.141353
805	0.141236
806	0.140817
807	0.140435
808	0.140299
809	0.139782
810	0.139838
811	0.140613
812	0.142605
813	0.145043
814	0.147393
815	0.149529
816	0.150912
817	0.152183
818	0.152848
819	0.153145
820	0.153067
821	0.152887
822	0.152604
823	0.151949
824	0.151655
825	0.151155
826	0.150164
827	0.149402
828	0.149105
829	0.148861
830	0.148625
831	0.148019
832	0.147407
833	0.14676
834	0.146394
835	0.145907
836	0.145135
837	0.144122
838	0.143233
839	0.142564
840	0.142074
841	0.142108
842	0.143004
843	0.144626
844	0.147191
845	0.150213
846	0.152765
847	0.154867
848	0.155714
849	0.155627
850	0.155485
851	0.155188
852	0.154514
853	0.154299
854	0.153281
855	0.152278
856	0.151713
857	0.151311
858	0.151226
859	0.151228
860	0.150907
861	0.150727
862	0.150547
863	0.150257
864	0.149865
865	0.149701
866	0.149787
867	0.149721
868	0.149577
869	0.149497
870	0.149504
871	0.149373
872	0.148701
873	0.14842
874	0.148603
875	0.149443
876	0.150968
877	0.152663
878	0.154087
879	0.155451
880	0.15627
881	0.156813
882	0.156942
883	0.156908
884	0.156645
885	0.156089
886	0.155432
887	0.154898
888	0.154404
889	0.153561
890	0.152531
891	0.152037
892	0.151981
893	0.151603
894	0.150564
895	0.149541
896	0.148805
897	0.148545
898	0.148472
899	0.148184
900	0.147687
901	0.147493
902	0.14741
903	0.147076
904	0.146891
905	0.146708
906	0.146813
907	0.146557
908	0.145944
909	0.145255
910	0.144492
911	0.143752
912	0.142856
913	0.142084
914	0.141402
915	0.140676
916	0.13969
917	0.138923
918	0.138119
919	0.137491
920	0.136743
921	0.135747
922	0.134661
923	0.134025
924	0.133619
925	0.13309
926	0.132435
927	0.131919
928	0.13076
929	0.129666
930	0.128631
931	0.127905
932	0.126831
933	0.126023
934	0.125485
935	0.125555
936	0.125429
937	0.125083
938	0.124817
939	0.124418
940	0.123911
941	0.123178
942	0.122723
943	0.121985
944	0.121016
945	0.120125
946	0.11965
947	0.119399
948	0.118649
949	0.117979
950	0.117134
951	0.116844
952	0.116265
953	0.115695
954	0.114959
955	0.114448
956	0.113944
957	0.11341
958	0.112889
959	0.112921
960	0.113262
961	0.114409
962	0.116021
963	0.118137
964	0.120129
965	0.121639
966	0.122236
967	0.122801
968	0.12266
969	0.122185
970	0.121634
971	0.121208
972	0.121116
973	0.120507
974	0.119672
975	0.118973
976	0.118559
977	0.118059
978	0.117453
979	0.117219
980	0.116771
981	0.116384
982	0.116155
983	0.115904
984	0.115911
985	0.115707
986	0.115734
987	0.115427
988	0.115273
989	0.114949
990	0.11446
991	0.113776
992	0.113016
993	0.11266
994	0.112563
995	0.112358
996	0.11238
997	0.112777
998	0.113011
999	0.113379
1000	0.113474
1001	0.113844
1002	0.114056
1003	0.113985
1004	0.113907
1005	0.113732
1006	0.113454
1007	0.112991
1008	0.112853
1009	0.11296
1010	0.113571
1011	0.115191
1012	0.117935
1013	0.121328
1014	0.124732
1015	0.127552
1016	0.129929
1017	0.131249
1018	0.132004
1019	0.132313
1020	0.132252
1021	0.131622
1022	0.130477
1023	0.129123
