0	0.00031352
1	0.000315955
2	0.00058384
3	0.000515651
4	0.00050591
5	0.000571664
6	0.000722653
7	0.000715347
8	0.000695865
9	0.00107821
10	0.00125842
11	0.00106603
12	0.000598452
13	0.000508345
14	0.00039145
15	0.000491298
16	0.000498604
17	0.000345179
18	0.000250202
19	0.000216107
20	3.83289e-05
21	-2.74247e-05
22	0.000123565
23	7.97293e-05
24	0.000245331
25	2.61523e-05
26	-0.000193026
27	-0.000307486
28	-0.00045117
29	-0.000719055
30	-0.00108435
31	-0.00159577
32	-0.00176381
33	-0.00143747
34	-0.00115011
35	-0.000857868
36	-0.000952845
37	-0.000551018
38	-0.000570501
39	-0.00071662
40	-0.000339145
41	0.00016253
42	0.000160095
43	0.00016253
44	0.000108953
45	3.1023e-05
46	8.94706e-05
47	0.000130871
48	-0.000141885
49	-0.000141885
50	0.000147918
51	0.000652029
52	0.000634982
53	0.000196625
54	-3.71659e-05
55	-0.000200332
56	-0.000171108
57	0.000123565
58	0.000781101
59	0.00229587
60	0.0079385
61	0.0266369
62	0.0794053
63	0.199335
64	0.41967
65	0.750116
66	1.16573
67	1.61709
68	2.0513
69	2.42764
70	2.72314
71	2.93214
72	3.06216
73	3.12747
74	3.14365
75	3.12586
76	3.08667
77	3.03644
78	2.98225
79	2.92919
80	2.87957
81	2.83463
82	2.7949
83	2.76095
84	2.73219
85	2.70684
86	2.68392
87	2.66249
88	2.64107
89	2.61797
90	2.5896
91	2.559
92	2.53757
93	2.52481
94	2.5127
95	2.4965
96	2.47675
97	2.45549
98	2.43413
99	2.41258
100	2.39055
101	2.36759
102	2.34441
103	2.32176
104	2.29989
105	2.27767
106	2.25496
107	2.23291
108	2.21175
109	2.1917
110	2.17239
111	2.15345
112	2.13419
113	2.11472
114	2.09435
115	2.07525
116	2.06193
117	2.05335
118	2.04442
119	2.03338
120	2.01634
121	1.99617
122	1.97751
123	1.95955
124	1.94202
125	1.92453
126	1.90669
127	1.88791
128	1.8692
129	1.85018
130	1.83141
131	1.81331
132	1.79563
133	1.77834
134	1.76104
135	1.74401
136	1.72683
137	1.70987
138	1.69353
139	1.67756
140	1.66252
141	1.64832
142	1.6343
143	1.62002
144	1.60629
145	1.59272
146	1.57925
147	1.56545
148	1.55097
149	1.53622
150	1.52199
151	1.50868
152	1.49602
153	1.48347
154	1.47089
155	1.45789
156	1.44454
157	1.43081
158	1.41656
159	1.40247
160	1.38883
161	1.37524
162	1.36136
163	1.34698
164	1.33312
165	1.32016
166	1.30787
167	1.2949
168	1.2812
169	1.26808
170	1.25514
171	1.24261
172	1.23085
173	1.21959
174	1.20886
175	1.19778
176	1.18615
177	1.1741
178	1.16266
179	1.15234
180	1.14293
181	1.13332
182	1.12375
183	1.11441
184	1.10543
185	1.09688
186	1.08842
187	1.07898
188	1.06884
189	1.05982
190	1.053
191	1.04967
192	1.04734
193	1.04358
194	1.0332
195	1.02292
196	1.01342
197	1.0047
198	0.996266
199	0.987462
200	0.977918
201	0.968377
202	0.959278
203	0.950304
204	0.941386
205	0.932685
206	0.924108
207	0.915348
208	0.906926
209	0.899255
210	0.891545
211	0.88316
212	0.873947
213	0.864747
214	0.856515
215	0.849894
216	0.844246
217	0.838677
218	0.833002
219	0.827014
220	0.821218
221	0.815195
222	0.808052
223	0.800603
224	0.792654
225	0.78425
226	0.775889
227	0.76757
228	0.760004
229	0.753019
230	0.746249
231	0.739481
232	0.73239
233	0.725408
234	0.719129
235	0.7127
236	0.706636
237	0.700431
238	0.694031
239	0.687904
240	0.682375
241	0.67713
242	0.672783
243	0.669748
244	0.66835
245	0.667927
246	0.668604
247	0.669512
248	0.667866
249	0.662749
250	0.657177
251	0.651927
252	0.646489
253	0.640542
254	0.63447
255	0.628548
256	0.623487
257	0.617516
258	0.611142
259	0.606425
260	0.603018
261	0.60096
262	0.599614
263	0.598934
264	0.599295
265	0.60012
266	0.595744
267	0.590218
268	0.585004
269	0.579968
270	0.574734
271	0.569727
272	0.564776
273	0.559689
274	0.554672
275	0.550683
276	0.547315
277	0.544205
278	0.540511
279	0.536831
280	0.534004
281	0.532002
282	0.529691
283	0.527046
284	0.525439
285	0.523778
286	0.521584
287	0.518267
288	0.515471
289	0.512795
290	0.509198
291	0.504963
292	0.500625
293	0.49688
294	0.494335
295	0.492279
296	0.488773
297	0.484896
298	0.480831
299	0.476255
300	0.471757
301	0.468021
302	0.464595
303	0.461083
304	0.457152
305	0.453487
306	0.449559
307	0.445034
308	0.440979
309	0.437382
310	0.433958
311	0.430617
312	0.426648
313	0.421568
314	0.417323
315	0.416144
316	0.418253
317	0.423508
318	0.427763
319	0.422861
320	0.419259
321	0.416887
322	0.417498
323	0.42365
324	0.434662
325	0.433274
326	0.430783
327	0.428827
328	0.426996
329	0.425203
330	0.424071
331	0.421833
332	0.41949
333	0.418136
334	0.417023
335	0.416322
336	0.414934
337	0.41195
338	0.409062
339	0.406286
340	0.403595
341	0.400699
342	0.396659
343	0.392996
344	0.389874
345	0.386696
346	0.383594
347	0.380795
348	0.378258
349	0.376132
350	0.373368
351	0.370384
352	0.367781
353	0.365735
354	0.364206
355	0.362022
356	0.359413
357	0.356727
358	0.354533
359	0.352923
360	0.351058
361	0.347921
362	0.344697
363	0.341964
364	0.339453
365	0.336728
366	0.333477
367	0.330445
368	0.329096
369	0.32934
370	0.330482
371	0.332328
372	0.33506
373	0.337661
374	0.33987
375	0.340805
376	0.341012
377	0.339943
378	0.337754
379	0.334773
380	0.331965
381	0.329415
382	0.326814
383	0.324316
384	0.322053
385	0.319837
386	0.318144
387	0.316866
388	0.315626
389	0.314284
390	0.31275
391	0.309993
392	0.307707
393	0.3059
394	0.304438
395	0.302376
396	0.300087
397	0.299061
398	0.297576
399	0.294877
400	0.29233
401	0.291249
402	0.290221
403	0.288755
404	0.286476
405	0.283892
406	0.282238
407	0.280796
408	0.279369
409	0.278186
410	0.277501
411	0.275804
412	0.27378
413	0.272416
414	0.271542
415	0.269957
416	0.26721
417	0.264526
418	0.26316
419	0.263021
420	0.26324
421	0.263562
422	0.263827
423	0.264307
424	0.265047
425	0.265076
426	0.264292
427	0.263299
428	0.26297
429	0.262826
430	0.263576
431	0.26475
432	0.264945
433	0.26345
434	0.262317
435	0.261516
436	0.260858
437	0.260128
438	0.259283
439	0.25862
440	0.2574
441	0.255109
442	0.252498
443	0.250136
444	0.248258
445	0.246634
446	0.244724
447	0.242406
448	0.240363
449	0.23935
450	0.238768
451	0.237884
452	0.236503
453	0.235436
454	0.23519
455	0.237433
456	0.242279
457	0.247625
458	0.252189
459	0.252159
460	0.250752
461	0.249761
462	0.249522
463	0.248979
464	0.248326
465	0.24742
466	0.246295
467	0.245691
468	0.245087
469	0.243816
470	0.242228
471	0.240584
472	0.238544
473	0.235989
474	0.233761
475	0.231924
476	0.229781
477	0.227022
478	0.223717
479	0.221119
480	0.218659
481	0.216694
482	0.214865
483	0.213017
484	0.211348
485	0.209873
486	0.209403
487	0.209605
488	0.209551
489	0.20892
490	0.207508
491	0.205927
492	0.204542
493	0.203643
494	0.202428
495	0.200674
496	0.19878
497	0.197642
498	0.196758
499	0.194761
500	0.19237
501	0.190412
502	0.18918
503	0.187363
504	0.185478
505	0.184214
506	0.183381
507	0.182994
508	0.182168
509	0.180532
510	0.178362
511	0.176567
512	0.176136
513	0.176275
514	0.175727
515	0.175016
516	0.173445
517	0.171365
518	0.169222
519	0.167912
520	0.167408
521	0.166176
522	0.165236
523	0.16489
524	0.16301
525	0.160725
526	0.159554
527	0.159639
528	0.158892
529	0.157379
530	0.156369
531	0.155799
532	0.155083
533	0.153812
534	0.15284
535	0.152543
536	0.152226
537	0.151364
538	0.150302
539	0.148571
540	0.147429
541	0.146506
542	0.146718
543	0.147714
544	0.149243
545	0.150144
546	0.150229
547	0.1501
548	0.149835
549	0.149333
550	0.148244
551	0.147224
552	0.146396
553	0.144268
554	0.142553
555	0.141297
556	0.140434
557	0.139441
558	0.137707
559	0.135754
560	0.134626
561	0.134044
562	0.13336
563	0.132054
564	0.131071
565	0.130635
566	0.129663
567	0.128065
568	0.126726
569	0.126224
570	0.12611
571	0.125426
572	0.123799
573	0.122669
574	0.12252
575	0.122182
576	0.121115
577	0.119871
578	0.118685
579	0.118134
580	0.117452
581	0.116527
582	0.115713
583	0.114445
584	0.112854
585	0.111605
586	0.110458
587	0.109041
588	0.107565
589	0.106893
590	0.106761
591	0.106243
592	0.104981
593	0.10397
594	0.103418
595	0.102716
596	0.101737
597	0.101072
598	0.100595
599	0.0996331
600	0.0985202
601	0.0983789
602	0.0990218
603	0.0990437
604	0.0987759
605	0.0984325
606	0.0982133
607	0.0987101
608	0.0993482
609	0.0985786
610	0.0970687
611	0.0962115
612	0.0964112
613	0.0967838
614	0.0967935
615	0.0971296
616	0.097546
617	0.0974486
618	0.0973366
619	0.097059
620	0.0963089
621	0.0956075
622	0.0950084
623	0.0951472
624	0.0944142
625	0.0930797
626	0.0918693
627	0.0915186
628	0.0911947
629	0.0912191
630	0.0916647
631	0.0924367
632	0.0944946
633	0.0969421
634	0.0978504
635	0.0984081
636	0.0988173
637	0.0987101
638	0.0985372
639	0.0974973
640	0.0958096
641	0.0948526
642	0.0943972
643	0.0946309
644	0.0949183
645	0.094704
646	0.0940367
647	0.0934742
648	0.093652
649	0.0937274
650	0.0929043
651	0.0922857
652	0.0914431
653	0.0901256
654	0.088606
655	0.0875758
656	0.0869524
657	0.0862632
658	0.085613
659	0.085384
660	0.0847533
661	0.0839155
662	0.0827977
663	0.0823204
664	0.0816604
665	0.0807034
666	0.0805158
667	0.0803527
668	0.0798948
669	0.0795831
670	0.0790595
671	0.078083
672	0.0771356
673	0.0772209
674	0.0776154
675	0.077781
676	0.0783143
677	0.0794029
678	0.0813171
679	0.0845633
680	0.0929116
681	0.10861
682	0.10925
683	0.109438
684	0.109167
685	0.108546
686	0.107667
687	0.106423
688	0.105285
689	0.104601
690	0.103983
691	0.104004
692	0.10334
693	0.101839
694	0.100707
695	0.0995722
696	0.0987612
697	0.097943
698	0.0979552
699	0.0977287
700	0.0971198
701	0.0967911
702	0.096287
703	0.0957488
704	0.0950084
705	0.0939929
706	0.0937323
707	0.0940319
708	0.0937421
709	0.0927241
710	0.0920495
711	0.091767
712	0.0914139
713	0.0916866
714	0.095045
715	0.105188
716	0.118068
717	0.118609
718	0.118531
719	0.118473
720	0.117993
721	0.118202
722	0.118095
723	0.118234
724	0.118295
725	0.11809
726	0.117418
727	0.117065
728	0.117163
729	0.117861
730	0.117691
731	0.117428
732	0.116863
733	0.116464
734	0.116373
735	0.117689
736	0.122425
737	0.13271
738	0.144438
739	0.143513
740	0.142938
741	0.142258
742	0.142105
743	0.14184
744	0.141311
745	0.140883
746	0.140159
747	0.139334
748	0.138247
749	0.137473
750	0.13692
751	0.136063
752	0.135386
753	0.134848
754	0.134604
755	0.134149
756	0.133618
757	0.133033
758	0.132693
759	0.132731
760	0.132678
761	0.132507
762	0.132637
763	0.132714
764	0.132907
765	0.13271
766	0.132064
767	0.131144
768	0.130998
769	0.130791
770	0.130457
771	0.129768
772	0.129215
773	0.128604
774	0.128138
775	0.127742
776	0.127566
777	0.128007
778	0.128192
779	0.128528
780	0.128979
781	0.129249
782	0.129363
783	0.129919
784	0.130157
785	0.129938
786	0.129583
787	0.129254
788	0.129388
789	0.129551
790	0.129558
791	0.12997
792	0.130425
793	0.130881
794	0.131124
795	0.130834
796	0.13138
797	0.132486
798	0.134273
799	0.136611
800	0.138058
801	0.138055
802	0.138019
803	0.137768
804	0.137972
805	0.13843
806	0.138286
807	0.137074
808	0.135756
809	0.13506
810	0.135311
811	0.136372
812	0.137641
813	0.140213
814	0.143676
815	0.146686
816	0.149309
817	0.151868
818	0.154014
819	0.154888
820	0.154881
821	0.154109
822	0.153149
823	0.152589
824	0.152255
825	0.151895
826	0.150938
827	0.149469
828	0.148247
829	0.147845
830	0.147999
831	0.147319
832	0.146652
833	0.146462
834	0.145756
835	0.144949
836	0.14426
837	0.143642
838	0.142921
839	0.1425
840	0.142551
841	0.142794
842	0.143547
843	0.145629
844	0.148641
845	0.151622
846	0.154267
847	0.156666
848	0.158697
849	0.159829
850	0.160416
851	0.160112
852	0.158607
853	0.157092
854	0.155731
855	0.154847
856	0.153885
857	0.152246
858	0.150804
859	0.150407
860	0.150563
861	0.150736
862	0.150049
863	0.149287
864	0.149199
865	0.149669
866	0.149762
867	0.150025
868	0.150741
869	0.150977
870	0.150458
871	0.150086
872	0.15009
873	0.151403
874	0.152801
875	0.153946
876	0.155268
877	0.156775
878	0.157898
879	0.159756
880	0.160828
881	0.161105
882	0.160521
883	0.160024
884	0.160051
885	0.159988
886	0.159342
887	0.158059
888	0.156907
889	0.156084
890	0.15558
891	0.154881
892	0.154238
893	0.153992
894	0.154004
895	0.153339
896	0.152375
897	0.151888
898	0.152538
899	0.153493
900	0.153685
901	0.154016
902	0.15452
903	0.154545
904	0.15435
905	0.154455
906	0.153778
907	0.152638
908	0.15179
909	0.151725
910	0.151483
911	0.150926
912	0.149652
913	0.148257
914	0.147251
915	0.146805
916	0.146131
917	0.145485
918	0.145025
919	0.144504
920	0.143449
921	0.142797
922	0.142288
923	0.141345
924	0.140498
925	0.13948
926	0.138401
927	0.137743
928	0.136889
929	0.135627
930	0.134638
931	0.133696
932	0.132758
933	0.132325
934	0.131638
935	0.130827
936	0.13064
937	0.130756
938	0.129875
939	0.128535
940	0.127469
941	0.127084
942	0.126346
943	0.125365
944	0.125233
945	0.125231
946	0.125033
947	0.124461
948	0.123424
949	0.122433
950	0.121809
951	0.121142
952	0.12045
953	0.119824
954	0.119362
955	0.119096
956	0.118916
957	0.11876
958	0.118521
959	0.118541
960	0.118556
961	0.11943
962	0.121018
963	0.12282
964	0.124054
965	0.125167
966	0.125981
967	0.126329
968	0.125513
969	0.124861
970	0.124948
971	0.125345
972	0.125465
973	0.125019
974	0.124637
975	0.124054
976	0.123331
977	0.122956
978	0.122632
979	0.121875
980	0.121093
981	0.120307
982	0.119819
983	0.119598
984	0.11924
985	0.118799
986	0.118261
987	0.118015
988	0.118312
989	0.118478
990	0.117835
991	0.116902
992	0.116663
993	0.116663
994	0.117469
995	0.118814
996	0.119846
997	0.120516
998	0.121076
999	0.121782
1000	0.122213
1001	0.122462
1002	0.123073
1003	0.123638
1004	0.123743
1005	0.122878
1006	0.121522
1007	0.120472
1008	0.119819
1009	0.120199
1010	0.121522
1011	0.123738
1012	0.127269
1013	0.131504
1014	0.135483
1015	0.137999
1016	0.139463
1017	0.140773
1018	0.141087
1019	0.1405
1020	0.139567
1021	0.138459
1022	0.137088
1023	0.135878
