0	-3.25379e-05
1	-0.000195704
2	-0.000553696
3	-0.000436801
4	6.73101e-05
5	0.000522715
6	0.000685881
7	0.000661528
8	0.000598209
9	0.000327889
10	-0.000144563
11	-0.000578049
12	-0.000543955
13	-0.000307729
14	0.000152546
15	0.000469138
16	0.000478879
17	0.00033763
18	0.000303536
19	-6.66323e-05
20	-0.000497684
21	-0.000911688
22	-0.000831322
23	-0.000609708
24	-0.000217622
25	0.000162288
26	0.000432608
27	0.000534891
28	0.000498361
29	0.000249959
30	7.46161e-05
31	-5.68911e-05
32	-0.000288246
33	-9.58562e-05
34	0.000106275
35	0.000366854
36	0.000461832
37	0.000335195
38	9.40986e-05
39	-5.44558e-05
40	-0.000383224
41	-0.00058292
42	-0.000655979
43	-0.000307729
44	-0.000137257
45	0.000193947
46	2.83451e-05
47	1.55656e-06
48	1.55656e-06
49	0.000342501
50	0.00033276
51	0.000498361
52	0.000522715
53	0.000415561
54	0.000198817
55	0.000286489
56	0.000359548
57	0.00108527
58	0.00517417
59	0.019187
60	0.0546501
61	0.123402
62	0.225848
63	0.35172
64	0.486266
65	0.618302
66	0.741578
67	0.853164
68	0.951273
69	1.03536
70	1.10497
71	1.16061
72	1.20281
73	1.23317
74	1.25388
75	1.26771
76	1.27758
77	1.28634
78	1.29525
79	1.30508
80	1.31486
81	1.3234
82	1.3292
83	1.33157
84	1.33033
85	1.32703
86	1.32361
87	1.32114
88	1.32065
89	1.322
90	1.32436
91	1.32588
92	1.32463
93	1.31906
94	1.30987
95	1.29864
96	1.28733
97	1.27803
98	1.27167
99	1.2685
100	1.26699
101	1.26482
102	1.25991
103	1.25139
104	1.23972
105	1.2262
106	1.21342
107	1.20345
108	1.19671
109	1.19274
110	1.19009
111	1.18648
112	1.17984
113	1.16898
114	1.15458
115	1.13913
116	1.12492
117	1.11379
118	1.10667
119	1.10273
120	1.10025
121	1.09643
122	1.08889
123	1.07685
124	1.06183
125	1.04617
126	1.03205
127	1.02173
128	1.0156
129	1.01215
130	1.00925
131	1.00424
132	0.994727
133	0.980931
134	0.963747
135	0.946291
136	0.932083
137	0.922831
138	0.918606
139	0.917417
140	0.916395
141	0.912352
142	0.903005
143	0.888632
144	0.871181
145	0.853841
146	0.839475
147	0.830511
148	0.826982
149	0.827398
150	0.828183
151	0.826103
152	0.818945
153	0.806537
154	0.790442
155	0.773213
156	0.758401
157	0.74866
158	0.744461
159	0.744632
160	0.746025
161	0.745382
162	0.740302
163	0.729818
164	0.715364
165	0.699834
166	0.686006
167	0.676041
168	0.67053
169	0.668728
170	0.668584
171	0.667325
172	0.662795
173	0.654498
174	0.642789
175	0.629407
176	0.616536
177	0.606661
178	0.600427
179	0.597397
180	0.596043
181	0.594246
182	0.59032
183	0.583706
184	0.574327
185	0.563405
186	0.552889
187	0.544127
188	0.538394
189	0.535526
190	0.5345
191	0.534047
192	0.532092
193	0.527445
194	0.520246
195	0.51108
196	0.501682
197	0.493463
198	0.487377
199	0.484333
200	0.483035
201	0.482365
202	0.480758
203	0.477334
204	0.471379
205	0.463075
206	0.453709
207	0.444627
208	0.437448
209	0.432784
210	0.430532
211	0.429986
212	0.429195
213	0.426852
214	0.422113
215	0.415011
216	0.406551
217	0.398709
218	0.392577
219	0.388586
220	0.387059
221	0.386842
222	0.386311
223	0.384509
224	0.380325
225	0.373757
226	0.365438
227	0.356929
228	0.349341
229	0.344234
230	0.341701
231	0.341058
232	0.340941
233	0.33978
234	0.336555
235	0.331122
236	0.323896
237	0.31622
238	0.310115
239	0.307171
240	0.307344
241	0.309552
242	0.312246
243	0.313814
244	0.312959
245	0.309964
246	0.305583
247	0.300354
248	0.296144
249	0.293562
250	0.292982
251	0.293574
252	0.29393
253	0.292944
254	0.289904
255	0.28471
256	0.278475
257	0.272326
258	0.267809
259	0.265393
260	0.265042
261	0.266106
262	0.266905
263	0.266041
264	0.26313
265	0.258338
266	0.252325
267	0.2465
268	0.24262
269	0.240923
270	0.241047
271	0.242143
272	0.242981
273	0.242486
274	0.239566
275	0.234613
276	0.228685
277	0.222804
278	0.217889
279	0.214743
280	0.213978
281	0.214911
282	0.216207
283	0.216616
284	0.215469
285	0.212571
286	0.208399
287	0.20366
288	0.199573
289	0.197011
290	0.19595
291	0.195499
292	0.195414
293	0.194871
294	0.192942
295	0.189236
296	0.184392
297	0.179582
298	0.175564
299	0.172593
300	0.171032
301	0.170342
302	0.170413
303	0.170203
304	0.168927
305	0.16656
306	0.163555
307	0.160353
308	0.157282
309	0.154812
310	0.153242
311	0.152394
312	0.15152
313	0.150928
314	0.1499
315	0.148605
316	0.146744
317	0.144594
318	0.142694
319	0.141067
320	0.140091
321	0.139669
322	0.139424
323	0.138739
324	0.137853
325	0.136297
326	0.134645
327	0.133211
328	0.132169
329	0.131808
330	0.131791
331	0.131981
332	0.131796
333	0.130963
334	0.12956
335	0.128021
336	0.126161
337	0.123998
338	0.121799
339	0.119695
340	0.11847
341	0.117435
342	0.116451
343	0.115533
344	0.114254
345	0.112499
346	0.110295
347	0.108105
348	0.106237
349	0.104925
350	0.104136
351	0.10359
352	0.103093
353	0.102275
354	0.100765
355	0.098856
356	0.0968444
357	0.0951397
358	0.0936225
359	0.0922563
360	0.0912846
361	0.0905735
362	0.089743
363	0.0889467
364	0.0882575
365	0.0883378
366	0.0883452
367	0.0887178
368	0.0892949
369	0.0902617
370	0.0914429
371	0.0923245
372	0.0928943
373	0.0930453
374	0.0927555
375	0.092193
376	0.0911823
377	0.0904225
378	0.090028
379	0.0898477
380	0.0898039
381	0.0896943
382	0.0894337
383	0.0887786
384	0.087673
385	0.0864992
386	0.0854885
387	0.0845655
388	0.0836645
389	0.0834696
390	0.0834088
391	0.0835695
392	0.0835451
393	0.0827488
394	0.0812097
395	0.079147
396	0.0769284
397	0.0748705
398	0.0733144
399	0.0723816
400	0.0719798
401	0.071785
402	0.0713418
403	0.070974
404	0.0700778
405	0.0688188
406	0.067192
407	0.0652583
408	0.0632297
409	0.0614885
410	0.0602586
411	0.0597594
412	0.059735
413	0.0596035
414	0.0591311
415	0.0586684
416	0.0577015
417	0.0565594
418	0.0556681
419	0.0547524
420	0.0543749
421	0.0539292
422	0.0538245
423	0.0539536
424	0.0541338
425	0.0539171
426	0.0532327
427	0.0519615
428	0.0504638
429	0.048837
430	0.047707
431	0.0472175
432	0.0472492
433	0.0472126
434	0.0469618
435	0.0459852
436	0.0447067
437	0.0434915
438	0.0417161
439	0.0400138
440	0.0389666
441	0.0382482
442	0.0379292
443	0.0376662
444	0.0371061
445	0.0363341
446	0.0352942
447	0.0336625
448	0.0320844
449	0.0307645
450	0.0296467
451	0.0292108
452	0.0293593
453	0.0296832
454	0.0298537
455	0.0295152
456	0.0284071
457	0.0271529
458	0.0259742
459	0.0248735
460	0.0241745
461	0.024155
462	0.0246299
463	0.0250439
464	0.0251413
465	0.0250269
466	0.0246567
467	0.0237897
468	0.0230616
469	0.0223578
470	0.0220266
471	0.0219462
472	0.0220339
473	0.0221556
474	0.0220412
475	0.0217441
476	0.0209916
477	0.0203584
478	0.0199882
479	0.0196716
480	0.0193989
481	0.0192406
482	0.0193648
483	0.0192089
484	0.0186342
485	0.0177063
486	0.0169514
487	0.0159285
488	0.0150031
489	0.0143042
490	0.0139827
491	0.0139194
492	0.0135517
493	0.0128162
494	0.0120004
495	0.0112235
496	0.010622
497	0.0102689
498	0.0103882
499	0.0111699
500	0.0120199
501	0.0125751
502	0.0126189
503	0.0125313
504	0.0121611
505	0.0110141
506	0.00982076
507	0.00928986
508	0.00907068
509	0.00885394
510	0.00891482
511	0.00926064
512	0.00948956
513	0.00940919
514	0.00872974
515	0.00759731
516	0.00672547
517	0.00575621
518	0.00519609
519	0.00491603
520	0.00511085
521	0.00563932
522	0.00540553
523	0.00458482
524	0.00357417
525	0.00266336
526	0.00173307
527	0.00110232
528	0.000956201
529	0.00125331
530	0.00161617
531	0.00216655
532	0.00238817
533	0.00245392
534	0.00236138
535	0.00147979
536	0.000415561
537	-0.000570743
538	-0.00103832
539	-0.00129647
540	-0.00116009
541	-0.000707121
542	-0.000251717
543	-0.000590226
544	-0.001333
545	-0.00246542
546	-0.00337866
547	-0.00412631
548	-0.00461581
549	-0.0045671
550	-0.0041604
551	-0.00345659
552	-0.00292082
553	-0.0026432
554	-0.00289647
555	-0.00370256
556	-0.00496162
557	-0.00608917
558	-0.00655188
559	-0.00643012
560	-0.006077
561	-0.00600637
562	-0.0060843
563	-0.00664686
564	-0.00717289
565	-0.00815432
566	-0.00904808
567	-0.00996864
568	-0.0102341
569	-0.0100246
570	-0.00939634
571	-0.00878994
572	-0.00856589
573	-0.00875828
574	-0.00969831
575	-0.010821
576	-0.0120338
577	-0.0129202
578	-0.0131711
579	-0.0126962
580	-0.0119632
581	-0.0111011
582	-0.0101951
583	-0.0101123
584	-0.0105799
585	-0.011084
586	-0.0120046
587	-0.0129324
588	-0.0132441
589	-0.0131979
590	-0.0129154
591	-0.0124989
592	-0.0122457
593	-0.0123528
594	-0.0128131
595	-0.0135364
596	-0.0141817
597	-0.0148441
598	-0.0152825
599	-0.0152947
600	-0.0150877
601	-0.0147248
602	-0.0143766
603	-0.0142767
604	-0.014569
605	-0.0150024
606	-0.0159546
607	-0.0167729
608	-0.017148
609	-0.0172575
610	-0.0170505
611	-0.017053
612	-0.0169312
613	-0.0168849
614	-0.0171699
615	-0.0177227
616	-0.0184289
617	-0.0188478
618	-0.0191425
619	-0.0192009
620	-0.0192496
621	-0.0191376
622	-0.019011
623	-0.0190816
624	-0.01952
625	-0.0200533
626	-0.0203407
627	-0.0203821
628	-0.0201142
629	-0.0194177
630	-0.0185483
631	-0.0178639
632	-0.0174597
633	-0.0168679
634	-0.0167534
635	-0.0169653
636	-0.0170189
637	-0.0170091
638	-0.0171455
639	-0.0172113
640	-0.0170213
641	-0.0168241
642	-0.0167924
643	-0.0168192
644	-0.017014
645	-0.0172697
646	-0.0175473
647	-0.0174597
648	-0.0176448
649	-0.0176642
650	-0.0177568
651	-0.0176399
652	-0.017618
653	-0.0177568
654	-0.0179273
655	-0.0179224
656	-0.018105
657	-0.0182609
658	-0.0184874
659	-0.0184557
660	-0.0189063
661	-0.0189939
662	-0.0194347
663	-0.0195857
664	-0.0198365
665	-0.0202554
666	-0.0206913
667	-0.0207108
668	-0.0206597
669	-0.0204575
670	-0.0206158
671	-0.0207206
672	-0.021327
673	-0.021663
674	-0.0220015
675	-0.0223084
676	-0.0227224
677	-0.0228369
678	-0.0226055
679	-0.0219139
680	-0.021327
681	-0.0207035
682	-0.0200825
683	-0.0199461
684	-0.0197123
685	-0.0195394
686	-0.0190792
687	-0.0185336
688	-0.0180904
689	-0.0172673
690	-0.0166755
691	-0.016488
692	-0.0164441
693	-0.0166731
694	-0.017148
695	-0.0175644
696	-0.0179443
697	-0.0180977
698	-0.0180125
699	-0.0182073
700	-0.0181294
701	-0.0182877
702	-0.0182779
703	-0.0185069
704	-0.018804
705	-0.0192691
706	-0.0193763
707	-0.0194834
708	-0.0196295
709	-0.0198122
710	-0.019649
711	-0.0194274
712	-0.0188454
713	-0.0177543
714	-0.0163565
715	-0.0150341
716	-0.0138919
717	-0.0129665
718	-0.0118584
719	-0.0107577
720	-0.00969101
721	-0.00895798
722	-0.00869009
723	-0.00825417
724	-0.0076697
725	-0.00749679
726	-0.00772814
727	-0.00792297
728	-0.00796437
729	-0.00817381
730	-0.00838568
731	-0.00816894
732	-0.00723134
733	-0.00559967
734	-0.0037464
735	-0.00192722
736	0.000435043
737	0.00276808
738	0.0045556
739	0.00641131
740	0.00847403
741	0.0101227
742	0.0113428
743	0.0122317
744	0.0128162
745	0.0134323
746	0.0140387
747	0.0146841
748	0.0154366
749	0.0156899
750	0.0155462
751	0.015215
752	0.0144649
753	0.0136905
754	0.0130232
755	0.0123145
756	0.0115839
757	0.0108826
758	0.0103833
759	0.0100448
760	0.00989625
761	0.009755
762	0.0101982
763	0.0106025
764	0.0107998
765	0.0111017
766	0.011187
767	0.0110409
768	0.0104125
769	0.00973309
770	0.0091413
771	0.00873704
772	0.00875652
773	0.00834252
774	0.0078652
775	0.00726124
776	0.00683019
777	0.00607767
778	0.00551025
779	0.00527645
780	0.00592668
781	0.00649168
782	0.00771908
783	0.00953096
784	0.0113307
785	0.0121562
786	0.0119297
787	0.011148
788	0.0104125
789	0.0094579
790	0.00875409
791	0.00806246
792	0.00726611
793	0.00672303
794	0.00657935
795	0.00659153
796	0.0066451
797	0.00703962
798	0.00711999
799	0.00683019
800	0.00637235
801	0.00562958
802	0.00486002
803	0.00378117
804	0.00225179
805	0.000780858
806	-0.000105598
807	-0.00117714
808	-0.0021951
809	-0.00300119
810	-0.00343711
811	-0.00357836
812	-0.00384625
813	-0.00430165
814	-0.00485934
815	-0.00515888
816	-0.00517593
817	-0.00523438
818	-0.0048983
819	-0.00472053
820	-0.0044429
821	-0.00416284
822	-0.00408491
823	-0.00386573
824	-0.00392905
825	-0.00393635
826	-0.00353453
827	-0.00310591
828	-0.00282585
829	-0.00271382
830	-0.00303772
831	-0.00340789
832	-0.00374396
833	-0.00416771
834	-0.00426025
835	-0.00438445
836	-0.00473514
837	-0.00530013
838	-0.00570439
839	-0.00598202
840	-0.00641064
841	-0.0066079
842	-0.0065665
843	-0.00655432
844	-0.00661033
845	-0.00704382
846	-0.00742129
847	-0.00808613
848	-0.00856346
849	-0.00895067
850	-0.00948888
851	-0.0097178
852	-0.00969101
853	-0.00970319
854	-0.00969832
855	-0.00997351
856	-0.010256
857	-0.0108478
858	-0.0115979
859	-0.0120508
860	-0.0121409
861	-0.0122116
862	-0.012309
863	-0.0122749
864	-0.0124819
865	-0.0126012
866	-0.0128472
867	-0.0129397
868	-0.0121872
869	-0.0103023
870	-0.00794732
871	-0.00473514
872	-0.0012088
873	0.00247584
874	0.00596808
875	0.0088515
876	0.0112576
877	0.013218
878	0.0149544
879	0.0163596
880	0.0181106
881	0.0199736
882	-0.018726
883	-0.0187747
884	-0.0188502
885	-0.0189964
886	-0.0192521
887	-0.0195346
888	0.0200491
889	0.019808
890	0.0196351
891	0.0195158
892	0.0193453
893	0.0190043
894	0.0187779
895	0.0184686
896	0.0182275
897	0.0182397
898	0.0182908
899	0.0184588
900	0.0186415
901	0.0187145
902	0.0187559
903	0.0190068
904	0.0190628
905	0.0188582
906	0.0182616
907	0.01785
908	0.0172485
909	0.0169903
910	0.0166957
911	0.0165788
912	0.0164521
913	0.0163718
914	0.0161989
915	0.0162524
916	0.0160844
917	0.0159529
918	0.0156046
919	0.0154463
920	0.0152564
921	0.0149349
922	0.014275
923	0.0137757
924	0.0133495
925	0.0130646
926	0.0123121
927	0.0117106
928	0.0112332
929	0.0107681
930	0.010583
931	0.00997418
932	0.00937022
933	0.00901223
934	0.00881984
935	0.00877601
936	0.0089684
937	0.00964785
938	0.0101227
939	0.0104832
940	0.0105319
941	0.010734
942	0.0104491
943	0.0100716
944	0.00941163
945	0.00875409
946	0.00836687
947	0.00810142
948	0.0076241
949	0.00687402
950	0.00617022
951	0.00543475
952	0.00495986
953	0.00439487
954	0.00418543
955	0.00425362
956	0.00446062
957	0.00475286
958	0.00502318
959	0.00515956
960	0.00517661
961	0.00519853
962	0.00519853
963	0.00535195
964	0.00570751
965	0.00544206
966	0.00453125
967	0.0035693
968	0.00286306
969	0.00214464
970	0.00147736
971	0.000870965
972	0.00056168
973	0.000150111
974	-0.000212751
975	-0.000183528
976	-2.52319e-05
977	0.000417996
978	0.000841741
979	0.000814953
980	0.000778423
981	0.000707799
982	0.000846612
983	0.000695622
984	0.000466702
985	0.000281618
986	-3.31408e-06
987	-0.000434365
988	-0.00107972
989	-0.00172508
990	-0.00224624
991	-0.00298414
992	-0.00351261
993	-0.00391687
994	-0.00406055
995	-0.00413605
996	-0.00367821
997	-0.00276009
998	-0.000838628
999	0.00176716
1000	0.00438756
1001	0.00765333
1002	0.0110311
1003	0.0141946
1004	0.0167103
1005	0.0190969
1006	0.0216296
1007	0.0238798
1008	0.0262299
1009	0.0287383
1010	-0.00958629
1011	-0.00863652
1012	-0.0079668
1013	-0.00769405
1014	-0.00753332
1015	-0.00696102
1016	-0.00653971
1017	0.0329977
1018	0.0324814
1019	0.031858
1020	0.031478
1021	0.0308741
1022	0.0302409
1023	0.029671
