0	1.45147e-05
1	-0.00013404
2	-0.000185181
3	-0.000246064
4	-0.00044089
5	-0.000302077
6	-0.000272853
7	-0.000160828
8	-8.53333e-05
9	-0.000121863
10	-0.000124298
11	-0.000177875
12	4.13032e-05
13	7.7833e-05
14	8.75742e-05
15	4.61738e-05
16	-0.000219276
17	-0.000267982
18	-0.000190052
19	-0.000229017
20	-0.000229017
21	-0.000377571
22	-0.000360524
23	-0.000365395
24	-0.0002899
25	-0.000328865
26	-7.31567e-05
27	-0.000146216
28	-9.26393e-05
29	6.07857e-05
30	0.000102186
31	0.000277529
32	0.000416342
33	0.000465049
34	0.000262917
35	0.00039686
36	0.000465049
37	0.000496708
38	0.000489402
39	0.000499143
40	0.000345718
41	0.00036033
42	0.000311623
43	0.000204469
44	7.20874e-06
45	2.66913e-05
46	-7.55921e-05
47	-4.14976e-05
48	2.33811e-06
49	8.02683e-05
50	0.000267788
51	0.000472354
52	0.000508884
53	0.000767028
54	0.000998383
55	0.00120295
56	0.00151224
57	0.00157068
58	0.00153172
59	0.00187266
60	0.00469033
61	0.0160974
62	0.0502576
63	0.129856
64	0.274321
65	0.483812
66	0.736511
67	0.997935
68	1.23568
69	1.42753
70	1.56441
71	1.64912
72	1.69154
73	1.70397
74	1.69713
75	1.6804
76	1.65954
77	1.63831
78	1.61909
79	1.60277
80	1.58959
81	1.57925
82	1.57088
83	1.56353
84	1.55653
85	1.54941
86	1.54162
87	1.53336
88	1.52523
89	1.51672
90	1.50828
91	1.49961
92	1.49101
93	1.48247
94	1.47413
95	1.4655
96	1.45612
97	1.44624
98	1.43641
99	1.42684
100	1.41698
101	1.40672
102	1.39606
103	1.38492
104	1.37342
105	1.36223
106	1.35116
107	1.34037
108	1.3297
109	1.3189
110	1.30785
111	1.29687
112	1.28601
113	1.27496
114	1.26409
115	1.2532
116	1.24231
117	1.23144
118	1.22072
119	1.21031
120	1.20017
121	1.19062
122	1.181
123	1.17131
124	1.16143
125	1.15178
126	1.14205
127	1.13204
128	1.12249
129	1.11266
130	1.1029
131	1.09322
132	1.08355
133	1.07353
134	1.06373
135	1.05391
136	1.04412
137	1.03417
138	1.02385
139	1.01338
140	1.00322
141	0.993383
142	0.983742
143	0.974263
144	0.96517
145	0.956374
146	0.947633
147	0.93882
148	0.929785
149	0.920964
150	0.911883
151	0.903001
152	0.894051
153	0.884985
154	0.875709
155	0.86642
156	0.857103
157	0.847883
158	0.839045
159	0.830723
160	0.822526
161	0.814526
162	0.806365
163	0.798212
164	0.789834
165	0.781637
166	0.773537
167	0.76552
168	0.757613
169	0.750105
170	0.742935
171	0.735727
172	0.728586
173	0.721653
174	0.714651
175	0.70746
176	0.700268
177	0.693106
178	0.686092
179	0.678577
180	0.671244
181	0.664191
182	0.657385
183	0.65097
184	0.644838
185	0.638847
186	0.633426
187	0.629632
188	0.627662
189	0.628711
190	0.630964
191	0.631792
192	0.625811
193	0.619192
194	0.612621
195	0.606608
196	0.600773
197	0.595747
198	0.591056
199	0.5864
200	0.581761
201	0.577053
202	0.572156
203	0.566832
204	0.561704
205	0.556451
206	0.551234
207	0.546293
208	0.541157
209	0.536298
210	0.531289
211	0.526401
212	0.52127
213	0.515674
214	0.509992
215	0.504595
216	0.49963
217	0.494942
218	0.490195
219	0.485427
220	0.4806
221	0.475975
222	0.471487
223	0.467072
224	0.462688
225	0.458285
226	0.453797
227	0.44974
228	0.44539
229	0.440956
230	0.436794
231	0.43271
232	0.428694
233	0.424963
234	0.421156
235	0.417326
236	0.413363
237	0.409413
238	0.405441
239	0.401606
240	0.397483
241	0.393289
242	0.389351
243	0.386163
244	0.384437
245	0.384951
246	0.388613
247	0.393849
248	0.398847
249	0.39759
250	0.394107
251	0.390734
252	0.387296
253	0.383916
254	0.38075
255	0.377525
256	0.374111
257	0.370818
258	0.367631
259	0.364404
260	0.361309
261	0.358542
262	0.356014
263	0.353576
264	0.351073
265	0.348294
266	0.345447
267	0.341831
268	0.338195
269	0.334622
270	0.33123
271	0.327911
272	0.324864
273	0.321983
274	0.319136
275	0.316496
276	0.313985
277	0.311484
278	0.308774
279	0.305942
280	0.302978
281	0.300068
282	0.297245
283	0.294703
284	0.292404
285	0.290051
286	0.28773
287	0.285573
288	0.283551
289	0.281352
290	0.279119
291	0.27681
292	0.274387
293	0.272198
294	0.270179
295	0.268141
296	0.266295
297	0.264322
298	0.262474
299	0.260642
300	0.258524
301	0.256475
302	0.254169
303	0.25186
304	0.24952
305	0.247175
306	0.245022
307	0.243018
308	0.240885
309	0.238566
310	0.236452
311	0.234165
312	0.232052
313	0.230089
314	0.228618
315	0.228435
316	0.230111
317	0.233393
318	0.238079
319	0.243215
320	0.247036
321	0.248178
322	0.247039
323	0.248156
324	0.253261
325	0.261117
326	0.269602
327	0.272164
328	0.269358
329	0.266808
330	0.264427
331	0.262515
332	0.260973
333	0.259359
334	0.258036
335	0.2564
336	0.254515
337	0.252362
338	0.250409
339	0.247964
340	0.245775
341	0.243386
342	0.241172
343	0.239146
344	0.23692
345	0.235252
346	0.233437
347	0.231774
348	0.230191
349	0.22853
350	0.227127
351	0.225559
352	0.224149
353	0.222534
354	0.221154
355	0.219829
356	0.218623
357	0.217462
358	0.216198
359	0.215012
360	0.213628
361	0.212162
362	0.210691
363	0.209298
364	0.207888
365	0.206276
366	0.204891
367	0.203761
368	0.203602
369	0.203929
370	0.204399
371	0.204964
372	0.205477
373	0.205597
374	0.204939
375	0.204053
376	0.203049
377	0.201861
378	0.200787
379	0.199591
380	0.198262
381	0.196925
382	0.195751
383	0.194523
384	0.193279
385	0.192205
386	0.19087
387	0.189526
388	0.188243
389	0.186903
390	0.185924
391	0.184536
392	0.18345
393	0.182288
394	0.181195
395	0.180084
396	0.179147
397	0.178207
398	0.177018
399	0.17564
400	0.174279
401	0.172798
402	0.171527
403	0.170107
404	0.168826
405	0.16774
406	0.166661
407	0.16566
408	0.164739
409	0.163536
410	0.162703
411	0.161763
412	0.16078
413	0.159559
414	0.15859
415	0.157558
416	0.156452
417	0.155371
418	0.154231
419	0.153291
420	0.152256
421	0.151299
422	0.150381
423	0.149433
424	0.148683
425	0.147909
426	0.147327
427	0.146548
428	0.145858
429	0.14524
430	0.14456
431	0.144085
432	0.143484
433	0.143026
434	0.142415
435	0.141735
436	0.140808
437	0.139926
438	0.139251
439	0.138375
440	0.137491
441	0.136546
442	0.135796
443	0.135014
444	0.134344
445	0.133677
446	0.132851
447	0.132225
448	0.131548
449	0.130835
450	0.130187
451	0.129522
452	0.128933
453	0.128263
454	0.127584
455	0.12688
456	0.126093
457	0.125777
458	0.125421
459	0.12539
460	0.125197
461	0.125109
462	0.124883
463	0.124766
464	0.124471
465	0.124006
466	0.123478
467	0.122888
468	0.12235
469	0.121785
470	0.121147
471	0.120297
472	0.119625
473	0.118819
474	0.118125
475	0.117278
476	0.116484
477	0.115716
478	0.115132
479	0.114397
480	0.113527
481	0.113069
482	0.112224
483	0.111533
484	0.110795
485	0.110222
486	0.109769
487	0.109034
488	0.10881
489	0.108262
490	0.107663
491	0.107052
492	0.106567
493	0.105824
494	0.105118
495	0.104329
496	0.103961
497	0.103859
498	0.103781
499	0.103676
500	0.103574
501	0.103326
502	0.103055
503	0.102914
504	0.10251
505	0.102042
506	0.101484
507	0.100644
508	0.0998796
509	0.0990784
510	0.0982358
511	0.0974808
512	0.096419
513	0.0954059
514	0.0945998
515	0.0938084
516	0.0929657
517	0.0922108
518	0.0915776
519	0.0907886
520	0.0900409
521	0.0892689
522	0.0884433
523	0.0878467
524	0.0872647
525	0.0872257
526	0.0873815
527	0.0877176
528	0.0880561
529	0.0881535
530	0.0880829
531	0.0881194
532	0.08791
533	0.0873353
534	0.0864586
535	0.0855185
536	0.0845152
537	0.0835703
538	0.0829809
539	0.0822698
540	0.0814905
541	0.0808598
542	0.0803922
543	0.0799757
544	0.0798199
545	0.0796129
546	0.0793085
547	0.0789505
548	0.0785462
549	0.0780591
550	0.0775891
551	0.0771581
552	0.076822
553	0.076106
554	0.0756214
555	0.0752756
556	0.0745742
557	0.0742113
558	0.0736999
559	0.073225
560	0.0728403
561	0.0723849
562	0.0714814
563	0.0707021
564	0.0700056
565	0.0695112
566	0.0687708
567	0.0678625
568	0.0672439
569	0.0665304
570	0.0660262
571	0.0657486
572	0.06532
573	0.0646722
574	0.0643775
575	0.0640122
576	0.0634716
577	0.0629285
578	0.0623367
579	0.0619203
580	0.0612603
581	0.0607806
582	0.0601815
583	0.0597748
584	0.0594192
585	0.0587398
586	0.0581626
587	0.057678
588	0.0570399
589	0.0565115
590	0.0560463
591	0.055608
592	0.0550819
593	0.0547434
594	0.0544707
595	0.0538984
596	0.0536159
597	0.0532871
598	0.0532579
599	0.0532286
600	0.0536719
601	0.0539495
602	0.0541273
603	0.0540104
604	0.0539592
605	0.0538545
606	0.0537011
607	0.053516
608	0.0531288
609	0.0527708
610	0.05233
611	0.0518624
612	0.0515166
613	0.0511221
614	0.0508907
615	0.0503257
616	0.0499264
617	0.049639
618	0.0493808
619	0.0490983
620	0.0488329
621	0.0484189
622	0.0481461
623	0.0480025
624	0.0476786
625	0.0473717
626	0.0469553
627	0.0465267
628	0.0461614
629	0.0459787
630	0.0459909
631	0.0460298
632	0.0458058
633	0.0457157
634	0.0454673
635	0.0452676
636	0.0451507
637	0.0449461
638	0.0443641
639	0.0438965
640	0.0435726
641	0.0430174
642	0.0425473
643	0.0423623
644	0.0421431
645	0.0419897
646	0.0417047
647	0.0414904
648	0.0413029
649	0.0408913
650	0.0407135
651	0.0404944
652	0.0402728
653	0.0399927
654	0.0397516
655	0.0397272
656	0.0395933
657	0.0393522
658	0.0389772
659	0.0386411
660	0.0383781
661	0.0379714
662	0.0377278
663	0.0373479
664	0.0370703
665	0.0366977
666	0.036498
667	0.0361254
668	0.0357041
669	0.0352536
670	0.0348615
671	0.0346155
672	0.0343062
673	0.0341309
674	0.0338508
675	0.0337144
676	0.0335196
677	0.0343622
678	0.0369071
679	0.0416585
680	0.04866
681	0.0571227
682	0.0650083
683	0.0696354
684	0.0696451
685	0.0695185
686	0.0692969
687	0.0687976
688	0.0685833
689	0.0683666
690	0.0681279
691	0.0680329
692	0.0678673
693	0.0677212
694	0.0666765
695	0.0664573
696	0.0661748
697	0.0655002
698	0.0647526
699	0.0638369
700	0.0631647
701	0.0626314
702	0.0620323
703	0.0612798
704	0.0606539
705	0.060106
706	0.0594972
707	0.0589516
708	0.0585206
709	0.0581943
710	0.0580384
711	0.0582235
712	0.0581699
713	0.0580944
714	0.0578631
715	0.0575927
716	0.0579702
717	0.0591976
718	0.0616987
719	0.065885
720	0.0705779
721	0.0750759
722	0.0786412
723	0.0808427
724	0.0815855
725	0.0812884
726	0.0806162
727	0.0794448
728	0.0783027
729	0.0770923
730	0.0760719
731	0.0752342
732	0.0743623
733	0.0737121
734	0.0740336
735	0.0748591
736	0.0768439
737	0.0798028
738	0.0828908
739	0.0855161
740	0.0872549
741	0.0881365
742	0.0881584
743	0.0877225
744	0.0869529
745	0.0858449
746	0.0847441
747	0.0838552
748	0.0828835
749	0.0820287
750	0.0813273
751	0.0805748
752	0.0800902
753	0.079759
754	0.0794327
755	0.0791429
756	0.0789042
757	0.0785511
758	0.0781249
759	0.0775794
760	0.0770193
761	0.076615
762	0.0764957
763	0.0762887
764	0.075804
765	0.0752001
766	0.0745279
767	0.0738948
768	0.0732664
769	0.0724677
770	0.0718369
771	0.0710186
772	0.070232
773	0.0693626
774	0.0688122
775	0.0683934
776	0.0678649
777	0.0675288
778	0.0671343
779	0.0667081
780	0.0661115
781	0.0654783
782	0.0647307
783	0.0639611
784	0.0633791
785	0.0628287
786	0.0623976
787	0.061801
788	0.0614698
789	0.0609535
790	0.0606539
791	0.0604859
792	0.0602789
793	0.0602375
794	0.0599087
795	0.0597309
796	0.0597163
797	0.0596895
798	0.0597626
799	0.0596141
800	0.0594144
801	0.0593218
802	0.0587446
803	0.0582917
804	0.0578923
805	0.0573151
806	0.0568548
807	0.056358
808	0.0559026
809	0.0552841
810	0.0547385
811	0.0544926
812	0.0542807
813	0.0542442
814	0.0542076
815	0.0540055
816	0.0539495
817	0.0537401
818	0.0535185
819	0.0532944
820	0.0529876
821	0.0524907
822	0.0518405
823	0.051653
824	0.0514801
825	0.0512707
826	0.0509638
827	0.050993
828	0.0507592
829	0.0504694
830	0.0501504
831	0.0496682
832	0.0496731
833	0.0493882
834	0.0490399
835	0.048604
836	0.0482241
837	0.0479732
838	0.0476932
839	0.0474716
840	0.0476152
841	0.0484238
842	0.0494636
843	0.050635
844	0.051541
845	0.0521595
846	0.05252
847	0.052442
848	0.0522716
849	0.052028
850	0.0514265
851	0.0509614
852	0.050299
853	0.0498679
854	0.0495075
855	0.0491422
856	0.0487988
857	0.0484773
858	0.0481242
859	0.0478539
860	0.0475714
861	0.0472134
862	0.0469114
863	0.0466971
864	0.0464974
865	0.0462588
866	0.0461614
867	0.0461224
868	0.0463878
869	0.0466168
870	0.0466825
871	0.0469991
872	0.0475641
873	0.0481778
874	0.0490302
875	0.0498947
876	0.0506229
877	0.0511805
878	0.0513559
879	0.0512658
880	0.0510101
881	0.0508956
882	0.0507495
883	0.0502429
884	0.0497997
885	0.0491909
886	0.0487769
887	0.0484968
888	0.0479927
889	0.0477346
890	0.0475227
891	0.0474983
892	0.0472524
893	0.0470746
894	0.0471477
895	0.0469309
896	0.0469918
897	0.0467824
898	0.0464901
899	0.0464877
900	0.0463318
901	0.0462977
902	0.0463026
903	0.0462417
904	0.0462295
905	0.0462393
906	0.0462734
907	0.0460761
908	0.0458545
909	0.0455184
910	0.0451458
911	0.0447172
912	0.0442862
913	0.0438722
914	0.043351
915	0.0428761
916	0.0423988
917	0.0419239
918	0.0416463
919	0.0414003
920	0.0411105
921	0.0408158
922	0.0404237
923	0.040246
924	0.0397881
925	0.0393693
926	0.038909
927	0.038439
928	0.0381979
929	0.0379129
930	0.0378399
931	0.0371896
932	0.0365784
933	0.0362861
934	0.0361108
935	0.0357479
936	0.0353558
937	0.035105
938	0.0348444
939	0.0346082
940	0.0342307
941	0.0339385
942	0.0337218
943	0.03341
944	0.0330326
945	0.032716
946	0.0322849
947	0.0318246
948	0.0317978
949	0.0315738
950	0.0313717
951	0.0311793
952	0.0309747
953	0.0308943
954	0.0306581
955	0.0303805
956	0.030081
957	0.0297717
958	0.0295647
959	0.0293114
960	0.0292846
961	0.029382
962	0.0294258
963	0.0296061
964	0.0296669
965	0.0296523
966	0.029533
967	0.0293771
968	0.0292822
969	0.0294015
970	0.0294746
971	0.0295695
972	0.0295598
973	0.0297717
974	0.0298788
975	0.0299227
976	0.0298131
977	0.0295281
978	0.0291653
979	0.0289851
980	0.0287026
981	0.0286125
982	0.0283689
983	0.0281717
984	0.0280669
985	0.0275117
986	0.0272487
987	0.0270076
988	0.026898
989	0.0270173
990	0.0269418
991	0.0271415
992	0.0270198
993	0.0270709
994	0.0269978
995	0.0270222
996	0.0269832
997	0.0269589
998	0.0269857
999	0.0271367
1000	0.0273388
1001	0.0275921
1002	0.0278137
1003	0.0278819
1004	0.0279354
1005	0.0279476
1006	0.0280986
1007	0.0282569
1008	0.0287342
1009	0.0295793
1010	0.0310916
1011	0.0332615
1012	0.0358648
1013	0.0381516
1014	0.0400536
1015	0.0413808
1016	0.0421139
1017	0.0423623
1018	0.0422892
1019	0.0422064
1020	0.041695
1021	0.0412079
1022	0.0408158
1023	0.0403604
