0	-0.000431053
1	-0.0010913
2	-0.00120929
3	-0.00156828
4	-0.00219087
5	-0.00146285
6	-0.000787536
7	-0.00151305
8	-0.0016436
9	-0.00145531
10	-0.000960757
11	-0.000840256
12	-0.00153816
13	-0.00192728
14	-0.00107373
15	-0.00063942
16	0.000414966
17	0.000655969
18	-0.000385865
19	-0.00196744
20	-0.00227121
21	-0.00202267
22	-0.00148293
23	-0.000918079
24	-0.000378334
25	-0.000556576
26	-0.000714734
27	-0.000682098
28	-0.00119674
29	-0.00183188
30	-0.00162351
31	-0.00120427
32	-0.000654483
33	-4.19347e-05
34	-0.000210134
35	-0.000197582
36	0.000256808
37	0.000814127
38	0.00177563
39	0.00302332
40	0.00365595
41	0.00404507
42	0.00358566
43	0.00213211
44	0.00132626
45	0.00163253
46	0.00209445
47	0.0030911
48	0.00435134
49	0.00581744
50	0.00587518
51	0.00476556
52	0.00409779
53	0.00456473
54	0.00484339
55	0.00543334
56	0.00639484
57	0.0069622
58	0.00869943
59	0.0108107
60	0.0166575
61	0.0360683
62	0.0890964
63	0.208905
64	0.428687
65	0.758368
66	1.17277
67	1.62072
68	2.04725
69	2.4116
70	2.69411
71	2.89222
72	3.01501
73	3.07669
74	3.09215
75	3.07433
76	3.03522
77	2.98427
78	2.92872
79	2.87348
80	2.82206
81	2.7765
82	2.73719
83	2.70401
84	2.67574
85	2.65106
86	2.62934
87	2.60961
88	2.59216
89	2.57641
90	2.56138
91	2.54627
92	2.53087
93	2.51518
94	2.49984
95	2.48453
96	2.46862
97	2.45167
98	2.43364
99	2.41537
100	2.39719
101	2.37883
102	2.35969
103	2.34006
104	2.32137
105	2.30352
106	2.28606
107	2.26894
108	2.25115
109	2.23295
110	2.21569
111	2.20152
112	2.19262
113	2.18652
114	2.17352
115	2.1678
116	2.15122
117	2.13449
118	2.12085
119	2.1109
120	2.09652
121	2.07725
122	2.05777
123	2.03872
124	2.02042
125	2.00335
126	1.98687
127	1.97121
128	1.95588
129	1.94074
130	1.92595
131	1.9112
132	1.8964
133	1.88097
134	1.86477
135	1.84813
136	1.8315
137	1.8144
138	1.79735
139	1.78097
140	1.76498
141	1.7485
142	1.73173
143	1.71506
144	1.69931
145	1.68445
146	1.67049
147	1.65741
148	1.64425
149	1.6305
150	1.6164
151	1.60154
152	1.58624
153	1.57104
154	1.55644
155	1.54263
156	1.52941
157	1.51572
158	1.50156
159	1.4874
160	1.47377
161	1.46038
162	1.447
163	1.43354
164	1.42058
165	1.40772
166	1.39503
167	1.38404
168	1.37721
169	1.37661
170	1.3676
171	1.35615
172	1.3447
173	1.33311
174	1.32155
175	1.30984
176	1.29806
177	1.28617
178	1.27436
179	1.26263
180	1.25121
181	1.24
182	1.22947
183	1.21906
184	1.20884
185	1.19819
186	1.18756
187	1.1773
188	1.16723
189	1.15783
190	1.14898
191	1.13998
192	1.13068
193	1.12192
194	1.11337
195	1.10447
196	1.09523
197	1.08591
198	1.07692
199	1.06772
200	1.05845
201	1.04966
202	1.04058
203	1.03168
204	1.02278
205	1.01452
206	1.00657
207	0.998713
208	0.990908
209	0.984127
210	0.978767
211	0.974801
212	0.971947
213	0.969449
214	0.966737
215	0.958862
216	0.950989
217	0.943117
218	0.9356
219	0.927805
220	0.919918
221	0.912675
222	0.905917
223	0.899031
224	0.89216
225	0.884749
226	0.877398
227	0.87003
228	0.862474
229	0.854869
230	0.849048
231	0.847597
232	0.851508
233	0.852698
234	0.845654
235	0.838188
236	0.83044
237	0.822874
238	0.81592
239	0.809451
240	0.803031
241	0.795957
242	0.788252
243	0.78105
244	0.774244
245	0.768201
246	0.763098
247	0.758536
248	0.754038
249	0.749268
250	0.744237
251	0.739703
252	0.737117
253	0.737388
254	0.74199
255	0.744641
256	0.739158
257	0.73353
258	0.727628
259	0.721655
260	0.716142
261	0.713956
262	0.718274
263	0.727176
264	0.722785
265	0.7186
266	0.714593
267	0.71074
268	0.706585
269	0.701845
270	0.697497
271	0.693177
272	0.688648
273	0.683431
274	0.678066
275	0.672569
276	0.667264
277	0.661965
278	0.656806
279	0.652161
280	0.64824
281	0.644118
282	0.640134
283	0.636182
284	0.632507
285	0.629105
286	0.625493
287	0.621888
288	0.617379
289	0.612235
290	0.607696
291	0.603366
292	0.599344
293	0.594813
294	0.589538
295	0.584997
296	0.580686
297	0.57686
298	0.573346
299	0.570373
300	0.568267
301	0.566753
302	0.564469
303	0.561966
304	0.559616
305	0.557548
306	0.555037
307	0.5522
308	0.54908
309	0.545028
310	0.540527
311	0.536789
312	0.534253
313	0.53225
314	0.531193
315	0.530302
316	0.528816
317	0.526968
318	0.524719
319	0.522512
320	0.520112
321	0.518099
322	0.516647
323	0.51552
324	0.515282
325	0.516095
326	0.517004
327	0.517019
328	0.516931
329	0.51653
330	0.515254
331	0.512694
332	0.509741
333	0.506463
334	0.503116
335	0.499012
336	0.49496
337	0.491872
338	0.4878
339	0.483505
340	0.479159
341	0.474886
342	0.471485
343	0.46907
344	0.466968
345	0.464217
346	0.461493
347	0.458696
348	0.456178
349	0.453522
350	0.450778
351	0.448504
352	0.446704
353	0.446235
354	0.445594
355	0.444397
356	0.442547
357	0.440905
358	0.439346
359	0.437069
360	0.434097
361	0.430986
362	0.428074
363	0.42539
364	0.422872
365	0.420603
366	0.418622
367	0.417234
368	0.416164
369	0.415125
370	0.414247
371	0.412575
372	0.41021
373	0.40718
374	0.40429
375	0.402314
376	0.400065
377	0.396741
378	0.393578
379	0.391683
380	0.390089
381	0.388319
382	0.386104
383	0.38388
384	0.381651
385	0.379703
386	0.378548
387	0.37772
388	0.376645
389	0.375822
390	0.374456
391	0.373974
392	0.37714
393	0.384508
394	0.391243
395	0.389255
396	0.387259
397	0.385246
398	0.383649
399	0.381992
400	0.379976
401	0.378475
402	0.377534
403	0.376123
404	0.374757
405	0.373994
406	0.373846
407	0.373994
408	0.373434
409	0.372591
410	0.371971
411	0.370869
412	0.370015
413	0.368521
414	0.367128
415	0.365479
416	0.363817
417	0.362878
418	0.362403
419	0.361231
420	0.359428
421	0.35805
422	0.356669
423	0.354965
424	0.353019
425	0.350991
426	0.348704
427	0.347167
428	0.345142
429	0.34175
430	0.338795
431	0.337224
432	0.335657
433	0.33267
434	0.32974
435	0.327556
436	0.325922
437	0.324044
438	0.321237
439	0.318732
440	0.316696
441	0.314898
442	0.312975
443	0.311168
444	0.309061
445	0.306905
446	0.304982
447	0.30278
448	0.300812
449	0.298711
450	0.296364
451	0.294581
452	0.293489
453	0.29127
454	0.288727
455	0.286267
456	0.284384
457	0.282385
458	0.280053
459	0.27796
460	0.276719
461	0.275522
462	0.273719
463	0.271109
464	0.268209
465	0.26607
466	0.265395
467	0.26475
468	0.263419
469	0.261843
470	0.259651
471	0.25756
472	0.255438
473	0.253734
474	0.252976
475	0.252112
476	0.251048
477	0.250076
478	0.249137
479	0.248407
480	0.247485
481	0.246142
482	0.24504
483	0.244257
484	0.243923
485	0.243293
486	0.242178
487	0.241189
488	0.24018
489	0.238061
490	0.235721
491	0.234803
492	0.233715
493	0.232101
494	0.230522
495	0.227919
496	0.225145
497	0.223207
498	0.221131
499	0.219243
500	0.217885
501	0.216265
502	0.214234
503	0.213188
504	0.212746
505	0.212151
506	0.210052
507	0.207331
508	0.205388
509	0.204328
510	0.203071
511	0.201742
512	0.202117
513	0.206686
514	0.215555
515	0.224593
516	0.22342
517	0.22096
518	0.218487
519	0.21738
520	0.216511
521	0.21491
522	0.213107
523	0.211947
524	0.212952
525	0.215093
526	0.217342
527	0.21978
528	0.223227
529	0.226726
530	0.228916
531	0.229121
532	0.228039
533	0.227053
534	0.226357
535	0.224726
536	0.222579
537	0.220526
538	0.21967
539	0.218776
540	0.217337
541	0.215045
542	0.21258
543	0.210557
544	0.210185
545	0.210002
546	0.208935
547	0.207434
548	0.206269
549	0.205089
550	0.203598
551	0.202054
552	0.199953
553	0.198903
554	0.198127
555	0.196149
556	0.194161
557	0.19223
558	0.190466
559	0.188681
560	0.186165
561	0.184601
562	0.183986
563	0.183409
564	0.183579
565	0.183529
566	0.182241
567	0.180419
568	0.179239
569	0.17895
570	0.179455
571	0.181077
572	0.185015
573	0.192994
574	0.20468
575	0.210426
576	0.219956
577	0.231968
578	0.243489
579	0.251394
580	0.250902
581	0.250001
582	0.249383
583	0.248336
584	0.247202
585	0.246115
586	0.244894
587	0.244551
588	0.243988
589	0.242618
590	0.2414
591	0.239791
592	0.238066
593	0.237248
594	0.236816
595	0.238059
596	0.240971
597	0.24327
598	0.245113
599	0.247008
600	0.247613
601	0.247839
602	0.247435
603	0.247197
604	0.246805
605	0.246062
606	0.24448
607	0.243373
608	0.241967
609	0.241583
610	0.241362
611	0.240712
612	0.239763
613	0.239341
614	0.239254
615	0.238013
616	0.235433
617	0.233392
618	0.232219
619	0.231037
620	0.228908
621	0.227173
622	0.226393
623	0.225777
624	0.225057
625	0.224126
626	0.222813
627	0.22271
628	0.222223
629	0.221412
630	0.22169
631	0.220546
632	0.218555
633	0.216489
634	0.215357
635	0.214398
636	0.21327
637	0.212
638	0.210667
639	0.210127
640	0.21015
641	0.210338
642	0.211676
643	0.214887
644	0.218942
645	0.221023
646	0.221547
647	0.222175
648	0.223729
649	0.225122
650	0.225449
651	0.22645
652	0.230188
653	0.235272
654	0.239846
655	0.244277
656	0.247357
657	0.249195
658	0.250181
659	0.2499
660	0.248083
661	0.245607
662	0.24331
663	0.241239
664	0.238942
665	0.236115
666	0.233582
667	0.231358
668	0.229661
669	0.228331
670	0.226259
671	0.223706
672	0.222464
673	0.221962
674	0.219737
675	0.216858
676	0.214985
677	0.2144
678	0.214277
679	0.213301
680	0.211521
681	0.210027
682	0.208282
683	0.206246
684	0.205039
685	0.20423
686	0.202664
687	0.200578
688	0.198509
689	0.196338
690	0.194357
691	0.192667
692	0.191758
693	0.1903
694	0.187975
695	0.186017
696	0.184368
697	0.184117
698	0.183881
699	0.182681
700	0.180753
701	0.179073
702	0.178034
703	0.176949
704	0.175034
705	0.173071
706	0.172242
707	0.171677
708	0.16993
709	0.16747
710	0.165901
711	0.16499
712	0.163441
713	0.161648
714	0.160561
715	0.159434
716	0.157664
717	0.157001
718	0.156027
719	0.153898
720	0.152357
721	0.15065
722	0.149696
723	0.14955
724	0.148365
725	0.146796
726	0.145227
727	0.143877
728	0.143259
729	0.142298
730	0.141037
731	0.139712
732	0.138766
733	0.137801
734	0.13733
735	0.137181
736	0.136192
737	0.134237
738	0.133865
739	0.133795
740	0.132627
741	0.131771
742	0.131269
743	0.130177
744	0.128192
745	0.12727
746	0.126482
747	0.125553
748	0.124406
749	0.1236
750	0.122947
751	0.121358
752	0.120286
753	0.119237
754	0.118145
755	0.117296
756	0.115637
757	0.113664
758	0.113079
759	0.113493
760	0.113026
761	0.112024
762	0.110581
763	0.109223
764	0.108587
765	0.107227
766	0.105846
767	0.105113
768	0.104335
769	0.102713
770	0.102226
771	0.103316
772	0.10312
773	0.101947
774	0.100921
775	0.0998838
776	0.0988444
777	0.098257
778	0.0983172
779	0.0982118
780	0.0977825
781	0.0962562
782	0.0938687
783	0.0924855
784	0.0927591
785	0.0932386
786	0.0936302
787	0.0930604
788	0.0924704
789	0.0927767
790	0.0931934
791	0.0930955
792	0.0925708
793	0.0917223
794	0.0906152
795	0.0905725
796	0.0923273
797	0.0916495
798	0.0895809
799	0.0872537
800	0.0853834
801	0.0846554
802	0.0841307
803	0.0841608
804	0.0846353
805	0.0842688
806	0.0829282
807	0.0806814
808	0.079504
809	0.0798052
810	0.0795542
811	0.0781835
812	0.0762103
813	0.0747843
814	0.0741266
815	0.0741768
816	0.0745408
817	0.0744304
818	0.0737099
819	0.0723793
820	0.0716588
821	0.071709
822	0.0713601
823	0.0723141
824	0.0751308
825	0.0796621
826	0.0870228
827	0.0933566
828	0.093565
829	0.0944662
830	0.094421
831	0.0939365
832	0.09236
833	0.0905072
834	0.0908035
835	0.0921164
836	0.0925357
837	0.0917047
838	0.0911123
839	0.0913533
840	0.0930077
841	0.0977599
842	0.106918
843	0.116837
844	0.11589
845	0.115592
846	0.116666
847	0.118102
848	0.118795
849	0.118315
850	0.118677
851	0.118963
852	0.118571
853	0.118973
854	0.120043
855	0.12069
856	0.119736
857	0.11821
858	0.117474
859	0.117929
860	0.118652
861	0.118835
862	0.119114
863	0.118941
864	0.119217
865	0.119877
866	0.119435
867	0.119026
868	0.119159
869	0.118142
870	0.117093
871	0.116746
872	0.116468
873	0.116244
874	0.116179
875	0.11651
876	0.115361
877	0.113091
878	0.112095
879	0.11216
880	0.112692
881	0.112238
882	0.110212
883	0.108999
884	0.108668
885	0.108196
886	0.108372
887	0.108909
888	0.108683
889	0.108266
890	0.107453
891	0.107141
892	0.107631
893	0.107654
894	0.106893
895	0.107465
896	0.108128
897	0.108105
898	0.107518
899	0.107011
900	0.108183
901	0.10928
902	0.109637
903	0.110626
904	0.111597
905	0.113264
906	0.115577
907	0.117261
908	0.119038
909	0.121913
910	0.125428
911	0.128726
912	0.131149
913	0.132858
914	0.133391
915	0.133145
916	0.133416
917	0.133614
918	0.132949
919	0.132407
920	0.132324
921	0.131819
922	0.131086
923	0.130275
924	0.128884
925	0.12718
926	0.126253
927	0.125756
928	0.125548
929	0.125171
930	0.124521
931	0.123582
932	0.124007
933	0.12477
934	0.124474
935	0.124679
936	0.125181
937	0.124652
938	0.123138
939	0.121712
940	0.120407
941	0.119362
942	0.119756
943	0.11939
944	0.118918
945	0.119962
946	0.121531
947	0.122071
948	0.122905
949	0.123743
950	0.123499
951	0.123078
952	0.122395
953	0.122342
954	0.1213
955	0.119415
956	0.118313
957	0.118238
958	0.117384
959	0.115639
960	0.11466
961	0.114454
962	0.113887
963	0.112095
964	0.110578
965	0.109875
966	0.109632
967	0.109107
968	0.108269
969	0.107701
970	0.108331
971	0.108761
972	0.107237
973	0.105884
974	0.105161
975	0.104822
976	0.104762
977	0.104114
978	0.103747
979	0.102834
980	0.101327
981	0.0998963
982	0.0982369
983	0.0970997
984	0.096703
985	0.0969114
986	0.0961106
987	0.09478
988	0.094052
989	0.0935248
990	0.0938687
991	0.0944386
992	0.0952495
993	0.095262
994	0.095139
995	0.0959198
996	0.0967432
997	0.0963792
998	0.0958896
999	0.0951993
1000	0.0946545
1001	0.093457
1002	0.0924554
1003	0.0930779
1004	0.0950035
1005	0.0980461
1006	0.101222
1007	0.104937
1008	0.109054
1009	0.11341
1010	0.117301
1011	0.119166
1012	0.119412
1013	0.119026
1014	0.118672
1015	0.118278
1016	0.117291
1017	0.116563
1018	0.11573
1019	0.115443
1020	0.11592
1021	0.116684
1022	0.116852
1023	0.116116
