0	-0.000158661
1	-0.000477487
2	-0.000585436
3	-0.000397153
4	-0.000241505
5	-9.58994e-05
6	2.71123e-05
7	9.74047e-05
8	0.000215396
9	-5.32219e-05
10	-0.000299245
11	-0.000158661
12	-0.000166192
13	-0.000221422
14	-0.000507612
15	-0.000367027
16	-0.000226442
17	-2.81175e-05
18	4.2175e-05
19	-0.000198828
20	-0.000126025
21	0.000135061
22	0.000496565
23	0.000345939
24	0.000220416
25	0.000260584
26	0.000315813
27	0.000227948
28	0.000172718
29	0.00035598
30	0.000273136
31	0.000112467
32	9.74047e-05
33	0.000328366
34	0.000426273
35	0.000421252
36	0.000253052
37	6.72794e-05
38	0.000212885
39	0.000371043
40	5.47272e-05
41	0.000107446
42	0.000195312
43	9.53919e-06
44	-0.000264099
45	-0.000289204
46	-0.000183765
47	-0.000254057
48	-0.000414726
49	-0.000128535
50	0.000373553
51	0.000504097
52	0.000250542
53	0.000376064
54	0.000531711
55	0.000933382
56	0.00182208
57	0.00405888
58	0.0109802
59	0.0295474
60	0.0706007
61	0.144714
62	0.251164
63	0.377492
64	0.509507
65	0.638094
66	0.758106
67	0.866574
68	0.961374
69	1.04174
70	1.10753
71	1.15979
72	1.1993
73	1.22746
74	1.24655
75	1.25996
76	1.27012
77	1.27934
78	1.28823
79	1.2978
80	1.30746
81	1.31544
82	1.32126
83	1.324
84	1.32428
85	1.32327
86	1.32221
87	1.32241
88	1.32388
89	1.32648
90	1.32888
91	1.33032
92	1.32913
93	1.32479
94	1.3172
95	1.30759
96	1.29769
97	1.28928
98	1.28351
99	1.27982
100	1.27783
101	1.27492
102	1.26974
103	1.26095
104	1.24976
105	1.23733
106	1.22538
107	1.21541
108	1.20791
109	1.20281
110	1.19886
111	1.19422
112	1.1877
113	1.17855
114	1.16686
115	1.1539
116	1.1421
117	1.13282
118	1.12633
119	1.12197
120	1.11834
121	1.11333
122	1.10525
123	1.09391
124	1.08009
125	1.06616
126	1.05367
127	1.04387
128	1.03716
129	1.03283
130	1.02879
131	1.02279
132	1.01357
133	1.00093
134	0.98627
135	0.971333
136	0.958401
137	0.949263
138	0.9442
139	0.941275
140	0.938393
141	0.933084
142	0.924219
143	0.911511
144	0.896569
145	0.881331
146	0.868666
147	0.86009
148	0.855584
149	0.853691
150	0.852277
151	0.848713
152	0.840744
153	0.828014
154	0.812178
155	0.795835
156	0.781789
157	0.771687
158	0.766029
159	0.763694
160	0.762148
161	0.759318
162	0.752854
163	0.742528
164	0.72957
165	0.715935
166	0.703707
167	0.694604
168	0.68953
169	0.687382
170	0.686028
171	0.683749
172	0.678838
173	0.670346
174	0.659169
175	0.646122
176	0.633781
177	0.624023
178	0.617172
179	0.613148
180	0.610793
181	0.608508
182	0.604667
183	0.597829
184	0.588498
185	0.578506
186	0.568733
187	0.560579
188	0.554471
189	0.550741
190	0.548725
191	0.546847
192	0.543739
193	0.538901
194	0.531855
195	0.523151
196	0.513835
197	0.50555
198	0.499086
199	0.494948
200	0.49238
201	0.490384
202	0.487957
203	0.483739
204	0.477674
205	0.469555
206	0.460478
207	0.451917
208	0.445063
209	0.440334
210	0.437698
211	0.436164
212	0.43461
213	0.431758
214	0.426536
215	0.419741
216	0.411612
217	0.40335
218	0.396353
219	0.391443
220	0.388754
221	0.387755
222	0.386688
223	0.384592
224	0.380505
225	0.37447
226	0.367001
227	0.35898
228	0.35228
229	0.347478
230	0.344626
231	0.343461
232	0.342763
233	0.341191
234	0.337737
235	0.332249
236	0.325478
237	0.318863
238	0.313863
239	0.310597
240	0.309535
241	0.310047
242	0.310534
243	0.31027
244	0.308116
245	0.304451
246	0.299435
247	0.29401
248	0.289205
249	0.28566
250	0.283958
251	0.283265
252	0.282801
253	0.281661
254	0.2796
255	0.276075
256	0.271388
257	0.266571
258	0.262622
259	0.260343
260	0.259712
261	0.259717
262	0.259921
263	0.259062
264	0.256592
265	0.252377
266	0.247662
267	0.242943
268	0.239112
269	0.237216
270	0.236978
271	0.237455
272	0.2376
273	0.236815
274	0.234518
275	0.230621
276	0.225985
277	0.221468
278	0.217316
279	0.214786
280	0.213641
281	0.213498
282	0.213372
283	0.212782
284	0.211093
285	0.208105
286	0.203978
287	0.19963
288	0.195894
289	0.193017
290	0.191353
291	0.190705
292	0.190394
293	0.189749
294	0.188157
295	0.185438
296	0.181535
297	0.177372
298	0.173787
299	0.170941
300	0.169151
301	0.167993
302	0.167484
303	0.166924
304	0.165694
305	0.163826
306	0.161122
307	0.158009
308	0.154791
309	0.151806
310	0.149391
311	0.14798
312	0.146908
313	0.145937
314	0.144747
315	0.143464
316	0.141385
317	0.139076
318	0.137589
319	0.137489
320	0.13949
321	0.142665
322	0.146303
323	0.149966
324	0.15333
325	0.155923
326	0.157886
327	0.159302
328	0.117285
329	0.115641
330	0.113916
331	0.112415
332	0.111441
333	0.110886
334	0.110356
335	0.109349
336	0.108077
337	0.106287
338	0.104557
339	0.10287
340	0.101384
341	0.100317
342	0.14026
343	0.138599
344	0.136874
345	0.135172
346	0.133656
347	0.131609
348	0.129674
349	0.127897
350	0.126737
351	0.125707
352	0.124638
353	0.123307
354	0.121864
355	0.120252
356	0.118713
357	0.116999
358	0.115143
359	0.113193
360	0.111533
361	0.109741
362	0.108212
363	0.106259
364	0.104547
365	0.102518
366	0.100538
367	0.0988055
368	0.0973294
369	0.095921
370	0.0946056
371	0.0931646
372	0.0919621
373	0.0907822
374	0.0891127
375	0.0874684
376	0.0860776
377	0.084747
378	0.0838232
379	0.0828592
380	0.0819203
381	0.0811019
382	0.0799847
383	0.0782902
384	0.0766433
385	0.0747781
386	0.0730157
387	0.0715195
388	0.0703798
389	0.0696417
390	0.0694133
391	0.0695589
392	0.0695965
393	0.0692476
394	0.0685647
395	0.067907
396	0.0673321
397	0.0668802
398	0.0667246
399	0.0668752
400	0.0671087
401	0.0672467
402	0.0672744
403	0.0665488
404	0.0653037
405	0.0633957
406	0.0617464
407	0.0603204
408	0.0592861
409	0.0585707
410	0.0582694
411	0.057928
412	0.0573857
413	0.0567079
414	0.0555983
415	0.054205
416	0.0525581
417	0.050954
418	0.0496536
419	0.0487322
420	0.0482628
421	0.0478988
422	0.0475373
423	0.0470201
424	0.046159
425	0.044821
426	0.0429381
427	0.0411381
428	0.0401189
429	0.0392628
430	0.0389867
431	0.0389063
432	0.0392402
433	0.0394913
434	0.0389566
435	0.0379298
436	0.0364913
437	0.0349574
438	0.0335064
439	0.0325047
440	0.0320302
441	0.0317139
442	0.0315307
443	0.0313198
444	0.0307625
445	0.0295198
446	0.0282495
447	0.0269115
448	0.0255784
449	0.0245692
450	0.0241249
451	0.0240822
452	0.0239868
453	0.0239667
454	0.0236956
455	0.023068
456	0.0220537
457	0.0205199
458	0.0192596
459	0.0182881
460	0.017904
461	0.0177458
462	0.018022
463	0.0182103
464	0.0180646
465	0.017176
466	0.0161868
467	0.0150345
468	0.0139902
469	0.0131643
470	0.0125015
471	0.0124036
472	0.0125266
473	0.0127877
474	0.012632
475	0.0123408
476	0.0116705
477	0.0108145
478	0.00983039
479	0.00893166
480	0.00848731
481	0.00842706
482	0.00866555
483	0.00882873
484	0.0088714
485	0.00892412
486	0.00853249
487	0.00773668
488	0.00744547
489	0.00719694
490	0.00712665
491	0.00693334
492	0.00699108
493	0.00679527
494	0.00631577
495	0.00568063
496	0.00503545
497	0.00445804
498	0.00380784
499	0.00291412
500	0.00230408
501	0.00217103
502	0.00213588
503	0.00211329
504	0.00170911
505	0.00121455
506	0.000722505
507	-9.08785e-05
508	-0.000751125
509	-0.00114526
510	-0.00140635
511	-0.00163731
512	-0.00166493
513	-0.00162978
514	-0.00193605
515	-0.00244065
516	-0.00294776
517	-0.00352768
518	-0.00374608
519	-0.00394692
520	-0.00391679
521	-0.0041352
522	-0.00421805
523	-0.00436114
524	-0.00489587
525	-0.00526992
526	-0.00556365
527	-0.00590004
528	-0.00614858
529	-0.00623142
530	-0.00633435
531	-0.00631929
532	-0.0062741
533	-0.00648247
534	-0.00689418
535	-0.00735861
536	-0.00820463
537	-0.00892764
538	-0.00903057
539	-0.00935693
540	-0.00947492
541	-0.00945734
542	-0.00964814
543	-0.00995943
544	-0.0103912
545	-0.0108783
546	-0.0114607
547	-0.0119402
548	-0.0122314
549	-0.0121536
550	-0.0122013
551	-0.0123644
552	-0.0124774
553	-0.0130046
554	-0.0138054
555	-0.0147243
556	-0.015505
557	-0.0157887
558	-0.0158339
559	-0.0156807
560	-0.0156908
561	-0.0153694
562	-0.015259
563	-0.0155627
564	-0.0162556
565	-0.0168079
566	-0.0172121
567	-0.0175385
568	-0.017915
569	-0.0178046
570	-0.0172146
571	-0.016715
572	-0.0164364
573	-0.0163435
574	-0.0165393
575	-0.0170037
576	-0.0173552
577	-0.0172598
578	-0.0170113
579	-0.0163962
580	-0.0157812
581	-0.015028
582	-0.0141845
583	-0.0137402
584	-0.0137577
585	-0.0139761
586	-0.0142272
587	-0.0139636
588	-0.0136272
589	-0.0129669
590	-0.0124623
591	-0.0117193
592	-0.0113326
593	-0.0112849
594	-0.0113929
595	-0.0114958
596	-0.0115837
597	-0.011664
598	-0.0118172
599	-0.0119352
600	-0.0116063
601	-0.0112975
602	-0.0112121
603	-0.0112624
604	-0.0113753
605	-0.0116264
606	-0.0118799
607	-0.012254
608	-0.0125251
609	-0.0126833
610	-0.0127109
611	-0.0126556
612	-0.0126331
613	-0.0127611
614	-0.0125979
615	-0.0121862
616	-0.0122941
617	-0.0122138
618	-0.0120406
619	-0.0120682
620	-0.0123243
621	-0.0127435
622	-0.0129092
623	-0.0131402
624	-0.0133008
625	-0.013941
626	-0.0145284
627	-0.0148824
628	-0.0149979
629	-0.0151033
630	-0.0153192
631	-0.0153594
632	-0.0155954
633	-0.0158565
634	-0.0162381
635	-0.0163761
636	-0.016469
637	-0.0167075
638	-0.0171694
639	-0.0176037
640	-0.0176816
641	-0.0175159
642	-0.0173175
643	-0.0171895
644	-0.0169159
645	-0.016833
646	-0.0168255
647	-0.0166372
648	-0.0160924
649	-0.0146866
650	-0.0124749
651	-0.00924898
652	-0.00554105
653	-0.00157204
654	0.00232668
655	0.00581619
656	0.0091099
657	0.0118413
658	0.0140429
659	0.0157601
660	-0.0241535
661	-0.0243141
662	-0.0244723
663	-0.02453
664	-0.0244095
665	-0.0240731
666	-0.0239225
667	-0.0241158
668	-0.0243945
669	-0.024628
670	-0.0249192
671	-0.0254162
672	-0.0257401
673	-0.0259535
674	-0.0262146
675	-0.0263576
676	-0.026566
677	-0.0265911
678	-0.0266639
679	-0.0267116
680	-0.0268171
681	-0.0267995
682	-0.0270304
683	-0.0274622
684	-0.0278539
685	-0.0281501
686	-0.0285116
687	-0.0288882
688	0.0118563
689	0.0114019
690	0.0110831
691	0.0105157
692	0.0101316
693	0.00986805
694	0.0102697
695	0.0102948
696	-0.030771
697	-0.0310798
698	-0.0310597
699	0.00999357
700	0.0094237
701	0.00880362
702	0.00849986
703	0.00784965
704	0.0071643
705	0.0065392
706	0.00596933
707	0.0054572
708	0.00508315
709	0.00469152
710	0.00442792
711	0.00408148
712	0.00377269
713	0.00315764
714	0.00241203
715	0.00189237
716	0.00126727
717	0.000913299
718	0.000669786
719	0.000679828
720	0.000717484
721	0.000704932
722	0.000966018
723	0.00108401
724	0.00110158
725	0.000858069
726	0.000649702
727	0.000431294
728	0.000263094
729	0.000167697
730	-0.000274141
731	-0.000721
732	-0.00103732
733	-0.00143397
734	-0.00192099
735	-0.00239798
736	-0.00264149
737	-0.00266659
738	-0.00268166
739	-0.00229003
740	-0.00222476
741	-0.00207915
742	-0.00218961
743	-0.00244316
744	-0.00272433
745	-0.00283981
746	-0.00321638
747	-0.00364065
748	-0.00392684
749	-0.00455445
750	-0.00483562
751	-0.00479043
752	-0.005049
753	-0.00553101
754	-0.00559879
755	-0.00577703
756	-0.00601553
757	-0.0064674
758	-0.00676113
759	-0.00672598
760	-0.00669586
761	-0.00681385
762	-0.00696196
763	-0.00694188
764	-0.00726071
765	-0.00795359
766	-0.00856614
767	-0.00899291
768	-0.00922889
769	-0.00973349
770	-0.0098565
771	-0.00969584
772	-0.00936948
773	-0.00912847
774	-0.00912596
775	-0.00911843
776	-0.00906571
777	-0.00916111
778	-0.00970337
779	-0.0100624
780	-0.00992931
781	-0.00980881
782	-0.00974604
783	-0.00960295
784	-0.00952513
785	-0.00995441
786	-0.0102883
787	-0.0107854
788	-0.011413
789	-0.0117243
790	-0.0118724
791	-0.0119326
792	-0.012259
793	-0.0125728
794	-0.0127586
795	-0.0134088
796	-0.014172
797	-0.0148372
798	-0.0153694
799	-0.0157887
800	-0.0160548
801	-0.0162481
802	-0.0165519
803	-0.0168983
804	-0.0169887
805	-0.016695
806	-0.0161728
807	-0.015618
808	-0.0146489
809	-0.0142749
810	-0.014433
811	-0.014428
812	-0.0145812
813	-0.0150506
814	-0.0152841
815	-0.0153268
816	-0.0154146
817	-0.0154272
818	-0.0151485
819	-0.0151008
820	-0.0150556
821	-0.0148699
822	-0.0146715
823	-0.014792
824	-0.0147443
825	-0.0147945
826	-0.0148473
827	-0.0149326
828	-0.0148648
829	-0.0147268
830	-0.0148573
831	-0.0151786
832	-0.0154924
833	-0.0159644
834	-0.0162381
835	-0.0165644
836	-0.0165117
837	-0.0163937
838	-0.0162807
839	-0.0155502
840	-0.0143954
841	-0.0131854
842	-0.0121184
843	-0.0108682
844	-0.00980881
845	-0.00863392
846	-0.00749418
847	-0.00643477
848	-0.00545319
849	-0.00484064
850	-0.00432098
851	-0.0040624
852	-0.00395194
853	-0.00377621
854	-0.00330676
855	-0.00297287
856	-0.00258626
857	-0.00215195
858	-0.00173773
859	-0.00155949
860	-0.00140635
861	-0.00158961
862	-0.00205153
863	-0.00216953
864	-0.00224484
865	-0.00212183
866	-0.00186576
867	-0.00179296
868	-0.00208668
869	-0.00234777
870	-0.00255362
871	-0.0025963
872	-0.00267915
873	-0.00299546
874	-0.00332433
875	-0.0037009
876	-0.00438876
877	-0.00493603
878	-0.00515946
879	-0.00522976
880	-0.00534022
881	-0.00550591
882	-0.00505151
883	-0.00451428
884	-0.00397704
885	-0.00373353
886	-0.00388165
887	-0.00421805
888	-0.0044465
889	-0.00463729
890	-0.00467244
891	-0.00512934
892	-0.0052875
893	-0.00503143
894	-0.00515695
895	-0.00549084
896	-0.00588498
897	-0.00590507
898	-0.00537285
899	-0.0044942
900	-0.00313103
901	-0.00155949
902	-0.000138577
903	0.00103631
904	0.00226894
905	0.00316266
906	0.00373253
907	0.00405637
908	0.00426223
909	0.00441788
910	0.00434256
911	0.00437269
912	0.0043501
913	0.0043752
914	0.00453336
915	0.0044229
916	0.00456348
917	0.00462624
918	0.00454089
919	0.00395847
920	0.00323044
921	0.00244718
922	0.00215095
923	0.00184969
924	0.00164384
925	0.00127731
926	0.000895726
927	0.000624598
928	0.000401168
929	0.000248031
930	1.70705e-05
931	0.000250542
932	0.000285688
933	0.000529201
934	0.000762672
935	0.000953466
936	0.000569368
937	0.000147614
938	-0.000429788
939	-0.000974555
940	-0.00128083
941	-0.00133606
942	-0.00149673
943	-0.00156451
944	-0.0012507
945	-0.000984596
946	-0.000959492
947	-0.00134108
948	-0.00150175
949	-0.00149924
950	-0.00201639
951	-0.00250844
952	-0.0026917
953	-0.00251346
954	-0.00232015
955	-0.00217455
956	-0.00219714
957	-0.00206158
958	-0.00252099
959	-0.00297538
960	-0.00323144
961	-0.00308835
962	-0.00301052
963	-0.00317119
964	-0.00330174
965	-0.00365069
966	-0.00397704
967	-0.00458959
968	-0.0052398
969	-0.00561888
970	-0.00596783
971	-0.00600297
972	-0.00601553
973	-0.00614105
974	-0.00574942
975	-0.00571929
976	-0.00588749
977	-0.00612598
978	-0.00615862
979	-0.00630925
980	-0.00647494
981	-0.00667075
982	-0.00694188
983	-0.00726824
984	-0.00754187
985	-0.00800129
986	-0.0085335
987	-0.00872178
988	-0.00861132
989	-0.00901802
990	-0.00955274
991	-0.00976362
992	-0.0103234
993	-0.0109385
994	-0.0114381
995	-0.011669
996	-0.0118799
997	-0.0120531
998	-0.0122515
999	-0.0125226
1000	-0.0127686
1001	-0.0123996
1002	-0.0112423
1003	-0.0097837
1004	-0.00796865
1005	-0.00575695
1006	-0.0033896
1007	-0.000904262
1008	0.00137522
1009	0.00323044
1010	0.00497269
1011	0.00615259
1012	0.00712665
1013	0.00794254
1014	0.00984797
1015	0.0132471
1016	0.0181274
1017	0.0240721
1018	0.0305039
1019	0.0367574
1020	0.0428051
1021	0.00270827
1022	0.00309236
1023	0.00316015
