0	-0.000378725
1	-0.000383746
2	-0.00052182
3	-0.000479143
4	-0.000486674
5	-0.000233119
6	-0.000230609
7	-0.000376214
8	-0.00029588
9	-0.000361152
10	-0.000398808
11	-0.000366173
12	-0.000418892
13	-0.000436465
14	-0.000356131
15	-0.000310943
16	-0.000346089
17	-0.000386256
18	-0.000499226
19	-0.00046408
20	-0.000162827
21	0.000138427
22	0.000291564
23	0.000284032
24	0.000407044
25	0.00027399
26	0.000294074
27	0.000376919
28	0.000306626
29	0.000243865
30	0.000163531
31	0.00021374
32	0.00016102
33	0.000125874
34	7.06445e-05
35	0.000120853
36	4.30297e-05
37	2.54565e-05
38	7.06445e-05
39	0.000125874
40	0.000176083
41	0.000145958
42	5.0561e-05
43	1.54148e-05
44	0.000223782
45	0.000374408
46	0.000622942
47	0.000745954
48	0.000879007
49	0.000921685
50	0.000984446
51	0.000956831
52	0.000876497
53	0.00100453
54	0.00103968
55	0.00111248
56	0.000969383
57	0.000683193
58	0.000605369
59	0.000886539
60	0.00289991
61	0.0111216
62	0.0362512
63	0.0987436
64	0.221226
65	0.41408
66	0.665341
67	0.942614
68	1.20782
69	1.43173
70	1.59997
71	1.71095
72	1.77308
73	1.79802
74	1.79731
75	1.78055
76	1.75428
77	1.7241
78	1.69378
79	1.66535
80	1.63997
81	1.61764
82	1.59849
83	1.58243
84	1.56876
85	1.55709
86	1.54688
87	1.53811
88	1.52993
89	1.52252
90	1.51529
91	1.50733
92	1.49902
93	1.49021
94	1.48115
95	1.47192
96	1.46276
97	1.45406
98	1.44525
99	1.43603
100	1.42638
101	1.41638
102	1.40579
103	1.39503
104	1.38427
105	1.37383
106	1.36355
107	1.35304
108	1.34252
109	1.33235
110	1.3224
111	1.31282
112	1.30321
113	1.29392
114	1.28491
115	1.2765
116	1.26926
117	1.26374
118	1.25928
119	1.25527
120	1.25082
121	1.24481
122	1.23725
123	1.22851
124	1.21885
125	1.20859
126	1.19767
127	1.18671
128	1.17581
129	1.1649
130	1.15392
131	1.14289
132	1.13169
133	1.12092
134	1.10985
135	1.09871
136	1.08758
137	1.07641
138	1.06543
139	1.05444
140	1.04412
141	1.03407
142	1.02418
143	1.01458
144	1.00489
145	0.995557
146	0.98607
147	0.976548
148	0.967159
149	0.958116
150	0.949327
151	0.940905
152	0.932228
153	0.923379
154	0.914161
155	0.90486
156	0.895463
157	0.88641
158	0.87734
159	0.868606
160	0.859998
161	0.851578
162	0.842892
163	0.833977
164	0.82514
165	0.816324
166	0.807562
167	0.798967
168	0.790323
169	0.782046
170	0.774098
171	0.766411
172	0.759174
173	0.752265
174	0.745446
175	0.738284
176	0.730811
177	0.723314
178	0.715597
179	0.70786
180	0.700153
181	0.692657
182	0.685417
183	0.6785
184	0.671918
185	0.664751
186	0.657365
187	0.649909
188	0.642704
189	0.635828
190	0.629318
191	0.623215
192	0.61761
193	0.612707
194	0.607548
195	0.602575
196	0.59776
197	0.592731
198	0.587447
199	0.582225
200	0.576812
201	0.571036
202	0.565337
203	0.559719
204	0.553613
205	0.547598
206	0.541475
207	0.535546
208	0.529508
209	0.523486
210	0.517742
211	0.512643
212	0.508634
213	0.505177
214	0.502044
215	0.498928
216	0.495569
217	0.491688
218	0.487546
219	0.48308
220	0.478697
221	0.474173
222	0.469576
223	0.464814
224	0.459911
225	0.454963
226	0.449754
227	0.44468
228	0.440081
229	0.43566
230	0.430845
231	0.42602
232	0.421421
233	0.416769
234	0.412602
235	0.409906
236	0.409712
237	0.412062
238	0.415976
239	0.420211
240	0.422857
241	0.420005
242	0.4159
243	0.410962
244	0.405796
245	0.401473
246	0.397908
247	0.394677
248	0.391589
249	0.388311
250	0.385195
251	0.382173
252	0.379356
253	0.37726
254	0.375666
255	0.374965
256	0.375108
257	0.375382
258	0.375206
259	0.37442
260	0.372748
261	0.370389
262	0.367564
263	0.364444
264	0.361557
265	0.359674
266	0.359232
267	0.35981
268	0.360465
269	0.360821
270	0.360282
271	0.358682
272	0.356064
273	0.352954
274	0.350092
275	0.346851
276	0.343309
277	0.339862
278	0.336297
279	0.332765
280	0.329325
281	0.326122
282	0.322763
283	0.319374
284	0.31602
285	0.313135
286	0.310206
287	0.307429
288	0.304572
289	0.301695
290	0.298813
291	0.296072
292	0.293449
293	0.291006
294	0.288875
295	0.286916
296	0.284903
297	0.28303
298	0.281115
299	0.279134
300	0.276932
301	0.275012
302	0.27282
303	0.270127
304	0.267445
305	0.264503
306	0.261779
307	0.259261
308	0.256666
309	0.254165
310	0.251913
311	0.250462
312	0.250046
313	0.250179
314	0.250455
315	0.250239
316	0.249689
317	0.2486
318	0.246712
319	0.24459
320	0.242394
321	0.240267
322	0.238116
323	0.2361
324	0.234426
325	0.233203
326	0.232445
327	0.232196
328	0.232179
329	0.231822
330	0.231164
331	0.230454
332	0.229216
333	0.227447
334	0.225541
335	0.22336
336	0.221482
337	0.219596
338	0.217726
339	0.215675
340	0.213827
341	0.211781
342	0.209813
343	0.207827
344	0.206208
345	0.204499
346	0.202729
347	0.200863
348	0.199156
349	0.197733
350	0.196224
351	0.195089
352	0.194181
353	0.193837
354	0.19343
355	0.192792
356	0.192145
357	0.191291
358	0.190217
359	0.188695
360	0.187011
361	0.185349
362	0.183669
363	0.181829
364	0.180004
365	0.178156
366	0.176643
367	0.175229
368	0.173625
369	0.172254
370	0.171009
371	0.169784
372	0.168358
373	0.16694
374	0.165446
375	0.164023
376	0.16267
377	0.161241
378	0.160234
379	0.159326
380	0.158193
381	0.157069
382	0.155796
383	0.154523
384	0.153406
385	0.152432
386	0.151478
387	0.150745
388	0.15019
389	0.149718
390	0.1495
391	0.14961
392	0.150373
393	0.15185
394	0.153557
395	0.15505
396	0.155793
397	0.155927
398	0.155394
399	0.154365
400	0.153145
401	0.151957
402	0.150695
403	0.149013
404	0.147316
405	0.145458
406	0.143771
407	0.142453
408	0.141243
409	0.140347
410	0.139576
411	0.138833
412	0.13818
413	0.137555
414	0.136978
415	0.136287
416	0.135625
417	0.134801
418	0.133681
419	0.132798
420	0.131849
421	0.130674
422	0.129431
423	0.128314
424	0.127345
425	0.126396
426	0.125407
427	0.124187
428	0.122859
429	0.121621
430	0.120514
431	0.119186
432	0.118222
433	0.117218
434	0.116289
435	0.115144
436	0.11415
437	0.113299
438	0.112335
439	0.111359
440	0.110678
441	0.109621
442	0.108615
443	0.107583
444	0.106709
445	0.105934
446	0.105098
447	0.104327
448	0.103536
449	0.102442
450	0.101342
451	0.100378
452	0.0993788
453	0.0985779
454	0.0978549
455	0.097157
456	0.0960298
457	0.095234
458	0.0942349
459	0.0933236
460	0.0927612
461	0.0919152
462	0.0912023
463	0.0903412
464	0.0897964
465	0.089337
466	0.0885613
467	0.0878056
468	0.0870274
469	0.0861964
470	0.0854107
471	0.0845245
472	0.083686
473	0.08285
474	0.0824182
475	0.0819211
476	0.0814241
477	0.0806935
478	0.0799454
479	0.079491
480	0.0789588
481	0.0784542
482	0.0779471
483	0.0772367
484	0.0763329
485	0.075635
486	0.0748618
487	0.0741814
488	0.073599
489	0.0730718
490	0.0724869
491	0.072153
492	0.0714777
493	0.0706417
494	0.0700392
495	0.0694141
496	0.0689447
497	0.0685706
498	0.068076
499	0.067702
500	0.0672953
501	0.0669915
502	0.0665472
503	0.0660325
504	0.0656233
505	0.0651338
506	0.0645313
507	0.0641095
508	0.063487
509	0.0629372
510	0.0623121
511	0.0618602
512	0.0616142
513	0.0615991
514	0.0620158
515	0.0626786
516	0.0634744
517	0.0639916
518	0.0641296
519	0.0638711
520	0.0636778
521	0.0633188
522	0.063148
523	0.0627313
524	0.0622242
525	0.0618753
526	0.0616669
527	0.0615037
528	0.0614485
529	0.0616995
530	0.0621163
531	0.0620761
532	0.062169
533	0.062184
534	0.0617071
535	0.0611548
536	0.0607506
537	0.060246
538	0.0593673
539	0.0586945
540	0.0581673
541	0.0575874
542	0.057
543	0.0563749
544	0.0557924
545	0.0552753
546	0.0547832
547	0.0544167
548	0.0539498
549	0.053513
550	0.0533824
551	0.0530033
552	0.0528025
553	0.0522025
554	0.0516201
555	0.0514418
556	0.0510778
557	0.0507691
558	0.0504954
559	0.0502318
560	0.0499933
561	0.0495766
562	0.0491649
563	0.0489088
564	0.0486553
565	0.048354
566	0.0480603
567	0.0477791
568	0.0472896
569	0.0469682
570	0.0476611
571	0.051467
572	0.0581548
573	0.0666451
574	0.0753162
575	0.0804048
576	0.07984
577	0.0787329
578	0.0758835
579	0.0745178
580	0.0746333
581	0.0754241
582	0.0760844
583	0.0766492
584	0.0768325
585	0.0769731
586	0.0768902
587	0.0766367
588	0.0762852
589	0.0760342
590	0.0762902
591	0.0777312
592	0.0806182
593	0.0841328
594	0.0872157
595	0.0900374
596	0.0923345
597	0.0936725
598	0.094393
599	0.0944633
600	0.0939487
601	0.0931453
602	0.0924273
603	0.0914106
604	0.0906123
605	0.0900148
606	0.0895855
607	0.0889002
608	0.0882926
609	0.0879412
610	0.0876224
611	0.0873111
612	0.0870826
613	0.0869044
614	0.0865429
615	0.0859052
616	0.0855437
617	0.0851119
618	0.0847303
619	0.0843688
620	0.0841856
621	0.0838768
622	0.0833195
623	0.0830408
624	0.0827521
625	0.0825086
626	0.0821496
627	0.0818584
628	0.0820391
629	0.0820944
630	0.0821923
631	0.0820793
632	0.0820818
633	0.0819789
634	0.0818107
635	0.0815722
636	0.0813437
637	0.0809345
638	0.0806157
639	0.0803069
640	0.0800107
641	0.0795463
642	0.0793429
643	0.0793956
644	0.0796743
645	0.0799379
646	0.0807186
647	0.0819036
648	0.0836458
649	0.0851471
650	0.0860182
651	0.0864073
652	0.0866885
653	0.0872182
654	0.0880341
655	0.0891537
656	0.0899696
657	0.0908182
658	0.0913604
659	0.0916366
660	0.091634
661	0.091624
662	0.0912198
663	0.0909186
664	0.0903613
665	0.0898592
666	0.0893571
667	0.0889479
668	0.0883855
669	0.0876952
670	0.0873086
671	0.0869119
672	0.0866056
673	0.086101
674	0.0857094
675	0.0852575
676	0.084419
677	0.0830985
678	0.0823404
679	0.0820391
680	0.0817404
681	0.0812032
682	0.0806232
683	0.0798776
684	0.0795136
685	0.0792023
686	0.0787881
687	0.0784668
688	0.0781153
689	0.0774902
690	0.0768551
691	0.0761848
692	0.0756877
693	0.0753111
694	0.074794
695	0.0744927
696	0.0742492
697	0.0740383
698	0.0739304
699	0.0735814
700	0.0732576
701	0.0730066
702	0.0725471
703	0.0716359
704	0.0711488
705	0.0706869
706	0.0703957
707	0.0700016
708	0.0694894
709	0.0688769
710	0.0682493
711	0.067697
712	0.0670568
713	0.0663915
714	0.0655756
715	0.0649355
716	0.0642677
717	0.0635572
718	0.0629798
719	0.0624225
720	0.0617824
721	0.0612301
722	0.0607958
723	0.060261
724	0.0598167
725	0.0596234
726	0.0592016
727	0.0586443
728	0.0580192
729	0.0575247
730	0.0572184
731	0.0568267
732	0.0565431
733	0.0562418
734	0.0560887
735	0.0558075
736	0.0551799
737	0.0545548
738	0.0541004
739	0.0536059
740	0.053282
741	0.0528377
742	0.0527071
743	0.0522477
744	0.0518536
745	0.0515473
746	0.0511707
747	0.050764
748	0.0505481
749	0.0502293
750	0.0498402
751	0.0492753
752	0.0489716
753	0.0484871
754	0.0480076
755	0.047282
756	0.0467649
757	0.046303
758	0.045959
759	0.0453063
760	0.0448319
761	0.044272
762	0.0438904
763	0.0437298
764	0.0434109
765	0.0431197
766	0.0426904
767	0.0422712
768	0.0418595
769	0.0414578
770	0.0411867
771	0.0412997
772	0.0411089
773	0.0406846
774	0.0403909
775	0.0401624
776	0.0401022
777	0.0397959
778	0.0396453
779	0.0394921
780	0.039329
781	0.039226
782	0.0391156
783	0.0389147
784	0.038606
785	0.0383173
786	0.0382219
787	0.0380411
788	0.0378955
789	0.0376972
790	0.0374888
791	0.037057
792	0.0366127
793	0.0363717
794	0.0361984
795	0.036083
796	0.0361181
797	0.0359198
798	0.035616
799	0.0351516
800	0.0347574
801	0.0341901
802	0.033678
803	0.0332462
804	0.0329424
805	0.0325131
806	0.0321616
807	0.0315817
808	0.0312027
809	0.0308411
810	0.0303767
811	0.0302763
812	0.0299675
813	0.0296462
814	0.0293449
815	0.0291742
816	0.0288705
817	0.0287023
818	0.0286169
819	0.0286244
820	0.0285592
821	0.0283357
822	0.0280847
823	0.0282403
824	0.0286345
825	0.0290838
826	0.0296713
827	0.0300328
828	0.03057
829	0.0307206
830	0.0307106
831	0.030806
832	0.030447
833	0.0300855
834	0.0297315
835	0.0293876
836	0.0291315
837	0.0289131
838	0.0288102
839	0.0284713
840	0.0283533
841	0.0282403
842	0.028406
843	0.0291767
844	0.030924
845	0.0331432
846	0.0356813
847	0.0383147
848	0.0400369
849	0.0409607
850	0.0409909
851	0.0409733
852	0.0408001
853	0.0405792
854	0.0403633
855	0.0401649
856	0.0399566
857	0.0395223
858	0.0392712
859	0.0389599
860	0.038985
861	0.0386788
862	0.03838
863	0.038144
864	0.0380185
865	0.0378202
866	0.037785
867	0.0376595
868	0.0376043
869	0.0378227
870	0.0377775
871	0.037544
872	0.0374286
873	0.037298
874	0.03717
875	0.036924
876	0.0365022
877	0.0361658
878	0.0359976
879	0.0356486
880	0.0352319
881	0.0347851
882	0.0342428
883	0.0338261
884	0.0335072
885	0.033216
886	0.0328997
887	0.0326537
888	0.0326386
889	0.0325483
890	0.0323575
891	0.0320462
892	0.0318679
893	0.0316771
894	0.0314663
895	0.0315014
896	0.0316972
897	0.0319859
898	0.0323374
899	0.0325708
900	0.033334
901	0.0343432
902	0.0358922
903	0.0374511
904	0.0387591
905	0.0397909
906	0.040539
907	0.0411089
908	0.0417892
909	0.0428637
910	0.0444001
911	0.0462528
912	0.0478243
913	0.0488887
914	0.0494661
915	0.0497799
916	0.0500837
917	0.0498276
918	0.0494661
919	0.0491096
920	0.0485498
921	0.0479197
922	0.0473599
923	0.0469858
924	0.0464938
925	0.0461348
926	0.0457431
927	0.0455046
928	0.045098
929	0.0449097
930	0.044631
931	0.0442544
932	0.0439381
933	0.0437273
934	0.0437122
935	0.0436319
936	0.0433557
937	0.0430695
938	0.0429239
939	0.042944
940	0.042949
941	0.0429766
942	0.0431097
943	0.0434285
944	0.0436796
945	0.0439281
946	0.0440913
947	0.0440737
948	0.0439657
949	0.0435992
950	0.043303
951	0.0430319
952	0.0429515
953	0.0425624
954	0.0423791
955	0.0420302
956	0.0416059
957	0.0412193
958	0.0410135
959	0.0406846
960	0.0406394
961	0.0404009
962	0.0403055
963	0.0402101
964	0.0400143
965	0.0397457
966	0.0394193
967	0.0391934
968	0.0388796
969	0.0386863
970	0.0384578
971	0.0382896
972	0.0379583
973	0.0374511
974	0.036929
975	0.0368863
976	0.0367859
977	0.0367457
978	0.0365951
979	0.036575
980	0.0362009
981	0.0358344
982	0.0354076
983	0.0352093
984	0.035016
985	0.0347097
986	0.034411
987	0.034047
988	0.0337708
989	0.0335072
990	0.0332311
991	0.0329775
992	0.0326185
993	0.0323549
994	0.0323148
995	0.0321114
996	0.0322545
997	0.0320964
998	0.0320336
999	0.0320035
1000	0.0320286
1001	0.0317474
1002	0.0313734
1003	0.0311901
1004	0.0311851
1005	0.0314688
1006	0.0321591
1007	0.03356
1008	0.0355056
1009	0.0375666
1010	0.0390177
1011	0.0400695
1012	0.0408076
1013	0.0409331
1014	0.0406168
1015	0.0400846
1016	0.0397934
1017	0.0393365
1018	0.0390603
1019	0.038606
1020	0.0383624
1021	0.0382495
1022	0.0383549
1023	0.0387666
