0	0.00224606
1	0.00240882
2	0.0028971
3	0.00240882
4	0.00240882
5	0.00110674
6	0.00175778
7	0.00110674
8	-0.00100915
9	0.000292937
10	0.00159502
11	0.000943979
12	-0.000195344
13	-3.25839e-05
14	0.000781218
15	-0.000195344
16	-0.000358105
17	0.000943979
18	0.0012695
19	0.0012695
20	0.000292937
21	-0.000520865
22	-0.000520865
23	0.000618458
24	0.0012695
25	-0.000520865
26	0.000292937
27	0.000781218
28	0.0012695
29	-0.00166019
30	-0.00166019
31	-0.000358105
32	-0.000195344
33	-0.00182295
34	-0.00133467
35	-0.00133467
36	-0.00117191
37	-0.00133467
38	-0.00133467
39	-0.00149743
40	-0.000846386
41	-0.00133467
42	-0.00149743
43	-3.25839e-05
44	-0.000846386
45	-0.000195344
46	-0.00149743
47	-0.00117191
48	-0.00182295
49	-0.00166019
50	-0.00133467
51	-0.000846386
52	0.000618458
53	0.00110674
54	0.000455697
55	0.000618458
56	0.000781218
57	0.00110674
58	0.00143226
59	0.000943979
60	0.000781218
61	0.00143226
62	0.000618458
63	0.000455697
64	0.000455697
65	0.000455697
66	0.000455697
67	0.0115234
68	0.0652343
69	0.18584
70	0.348763
71	0.506478
72	0.633268
73	0.731413
74	0.808073
75	0.862923
76	0.899219
77	0.915495
78	0.915006
79	0.900846
80	0.877246
81	0.844694
82	0.807747
83	0.768522
84	0.728158
85	0.687305
86	0.648405
87	0.609993
88	0.57679
89	0.551074
90	0.534473
91	0.522917
92	0.510872
93	0.498828
94	0.486296
95	0.472461
96	0.457812
97	0.442187
98	0.424935
99	0.408822
100	0.391569
101	0.374642
102	0.358366
103	0.343717
104	0.330697
105	0.318327
106	0.304655
107	0.293099
108	0.283008
109	0.274707
110	0.267383
111	0.260384
112	0.253711
113	0.248991
114	0.24362
115	0.237923
116	0.231413
117	0.225228
118	0.220833
119	0.215462
120	0.208301
121	0.202279
122	0.197884
123	0.191536
124	0.184375
125	0.179004
126	0.174772
127	0.169238
128	0.163379
129	0.157031
130	0.152962
131	0.148242
132	0.142057
133	0.138151
134	0.134733
135	0.131641
136	0.127572
137	0.124154
138	0.122526
139	0.119596
140	0.117318
141	0.113086
142	0.110807
143	0.109342
144	0.107552
145	0.103971
146	0.10332
147	0.101693
148	0.0999023
149	0.0984375
150	0.0956705
151	0.0951823
152	0.0933919
153	0.0888346
154	0.0857422
155	0.0842773
156	0.0828125
157	0.07972
158	0.0787435
159	0.0798828
160	0.0784179
161	0.0763021
162	0.0740234
163	0.0738606
164	0.0738606
165	0.0728841
166	0.071582
167	0.0704427
168	0.0686523
169	0.0680013
170	0.0644205
171	0.0621419
172	0.0610026
173	0.0590494
174	0.0561198
175	0.0541666
176	0.0533528
177	0.0517252
178	0.0489583
179	0.04847
180	0.0465169
181	0.044401
182	0.0435872
183	0.0427734
184	0.0416341
185	0.0414713
186	0.0406575
187	0.0388672
188	0.036263
189	0.0351237
190	0.0338216
191	0.0341471
192	0.0347981
193	0.0361002
194	0.0357747
195	0.0365885
196	0.0344726
197	0.0330078
198	0.0325195
199	0.0323567
200	0.0325195
201	0.0320312
202	0.0325195
203	0.0317057
204	0.0300781
205	0.0286132
206	0.028125
207	0.0277994
208	0.0264974
209	0.0269856
210	0.0245442
211	0.0248698
212	0.0251953
213	0.025358
214	0.0238932
215	0.0242187
216	0.0258463
217	0.0258463
218	0.0248698
219	0.0243815
220	0.0238932
221	0.0237304
222	0.0245442
223	0.0238932
224	0.0229166
225	0.0221028
226	0.0194987
227	0.0183593
228	0.0191731
229	0.0194987
230	0.0190104
231	0.0178711
232	0.0155924
233	0.0160807
234	0.0138021
235	0.0134765
236	0.0129882
237	0.0126627
238	0.0121744
239	0.0105468
240	0.0113606
241	0.0110351
242	0.0105468
243	0.00875648
244	0.00891924
245	0.00891924
246	0.0082682
247	0.00696611
248	0.00680335
249	0.00647783
250	0.00680335
251	0.00598955
252	0.00598955
253	0.00550127
254	0.00598955
255	0.00550127
256	0.00436195
257	0.00257158
258	0.00354815
259	0.00354815
260	0.00322262
261	0.00354815
262	0.00354815
263	0.00192054
264	0.00159502
265	0.000781218
266	-0.000358105
267	0.000292937
268	-3.25839e-05
269	-0.000195344
270	-0.000846386
271	-0.00100915
272	-0.000195344
273	-0.00100915
274	-0.00166019
275	-0.00182295
276	-0.00263675
277	-0.00296227
278	-0.00312503
279	-0.00279951
280	-0.00231123
281	-0.00182295
282	0.000130177
283	0.000618458
284	0.0012695
285	0.00143226
286	0.00175778
287	0.0020833
288	0.000618458
289	0.00143226
290	0.00110674
291	-0.000195344
292	0.000292937
293	0.000781218
294	0.00143226
295	0.000455697
296	0.000943979
297	0.000130177
298	-0.00133467
299	-0.00149743
300	-0.000520865
301	-3.25839e-05
302	-0.000195344
303	-0.00133467
304	-3.25839e-05
305	-3.25839e-05
306	-0.00149743
307	-0.00312503
308	-0.00182295
309	-0.00214847
310	-0.00166019
311	-0.00100915
312	-0.000683626
313	-0.00149743
314	-0.00312503
315	-0.00247399
316	-0.00214847
317	-0.00182295
318	-0.00149743
319	-0.000683626
320	-0.000195344
321	0.00110674
322	-0.00100915
323	-0.00117191
324	-0.00263675
325	-0.00100915
326	-0.00182295
327	-0.00182295
328	-0.00231123
329	-0.00231123
330	-0.00393883
331	-0.00361331
332	-0.00247399
333	-0.00166019
334	-0.00263675
335	-0.00231123
336	-0.00133467
337	-0.000358105
338	-0.000358105
339	-3.25839e-05
340	-0.000520865
341	0.000130177
342	0.000130177
343	0.000130177
344	0.000130177
345	-3.25839e-05
346	-0.00149743
347	-0.00182295
348	-0.00117191
349	-0.00117191
350	-0.00100915
351	-0.00100915
352	-0.00182295
353	-0.00166019
354	-0.00361331
355	-0.00345055
356	-0.00279951
357	-0.00198571
358	-0.00117191
359	-0.00149743
360	-0.000520865
361	0.0012695
362	0.000130177
363	0.0012695
364	0.000781218
365	0.000618458
366	0.000781218
367	0.00110674
368	0.00159502
369	0.00322262
370	0.0020833
371	0.00240882
372	0.00192054
373	0.0028971
374	0.0012695
375	0.000130177
376	0.000781218
377	0.000455697
378	-0.00133467
379	-0.00133467
380	-0.00182295
381	-0.00133467
382	-0.00231123
383	-0.00263675
384	-0.00231123
385	-0.00133467
386	-3.25839e-05
387	-3.25839e-05
388	-3.25839e-05
389	0.00110674
390	0.00192054
391	0.00175778
392	0.000618458
393	0.000943979
394	0.0020833
395	0.000781218
396	-0.00182295
397	-0.00117191
398	-0.000195344
399	-0.00166019
400	-0.00198571
401	-0.00231123
402	-0.00312503
403	-0.00328779
404	-0.00393883
405	-0.00328779
406	-0.00426435
407	-0.00361331
408	-0.00312503
409	-0.00442712
410	-0.00458988
411	-0.00393883
412	-0.00475264
413	-0.00605472
414	-0.00426435
415	-0.00361331
416	-0.00442712
417	-0.00458988
418	-0.0049154
419	-0.00377607
420	-0.00426435
421	-0.00589196
422	-0.00556644
423	-0.00377607
424	-0.00458988
425	-0.00540368
426	-0.00540368
427	-0.00507816
428	-0.00361331
429	-0.00475264
430	-0.0081706
431	-0.00833337
432	-0.0057292
433	-0.00751956
434	-0.00979821
435	-0.00882165
436	-0.00638024
437	-0.00768232
438	-0.0104493
439	-0.00930993
440	-0.00719404
441	-0.00784508
442	-0.00914717
443	-0.0102865
444	-0.00882165
445	-0.0081706
446	-0.0081706
447	-0.00979821
448	-0.00996097
449	-0.00865889
450	-0.00833337
451	-0.0104493
452	-0.0104493
453	-0.00833337
454	-0.00963545
455	-0.00996097
456	-0.00898441
457	-0.00751956
458	-0.00914717
459	-0.0109375
460	-0.00979821
461	-0.00865889
462	-0.0104493
463	-0.0127279
464	-0.0122396
465	-0.0101237
466	-0.0109375
467	-0.0117513
468	-0.0117513
469	-0.0115886
470	-0.0102865
471	-0.010612
472	-0.0102865
473	-0.0109375
474	-0.0109375
475	-0.00996097
476	-0.00996097
477	-0.010612
478	-0.0101237
479	-0.0101237
480	-0.0107748
481	-0.0101237
482	-0.00882165
483	-0.00930993
484	-0.0112631
485	-0.0111003
486	-0.0102865
487	-0.0112631
488	-0.0107748
489	-0.00947269
490	-0.0104493
491	-0.0114258
492	-0.0119141
493	-0.0115886
494	-0.0107748
495	-0.0114258
496	-0.0107748
497	-0.0102865
498	-0.0111003
499	-0.0111003
500	-0.0112631
501	-0.0104493
502	-0.0102865
503	-0.0102865
504	-0.0107748
505	-0.0119141
506	-0.0104493
507	-0.0109375
508	-0.0117513
509	-0.0120769
510	-0.0120769
511	-0.0112631
512	-0.0114258
513	-0.0117513
514	-0.0112631
515	-0.0112631
516	-0.0107748
517	-0.0115886
518	-0.0119141
519	-0.010612
520	-0.00996097
521	-0.0114258
522	-0.0109375
523	-0.0119141
524	-0.0109375
525	-0.0120769
526	-0.0119141
527	-0.0114258
528	-0.0122396
529	-0.0133789
530	-0.0128907
531	-0.0114258
532	-0.0111003
533	-0.0114258
534	-0.0117513
535	-0.0111003
536	-0.00979821
537	-0.0102865
538	-0.0109375
539	-0.0122396
540	-0.0124024
541	-0.0112631
542	-0.0115886
543	-0.0112631
544	-0.0122396
545	-0.0104493
546	-0.00947269
547	-0.0102865
548	-0.00996097
549	-0.00703128
550	-0.0073568
551	-0.00914717
552	-0.0104493
553	-0.00800784
554	-0.00703128
555	-0.00833337
556	-0.00963545
557	-0.00930993
558	-0.00996097
559	-0.0104493
560	-0.00947269
561	-0.0101237
562	-0.0104493
563	-0.010612
564	-0.010612
565	-0.0102865
566	-0.0101237
567	-0.00963545
568	-0.0114258
569	-0.0112631
570	-0.0109375
571	-0.00996097
572	-0.0102865
573	-0.0107748
574	-0.0115886
575	-0.0109375
576	-0.0102865
577	-0.0107748
578	-0.0115886
579	-0.0114258
580	-0.0112631
581	-0.0111003
582	-0.0117513
583	-0.0120769
584	-0.0127279
585	-0.0119141
586	-0.0101237
587	-0.010612
588	-0.0119141
589	-0.0120769
590	-0.0112631
591	-0.010612
592	-0.0120769
593	-0.0125651
594	-0.0107748
595	-0.010612
596	-0.0133789
597	-0.0128907
598	-0.0102865
599	-0.0112631
600	-0.0128907
601	-0.0124024
602	-0.0107748
603	-0.0120769
604	-0.0124024
605	-0.0122396
606	-0.0119141
607	-0.0125651
608	-0.0115886
609	-0.0127279
610	-0.0125651
611	-0.0122396
612	-0.0128907
613	-0.0138672
614	-0.0127279
615	-0.0119141
616	-0.0102865
617	-0.0120769
618	-0.0117513
619	-0.0111003
620	-0.00996097
621	-0.0111003
622	-0.010612
623	-0.0109375
624	-0.00930993
625	-0.00979821
626	-0.0114258
627	-0.0111003
628	-0.0104493
629	-0.0104493
630	-0.0111003
631	-0.0117513
632	-0.010612
633	-0.0101237
634	-0.0119141
635	-0.0107748
636	-0.00930993
637	-0.00833337
638	-0.00947269
639	-0.00979821
640	-0.00898441
641	-0.00882165
642	-0.00947269
643	-0.0101237
644	-0.0104493
645	-0.00963545
646	-0.00930993
647	-0.00963545
648	-0.0101237
649	-0.00914717
650	-0.00947269
651	-0.0112631
652	-0.0111003
653	-0.010612
654	-0.0114258
655	-0.0122396
656	-0.0115886
657	-0.00979821
658	-0.0104493
659	-0.010612
660	-0.0102865
661	-0.0102865
662	-0.00996097
663	-0.00930993
664	-0.00947269
665	-0.00784508
666	-0.006543
667	-0.00556644
668	-0.00621748
669	-0.00589196
670	-0.00426435
671	-0.00393883
672	-0.00328779
673	-0.00296227
674	-0.00312503
675	-0.00296227
676	-0.00328779
677	-0.00328779
678	-0.00410159
679	-0.00475264
680	-0.00524092
681	-0.00556644
682	-0.0057292
683	-0.00605472
684	-0.00638024
685	-0.00670576
686	-0.00719404
687	-0.00768232
688	-0.00751956
689	-0.00751956
690	-0.00751956
691	-0.0073568
692	-0.00540368
693	-0.00670576
694	-0.0073568
695	-0.00751956
696	-0.00768232
697	-0.00768232
698	-0.00686852
699	-0.00621748
700	-0.0073568
701	-0.0081706
702	-0.00833337
703	-0.0073568
704	-0.00751956
705	-0.0081706
706	-0.00849613
707	-0.00800784
708	-0.00882165
709	-0.0081706
710	-0.00800784
711	-0.00865889
712	-0.00930993
713	-0.00930993
714	-0.00882165
715	-0.010612
716	-0.0114258
717	-0.0102865
718	-0.00979821
719	-0.0112631
720	-0.0104493
721	-0.00930993
722	-0.00898441
723	-0.0117513
724	-0.0101237
725	-0.00930993
726	-0.0101237
727	-0.0102865
728	-0.00996097
729	-0.0102865
730	-0.0102865
731	-0.0117513
732	-0.0115886
733	-0.0111003
734	-0.00979821
735	-0.00947269
736	-0.0109375
737	-0.0101237
738	-0.00996097
739	-0.010612
740	-0.0104493
741	-0.010612
742	-0.00882165
743	-0.00849613
744	-0.00947269
745	-0.010612
746	-0.0102865
747	-0.00833337
748	-0.00833337
749	-0.0101237
750	-0.00996097
751	-0.00930993
752	-0.00865889
753	-0.00996097
754	-0.00914717
755	-0.00947269
756	-0.00930993
757	-0.0117513
758	-0.0101237
759	-0.00849613
760	-0.00833337
761	-0.00882165
762	-0.00979821
763	-0.00963545
764	-0.00914717
765	-0.00914717
766	-0.0101237
767	-0.0104493
768	-0.00979821
769	-0.0107748
770	-0.0101237
771	-0.0104493
772	-0.00996097
773	-0.0101237
774	-0.0111003
775	-0.0104493
776	-0.0107748
777	-0.00979821
778	-0.00996097
779	-0.00996097
780	-0.0101237
781	-0.00963545
782	-0.0101237
783	-0.0101237
784	-0.00914717
785	-0.00882165
786	-0.00914717
787	-0.0102865
788	-0.0107748
789	-0.00930993
790	-0.0101237
791	-0.00979821
792	-0.00963545
793	-0.00930993
794	-0.00979821
795	-0.010612
796	-0.010612
797	-0.010612
798	-0.0107748
799	-0.010612
800	-0.0112631
801	-0.0109375
802	-0.0112631
803	-0.0109375
804	-0.0102865
805	-0.0107748
806	-0.0112631
807	-0.0117513
808	-0.0112631
809	-0.0115886
810	-0.0115886
811	-0.0109375
812	-0.0109375
813	-0.0112631
814	-0.0122396
815	-0.0124024
816	-0.0114258
817	-0.0102865
818	-0.00963545
819	-0.00996097
820	-0.0102865
821	-0.00996097
822	-0.0102865
823	-0.00930993
824	-0.00703128
825	-0.00540368
826	-0.00540368
827	-0.00393883
828	-0.00345055
829	-0.00296227
830	-0.00393883
831	-0.00345055
832	-0.00296227
833	-0.00263675
834	-0.00361331
835	-0.00458988
836	-0.00377607
837	-0.00296227
838	-0.00296227
839	-0.00328779
840	-0.00475264
841	-0.00589196
842	-0.00589196
843	-0.0073568
844	-0.00849613
845	-0.00719404
846	-0.00686852
847	-0.00751956
848	-0.00849613
849	-0.00865889
850	-0.00849613
851	-0.00914717
852	-0.00882165
853	-0.00800784
854	-0.00833337
855	-0.00882165
856	-0.00898441
857	-0.00865889
858	-0.00833337
859	-0.00686852
860	-0.00686852
861	-0.00703128
862	-0.0081706
863	-0.00703128
864	-0.006543
865	-0.00605472
866	-0.00556644
867	-0.00605472
868	-0.00556644
869	-0.00703128
870	-0.00686852
871	-0.0081706
872	-0.00800784
873	-0.00898441
874	-0.00930993
875	-0.00947269
876	-0.00800784
877	-0.0081706
878	-0.00865889
879	-0.00865889
880	-0.00914717
881	-0.00882165
882	-0.00898441
883	-0.00833337
884	-0.00800784
885	-0.00800784
886	-0.00914717
887	-0.00930993
888	-0.00963545
889	-0.00996097
890	-0.0102865
891	-0.00914717
892	-0.0101237
893	-0.00930993
894	-0.00947269
895	-0.00930993
896	-0.00882165
897	-0.00996097
898	-0.0101237
899	-0.00947269
900	-0.0104493
901	-0.00979821
902	-0.010612
903	-0.00947269
904	-0.00882165
905	-0.00979821
906	-0.0102865
907	-0.0111003
908	-0.010612
909	-0.0101237
910	-0.0102865
911	-0.010612
912	-0.0107748
913	-0.0112631
914	-0.00979821
915	-0.0102865
916	-0.00947269
917	-0.00947269
918	-0.00882165
919	-0.00898441
920	-0.00833337
921	-0.00784508
922	-0.00833337
923	-0.00914717
924	-0.00833337
925	-0.00882165
926	-0.00800784
927	-0.00849613
928	-0.00898441
929	-0.00882165
930	-0.00882165
931	-0.00947269
932	-0.00963545
933	-0.0101237
934	-0.00979821
935	-0.00784508
936	-0.00768232
937	-0.00865889
938	-0.00882165
939	-0.00800784
940	-0.00930993
941	-0.0081706
942	-0.00800784
943	-0.00784508
944	-0.00784508
945	-0.00930993
946	-0.00865889
947	-0.00833337
948	-0.00914717
949	-0.00882165
950	-0.00914717
951	-0.00751956
952	-0.0073568
953	-0.00703128
954	-0.00703128
955	-0.006543
956	-0.0057292
957	-0.00524092
958	-0.006543
959	-0.00605472
960	-0.00540368
961	-0.00556644
962	-0.0073568
963	-0.00784508
964	-0.00605472
965	-0.00589196
966	-0.006543
967	-0.006543
968	-0.00751956
969	-0.0073568
970	-0.00621748
971	-0.00800784
972	-0.00703128
973	-0.00833337
974	-0.00768232
975	-0.00800784
976	-0.00524092
977	-0.00524092
978	-0.00475264
979	-0.00556644
980	-0.00410159
981	-0.0049154
982	-0.00475264
983	-0.00475264
984	-0.0057292
985	-0.00475264
986	-0.00605472
987	-0.00638024
988	-0.006543
989	-0.00605472
990	-0.006543
991	-0.00524092
992	-0.00605472
993	-0.00556644
994	-0.00410159
995	-0.00475264
996	-0.0049154
997	-0.00410159
998	-0.00328779
999	-0.00247399
1000	-0.00247399
1001	-0.00214847
1002	-0.00198571
1003	-0.00263675
1004	-0.00263675
1005	-0.00279951
1006	-0.00279951
1007	-0.00100915
1008	-0.00263675
1009	-0.00312503
1010	-0.00393883
1011	-0.00393883
1012	-0.00361331
1013	-0.00328779
1014	-0.00442712
1015	-0.00524092
1016	-0.00410159
1017	-0.00524092
1018	-0.0057292
1019	-0.00556644
1020	-0.00475264
1021	-0.00540368
1022	-0.00605472
1023	-0.00621748
