0	0.000375111
1	0.000415279
2	0.000495613
3	0.000483061
4	0.000287246
5	0.000144151
6	0.00013913
7	7.13478e-05
8	-8.17892e-05
9	-1.45503e-06
10	0.000211933
11	0.000372601
12	0.000302309
13	0.000314861
14	0.000505655
15	0.000523228
16	0.000575947
17	0.000319882
18	8.89209e-05
19	-1.14968e-05
20	3.56586e-06
21	-0.000129488
22	-5.66848e-05
23	3.62016e-05
24	-8.42997e-05
25	-4.41326e-05
26	0.000224485
27	3.36912e-05
28	-0.000124467
29	-0.000280114
30	-0.000403126
31	-0.000445804
32	-0.000418189
33	-0.000533669
34	-0.000516096
35	-0.000395595
36	-0.000232416
37	-0.000252499
38	-0.000400616
39	-0.000302708
40	-0.000234926
41	-0.000224884
42	-0.000280114
43	-0.000332834
44	-0.000214843
45	-5.91952e-05
46	-1.40072e-05
47	1.61181e-05
48	5.12643e-05
49	8.39e-05
50	0.000131598
51	0.000206912
52	0.000322392
53	0.000467998
54	0.000277204
55	0.000500634
56	0.000646239
57	0.000824481
58	0.00101025
59	0.00201945
60	0.00587047
61	0.0168863
62	0.045538
63	0.114284
64	0.255132
65	0.490645
66	0.812032
67	1.18006
68	1.54684
69	1.86586
70	2.10217
71	2.24537
72	2.3103
73	2.32244
74	2.3047
75	2.27258
76	2.23504
77	2.1973
78	2.16309
79	2.13353
80	2.10886
81	2.08877
82	2.07226
83	2.05884
84	2.04699
85	2.03566
86	2.02406
87	2.01205
88	1.99901
89	1.98495
90	1.96973
91	1.95452
92	1.93856
93	1.92274
94	1.9091
95	1.89608
96	1.88263
97	1.86812
98	1.8531
99	1.83848
100	1.82407
101	1.81009
102	1.7959
103	1.78123
104	1.76678
105	1.75273
106	1.73897
107	1.72482
108	1.71046
109	1.69555
110	1.68068
111	1.66648
112	1.65427
113	1.64547
114	1.64001
115	1.63671
116	1.63193
117	1.61947
118	1.60684
119	1.59444
120	1.58214
121	1.56955
122	1.55651
123	1.54342
124	1.53051
125	1.51794
126	1.50478
127	1.49094
128	1.47654
129	1.46179
130	1.44678
131	1.43221
132	1.41861
133	1.4054
134	1.39213
135	1.37856
136	1.36488
137	1.35109
138	1.33777
139	1.32483
140	1.31181
141	1.29921
142	1.28693
143	1.27494
144	1.26332
145	1.252
146	1.24078
147	1.22949
148	1.2178
149	1.20601
150	1.19406
151	1.1814
152	1.16855
153	1.15538
154	1.1426
155	1.13003
156	1.11803
157	1.10645
158	1.09561
159	1.085
160	1.07474
161	1.06456
162	1.05444
163	1.0437
164	1.03281
165	1.02164
166	1.01048
167	0.999913
168	0.990366
169	0.981499
170	0.973624
171	0.965942
172	0.95829
173	0.950387
174	0.942191
175	0.93366
176	0.925217
177	0.916551
178	0.907915
179	0.899393
180	0.890716
181	0.882261
182	0.873633
183	0.8651
184	0.856941
185	0.848769
186	0.840836
187	0.832718
188	0.824556
189	0.816402
190	0.80799
191	0.799472
192	0.790748
193	0.78209
194	0.77376
195	0.766208
196	0.758908
197	0.751658
198	0.744325
199	0.736673
200	0.729571
201	0.722572
202	0.715415
203	0.707798
204	0.700555
205	0.693564
206	0.686806
207	0.680304
208	0.673513
209	0.666767
210	0.660946
211	0.655869
212	0.651511
213	0.647218
214	0.642885
215	0.638254
216	0.633301
217	0.628177
218	0.622483
219	0.616887
220	0.610975
221	0.605061
222	0.598925
223	0.592785
224	0.587196
225	0.581784
226	0.576519
227	0.571343
228	0.566048
229	0.560495
230	0.554807
231	0.549412
232	0.544059
233	0.538868
234	0.534005
235	0.52917
236	0.525786
237	0.52556
238	0.529378
239	0.536224
240	0.539925
241	0.535147
242	0.529953
243	0.524731
244	0.519793
245	0.514858
246	0.510121
247	0.505516
248	0.501204
249	0.497021
250	0.493188
251	0.489974
252	0.489364
253	0.493105
254	0.500551
255	0.508692
256	0.504527
257	0.500307
258	0.496025
259	0.491679
260	0.487185
261	0.482435
262	0.47812
263	0.474096
264	0.470343
265	0.467074
266	0.464383
267	0.462801
268	0.46248
269	0.462678
270	0.462917
271	0.462666
272	0.461197
273	0.458576
274	0.455368
275	0.451718
276	0.448191
277	0.444661
278	0.441121
279	0.437805
280	0.434217
281	0.430786
282	0.427374
283	0.424326
284	0.421474
285	0.418452
286	0.415469
287	0.412467
288	0.409173
289	0.405895
290	0.402526
291	0.398941
292	0.396119
293	0.393147
294	0.390189
295	0.387302
296	0.384443
297	0.381782
298	0.379035
299	0.376108
300	0.373103
301	0.370071
302	0.367043
303	0.364015
304	0.361199
305	0.358405
306	0.355748
307	0.353115
308	0.35064
309	0.348272
310	0.346091
311	0.343756
312	0.341148
313	0.338763
314	0.336413
315	0.334696
316	0.333064
317	0.331997
318	0.330995
319	0.330252
320	0.330431
321	0.330935
322	0.33155
323	0.331829
324	0.331703
325	0.331001
326	0.329939
327	0.328455
328	0.327087
329	0.325523
330	0.32364
331	0.321855
332	0.319651
333	0.317394
334	0.314906
335	0.312124
336	0.309135
337	0.306428
338	0.30434
339	0.302397
340	0.300549
341	0.298262
342	0.296138
343	0.293906
344	0.29171
345	0.289407
346	0.287118
347	0.284843
348	0.282564
349	0.280483
350	0.27858
351	0.277039
352	0.276037
353	0.275407
354	0.274744
355	0.274292
356	0.273376
357	0.27187
358	0.270444
359	0.268576
360	0.266535
361	0.264426
362	0.262219
363	0.25993
364	0.257675
365	0.255823
366	0.254394
367	0.252918
368	0.251206
369	0.249283
370	0.24724
371	0.245156
372	0.243025
373	0.240968
374	0.238943
375	0.237047
376	0.235255
377	0.23354
378	0.231989
379	0.230422
380	0.228979
381	0.227334
382	0.225572
383	0.223897
384	0.222153
385	0.220561
386	0.218764
387	0.217147
388	0.215643
389	0.214175
390	0.213125
391	0.21309
392	0.215613
393	0.220466
394	0.226719
395	0.232134
396	0.236081
397	0.238006
398	0.2372
399	0.235438
400	0.233302
401	0.230369
402	0.227023
403	0.223885
404	0.220787
405	0.217955
406	0.21561
407	0.213527
408	0.211431
409	0.209636
410	0.207981
411	0.206349
412	0.20479
413	0.203257
414	0.201775
415	0.200201
416	0.198592
417	0.197214
418	0.195961
419	0.194864
420	0.193669
421	0.192283
422	0.191011
423	0.189811
424	0.18839
425	0.186901
426	0.185555
427	0.184177
428	0.182812
429	0.181767
430	0.18061
431	0.179746
432	0.178968
433	0.178019
434	0.176935
435	0.175599
436	0.174078
437	0.172581
438	0.17109
439	0.169521
440	0.167814
441	0.166074
442	0.164525
443	0.162901
444	0.161315
445	0.159771
446	0.158315
447	0.156854
448	0.155335
449	0.153879
450	0.152144
451	0.15068
452	0.149162
453	0.147758
454	0.14644
455	0.145147
456	0.144078
457	0.143101
458	0.14211
459	0.141053
460	0.140006
461	0.138906
462	0.137865
463	0.136923
464	0.135939
465	0.134947
466	0.133896
467	0.132706
468	0.131769
469	0.130579
470	0.129708
471	0.128694
472	0.128164
473	0.128019
474	0.127888
475	0.127855
476	0.128099
477	0.127855
478	0.127175
479	0.126028
480	0.124926
481	0.123959
482	0.122794
483	0.121582
484	0.120276
485	0.119081
486	0.11806
487	0.117201
488	0.11629
489	0.115313
490	0.114517
491	0.113651
492	0.112763
493	0.112072
494	0.111143
495	0.110458
496	0.109451
497	0.108442
498	0.107486
499	0.106514
500	0.105367
501	0.104463
502	0.103647
503	0.102741
504	0.101774
505	0.101112
506	0.100065
507	0.0990632
508	0.0982171
509	0.0973535
510	0.0964849
511	0.0958272
512	0.0954707
513	0.0955485
514	0.0963895
515	0.0973661
516	0.0988447
517	0.100349
518	0.101551
519	0.102344
520	0.102548
521	0.102138
522	0.101443
523	0.100434
524	0.0995602
525	0.0991184
526	0.0987268
527	0.0983251
528	0.0978029
529	0.097228
530	0.0963845
531	0.0958297
532	0.0949887
533	0.0942506
534	0.0931335
535	0.0923854
536	0.0916348
537	0.0909067
538	0.0901712
539	0.0893829
540	0.0889109
541	0.0886624
542	0.0881
543	0.0876833
544	0.0870833
545	0.0863402
546	0.0857377
547	0.0852532
548	0.0845478
549	0.0840356
550	0.0833804
551	0.0827854
552	0.0820775
553	0.081234
554	0.0804357
555	0.0795846
556	0.0790549
557	0.0783194
558	0.0774909
559	0.0768583
560	0.0762056
561	0.0754273
562	0.0747093
563	0.0741746
564	0.0735018
565	0.0729395
566	0.0724951
567	0.0720357
568	0.0717997
569	0.0726658
570	0.0754123
571	0.0804507
572	0.0865335
573	0.0927092
574	0.0977602
575	0.101252
576	0.103261
577	0.104031
578	0.103883
579	0.103175
580	0.102349
581	0.101589
582	0.100831
583	0.10002
584	0.0993443
585	0.0988473
586	0.0980514
587	0.0969619
588	0.0959427
589	0.0952397
590	0.0944013
591	0.0936105
592	0.0933117
593	0.0935101
594	0.0945444
595	0.0962339
596	0.0985485
597	0.100549
598	0.102204
599	0.102784
600	0.102826
601	0.102349
602	0.101481
603	0.100667
604	0.0995728
605	0.0985937
606	0.0978657
607	0.0970247
608	0.0963845
609	0.0957669
610	0.0950113
611	0.0943962
612	0.0937511
613	0.0931159
614	0.0924983
615	0.0920239
616	0.0915544
617	0.0909569
618	0.090623
619	0.0902214
620	0.0899151
621	0.0892323
622	0.0885444
623	0.0877662
624	0.0869101
625	0.0861017
626	0.0852482
627	0.0846381
628	0.0840231
629	0.0833729
630	0.0828959
631	0.082208
632	0.0815076
633	0.0807369
634	0.0801168
635	0.0797202
636	0.079198
637	0.0786457
638	0.0781235
639	0.077634
640	0.0772951
641	0.0769286
642	0.0768809
643	0.0769185
644	0.0770792
645	0.0769838
646	0.0769361
647	0.0767403
648	0.076547
649	0.07667
650	0.0771947
651	0.0781989
652	0.0796775
653	0.0813444
654	0.0829938
655	0.0846105
656	0.0858733
657	0.0865812
658	0.0867444
659	0.0863402
660	0.0857076
661	0.0851051
662	0.0840683
663	0.083039
664	0.0822884
665	0.0813947
666	0.0806239
667	0.0798181
668	0.0790424
669	0.0782943
670	0.0776164
671	0.076901
672	0.0761202
673	0.0753796
674	0.0746817
675	0.0741746
676	0.073552
677	0.0728968
678	0.0721738
679	0.0717094
680	0.0711571
681	0.0706951
682	0.0700374
683	0.0692868
684	0.0683981
685	0.0677504
686	0.0669722
687	0.0664851
688	0.0658801
689	0.0656994
690	0.0651446
691	0.0645923
692	0.0641881
693	0.0637713
694	0.06345
695	0.0631086
696	0.0627923
697	0.0623329
698	0.0620768
699	0.061999
700	0.0614291
701	0.0611429
702	0.0605956
703	0.0603647
704	0.0597345
705	0.0592751
706	0.0586927
707	0.0582082
708	0.0575003
709	0.0570258
710	0.0568726
711	0.0565463
712	0.0562024
713	0.0559287
714	0.0555848
715	0.0551103
716	0.0548091
717	0.0541413
718	0.0537471
719	0.0533756
720	0.0528635
721	0.0523614
722	0.0518944
723	0.0515982
724	0.0513497
725	0.0509756
726	0.0503932
727	0.049635
728	0.0490727
729	0.0486836
730	0.0481112
731	0.0476443
732	0.0470769
733	0.0465648
734	0.0461706
735	0.0458568
736	0.0455003
737	0.0451062
738	0.0450535
739	0.0449254
740	0.0449054
741	0.0446719
742	0.0443455
743	0.0442326
744	0.0441673
745	0.0440217
746	0.0435899
747	0.0433414
748	0.0429999
749	0.0427439
750	0.0423045
751	0.0420083
752	0.041825
753	0.0415363
754	0.0413079
755	0.0409991
756	0.0404744
757	0.0401029
758	0.0396535
759	0.0392292
760	0.0387824
761	0.0385339
762	0.0382577
763	0.0379765
764	0.0377958
765	0.0375573
766	0.0372736
767	0.037
768	0.0364904
769	0.0362468
770	0.0360862
771	0.0357749
772	0.0351849
773	0.0347029
774	0.0343916
775	0.0341531
776	0.0340151
777	0.0336987
778	0.0335255
779	0.0334125
780	0.033272
781	0.0332469
782	0.0333046
783	0.0333674
784	0.0333799
785	0.0333121
786	0.0333146
787	0.0333824
788	0.0333121
789	0.0333874
790	0.0333096
791	0.033164
792	0.0329381
793	0.0325439
794	0.0322377
795	0.0319916
796	0.0315548
797	0.0311757
798	0.0308996
799	0.0308193
800	0.0307163
801	0.0304151
802	0.0303799
803	0.030041
804	0.029672
805	0.0295741
806	0.029431
807	0.0292101
808	0.0288335
809	0.0283666
810	0.0281105
811	0.0278569
812	0.0273975
813	0.0270235
814	0.0267297
815	0.0265138
816	0.0262678
817	0.025959
818	0.0258511
819	0.0254896
820	0.0252335
821	0.0249549
822	0.0247465
823	0.0249222
824	0.0251984
825	0.0257883
826	0.0266519
827	0.0274779
828	0.0283163
829	0.0288686
830	0.0292176
831	0.0292527
832	0.0294285
833	0.0293281
834	0.0291122
835	0.0290921
836	0.029308
837	0.0289992
838	0.0287456
839	0.0287958
840	0.0294988
841	0.0312711
842	0.0348837
843	0.0399322
844	0.0454627
845	0.0504007
846	0.0543622
847	0.0568977
848	0.0583237
849	0.0586576
850	0.0585019
851	0.0577965
852	0.0571287
853	0.0560793
854	0.0552183
855	0.054189
856	0.0531471
857	0.0524894
858	0.051799
859	0.05083
860	0.0503279
861	0.0500066
862	0.0499388
863	0.0497455
864	0.0494819
865	0.0491806
866	0.0487539
867	0.0483196
868	0.0478501
869	0.0477396
870	0.0476116
871	0.0473857
872	0.0470267
873	0.046743
874	0.0465472
875	0.0461154
876	0.0455857
877	0.0450761
878	0.0447623
879	0.0442903
880	0.0440895
881	0.0435422
882	0.0432736
883	0.0431305
884	0.043025
885	0.0427916
886	0.0427665
887	0.0427313
888	0.0424752
889	0.0421614
890	0.0419506
891	0.0419882
892	0.0420259
893	0.0417899
894	0.0415087
895	0.0412878
896	0.0410192
897	0.0406903
898	0.0405422
899	0.0405146
900	0.0406979
901	0.0409037
902	0.0415012
903	0.0425204
904	0.0433815
905	0.0443531
906	0.0454752
907	0.0462208
908	0.0469363
909	0.0473982
910	0.0477145
911	0.0478175
912	0.0479581
913	0.0480409
914	0.0482091
915	0.048179
916	0.0479505
917	0.0476317
918	0.0472978
919	0.0471622
920	0.0469539
921	0.0465522
922	0.0463037
923	0.046138
924	0.045548
925	0.0451238
926	0.0448903
927	0.04481
928	0.0449756
929	0.0451162
930	0.0453196
931	0.0455104
932	0.045902
933	0.0461807
934	0.0465497
935	0.0464744
936	0.0463212
937	0.0459522
938	0.0456033
939	0.0451413
940	0.0447146
941	0.0440995
942	0.0435698
943	0.0431656
944	0.0429798
945	0.0428518
946	0.0428091
947	0.0426434
948	0.042533
949	0.0422267
950	0.0417221
951	0.0414585
952	0.0413481
953	0.0412953
954	0.0411799
955	0.0410568
956	0.0409615
957	0.0407255
958	0.0406953
959	0.0405673
960	0.0401631
961	0.0398669
962	0.0398669
963	0.0394954
964	0.0391439
965	0.0388928
966	0.0385339
967	0.0380468
968	0.0374795
969	0.0368719
970	0.0364627
971	0.0360786
972	0.0358351
973	0.0354259
974	0.0351623
975	0.0351422
976	0.0352226
977	0.0352075
978	0.0352075
979	0.0351925
980	0.0351322
981	0.0349941
982	0.0349088
983	0.0344594
984	0.0340226
985	0.0336812
986	0.0331439
987	0.0326142
988	0.0324887
989	0.0321674
990	0.0318812
991	0.0315372
992	0.0313439
993	0.0311205
994	0.0308569
995	0.0306285
996	0.0302896
997	0.0301891
998	0.0302393
999	0.0302193
1000	0.0302243
1001	0.0300862
1002	0.0300561
1003	0.0298653
1004	0.0298477
1005	0.0300837
1006	0.0317657
1007	0.0365707
1008	0.0456911
1009	0.0579923
1010	0.0697412
1011	0.0702433
1012	0.070424
1013	0.0704717
1014	0.070419
1015	0.0704265
1016	0.0705746
1017	0.0709462
1018	0.0713679
1019	0.0723746
1020	0.073414
1021	0.0742449
1022	0.0747671
1023	0.0751863
