0	0.000588799
1	0.000505955
2	0.000468298
3	0.000342776
4	0.000267462
5	0.000229806
6	0.000342776
7	0.000380432
8	0.000136919
9	7.16478e-05
10	0.000172066
11	0.000116836
12	0.000209722
13	3.39912e-05
14	-0.00014174
15	-0.000297387
16	-0.00031245
17	-0.00042542
18	-0.000284835
19	-0.000274793
20	-0.000264752
21	-0.000274793
22	-0.000274793
23	-0.000247178
24	-0.000136719
25	-0.000139229
26	-0.000252199
27	-0.000279814
28	-0.000282325
29	-0.00025722
30	-0.00048316
31	-0.000448014
32	-0.000513285
33	-0.000317471
34	-0.000232116
35	-0.000186928
36	-0.000274793
37	-0.000352617
38	-0.000189438
39	5.65852e-05
40	0.000179597
41	7.66687e-05
42	0.000129388
43	0.00019466
44	0.000287546
45	0.000277504
46	0.000473319
47	0.000345286
48	0.00053608
49	0.000719342
50	0.000767041
51	0.000716832
52	0.000797166
53	0.000972897
54	0.000885032
55	0.000847375
56	0.000814739
57	0.000787124
58	0.00076453
59	0.00099047
60	0.00373438
61	0.0147276
62	0.0473508
63	0.123101
64	0.259759
65	0.459184
66	0.702195
67	0.955202
68	1.18523
69	1.37045
70	1.50306
71	1.58571
72	1.62807
73	1.6405
74	1.6341
75	1.61726
76	1.596
77	1.574
78	1.55343
79	1.53533
80	1.51987
81	1.50715
82	1.49627
83	1.48717
84	1.47913
85	1.47192
86	1.46506
87	1.4582
88	1.45085
89	1.44311
90	1.43479
91	1.42611
92	1.41718
93	1.40794
94	1.39832
95	1.38888
96	1.37976
97	1.37098
98	1.36212
99	1.35327
100	1.34426
101	1.33543
102	1.32661
103	1.31796
104	1.30947
105	1.30096
106	1.29176
107	1.28231
108	1.2731
109	1.26448
110	1.25646
111	1.24823
112	1.23997
113	1.23144
114	1.22246
115	1.2136
116	1.20612
117	1.20063
118	1.19673
119	1.19333
120	1.18939
121	1.18402
122	1.17754
123	1.16954
124	1.1605
125	1.15052
126	1.14017
127	1.12988
128	1.11948
129	1.10925
130	1.09916
131	1.08898
132	1.07893
133	1.06885
134	1.05861
135	1.04805
136	1.03737
137	1.02663
138	1.0159
139	1.00539
140	0.995239
141	0.98536
142	0.975891
143	0.966442
144	0.95706
145	0.947945
146	0.939053
147	0.930354
148	0.921952
149	0.913662
150	0.905606
151	0.897241
152	0.88911
153	0.88075
154	0.872255
155	0.863584
156	0.854639
157	0.846033
158	0.837563
159	0.829063
160	0.820851
161	0.812589
162	0.80435
163	0.796083
164	0.788276
165	0.780405
166	0.772507
167	0.764873
168	0.757372
169	0.750313
170	0.743846
171	0.737394
172	0.731123
173	0.725002
174	0.718734
175	0.711875
176	0.704796
177	0.697772
178	0.690752
179	0.683982
180	0.676907
181	0.669609
182	0.662364
183	0.65542
184	0.648627
185	0.641869
186	0.635209
187	0.628634
188	0.622037
189	0.615811
190	0.609976
191	0.604679
192	0.599744
193	0.594997
194	0.590046
195	0.584922
196	0.579673
197	0.574356
198	0.568762
199	0.563267
200	0.557631
201	0.552424
202	0.547562
203	0.542511
204	0.5375
205	0.532374
206	0.527122
207	0.521677
208	0.515958
209	0.510382
210	0.504922
211	0.499939
212	0.495593
213	0.491755
214	0.488242
215	0.48474
216	0.481484
217	0.478211
218	0.47433
219	0.470004
220	0.46539
221	0.460886
222	0.45638
223	0.451776
224	0.447387
225	0.443122
226	0.43892
227	0.434562
228	0.429955
229	0.425341
230	0.420835
231	0.416115
232	0.411784
233	0.408202
234	0.406673
235	0.407414
236	0.411149
237	0.416426
238	0.421542
239	0.420649
240	0.417036
241	0.413579
242	0.409836
243	0.406211
244	0.402875
245	0.39986
246	0.396832
247	0.393739
248	0.390405
249	0.38734
250	0.383916
251	0.379877
252	0.37646
253	0.374052
254	0.372629
255	0.372149
256	0.371828
257	0.371143
258	0.370332
259	0.368632
260	0.36676
261	0.364224
262	0.361397
263	0.358779
264	0.357393
265	0.35733
266	0.358613
267	0.360398
268	0.361631
269	0.361726
270	0.360431
271	0.358006
272	0.355006
273	0.351732
274	0.348215
275	0.344728
276	0.341012
277	0.337254
278	0.333667
279	0.330411
280	0.32713
281	0.323984
282	0.320675
283	0.317374
284	0.314033
285	0.310962
286	0.307839
287	0.305065
288	0.30262
289	0.300484
290	0.298142
291	0.295912
292	0.293452
293	0.290806
294	0.288266
295	0.285725
296	0.283267
297	0.280983
298	0.278861
299	0.276627
300	0.274933
301	0.273045
302	0.271041
303	0.268908
304	0.266764
305	0.264512
306	0.26225
307	0.259898
308	0.257407
309	0.255208
310	0.253202
311	0.252025
312	0.251525
313	0.251098
314	0.250411
315	0.249765
316	0.248862
317	0.247526
318	0.245729
319	0.243876
320	0.241762
321	0.239774
322	0.237705
323	0.235996
324	0.234524
325	0.233232
326	0.232117
327	0.231183
328	0.230367
329	0.229501
330	0.228632
331	0.22755
332	0.226092
333	0.224721
334	0.222997
335	0.221053
336	0.218947
337	0.216683
338	0.214699
339	0.212877
340	0.211095
341	0.209126
342	0.207321
343	0.205594
344	0.203922
345	0.202313
346	0.200453
347	0.19871
348	0.19743
349	0.195936
350	0.194521
351	0.193077
352	0.191603
353	0.190386
354	0.189198
355	0.188059
356	0.186876
357	0.185631
358	0.184516
359	0.183319
360	0.181946
361	0.180502
362	0.179129
363	0.177879
364	0.17641
365	0.175029
366	0.173558
367	0.17223
368	0.171008
369	0.169542
370	0.168246
371	0.166863
372	0.165487
373	0.164059
374	0.162655
375	0.161312
376	0.160097
377	0.1589
378	0.157871
379	0.156907
380	0.155722
381	0.154798
382	0.153954
383	0.152943
384	0.152019
385	0.151276
386	0.150269
387	0.149338
388	0.148765
389	0.148241
390	0.147485
391	0.146506
392	0.146014
393	0.145979
394	0.146762
395	0.148308
396	0.149571
397	0.150666
398	0.15123
399	0.151336
400	0.15107
401	0.150472
402	0.149671
403	0.148788
404	0.147683
405	0.14629
406	0.144771
407	0.143526
408	0.142283
409	0.141164
410	0.140019
411	0.139113
412	0.13843
413	0.137664
414	0.136788
415	0.135585
416	0.134667
417	0.13374
418	0.132764
419	0.13177
420	0.130931
421	0.129977
422	0.129076
423	0.128272
424	0.127349
425	0.126344
426	0.125147
427	0.124221
428	0.123134
429	0.12217
430	0.121293
431	0.120159
432	0.11919
433	0.118155
434	0.116832
435	0.115778
436	0.114631
437	0.113551
438	0.112572
439	0.111367
440	0.110473
441	0.10974
442	0.109047
443	0.108179
444	0.107378
445	0.106637
446	0.106025
447	0.105392
448	0.104717
449	0.103946
450	0.103073
451	0.102309
452	0.101446
453	0.100745
454	0.0997413
455	0.0986819
456	0.0979789
457	0.0972961
458	0.0964852
459	0.0957145
460	0.0947103
461	0.0936786
462	0.0925765
463	0.0916777
464	0.0908242
465	0.0900761
466	0.0894008
467	0.0884945
468	0.0878418
469	0.0873949
470	0.0869255
471	0.0861422
472	0.0855949
473	0.085138
474	0.0844502
475	0.083692
476	0.0828485
477	0.0820401
478	0.0813648
479	0.0806845
480	0.0800167
481	0.0793615
482	0.0787941
483	0.0782418
484	0.0777197
485	0.0772251
486	0.0766854
487	0.0762159
488	0.0757364
489	0.075159
490	0.0743356
491	0.0733364
492	0.0726561
493	0.0721741
494	0.0715138
495	0.0708034
496	0.0699925
497	0.069262
498	0.0686595
499	0.06818
500	0.0673766
501	0.0666662
502	0.0659633
503	0.0656043
504	0.0651122
505	0.0644721
506	0.0639649
507	0.0634378
508	0.0628855
509	0.0624461
510	0.0619993
511	0.0613641
512	0.0609599
513	0.0607817
514	0.0608922
515	0.0612486
516	0.0616353
517	0.0622478
518	0.0626846
519	0.06278
520	0.0628051
521	0.0626746
522	0.0625365
523	0.0623507
524	0.0620947
525	0.0619842
526	0.0618888
527	0.0618813
528	0.061816
529	0.0619064
530	0.0617884
531	0.0616553
532	0.0613717
533	0.0611382
534	0.0607039
535	0.0602394
536	0.0596169
537	0.059293
538	0.0589892
539	0.0586729
540	0.0586102
541	0.0583692
542	0.0582637
543	0.0579775
544	0.0576738
545	0.0574955
546	0.0571667
547	0.0568654
548	0.0563382
549	0.0560093
550	0.0555198
551	0.0551508
552	0.0546612
553	0.0542345
554	0.0537951
555	0.0534186
556	0.0527834
557	0.0521734
558	0.0515709
559	0.051001
560	0.050632
561	0.0504261
562	0.05016
563	0.0498387
564	0.0496178
565	0.0491759
566	0.0486211
567	0.047991
568	0.0474387
569	0.0473734
570	0.0491433
571	0.0544353
572	0.0633147
573	0.0739615
574	0.0810385
575	0.0806418
576	0.0803406
577	0.0801799
578	0.0802728
579	0.0804134
580	0.0808703
581	0.0816987
582	0.0825724
583	0.0833029
584	0.0836594
585	0.0838426
586	0.0838301
587	0.0836016
588	0.0837799
589	0.0851581
590	0.0878443
591	0.0915472
592	0.09583
593	0.0997538
594	0.102458
595	0.103858
596	0.104265
597	0.104009
598	0.103376
599	0.102545
600	0.101421
601	0.100422
602	0.0994275
603	0.098589
604	0.0979011
605	0.0973137
606	0.0967212
607	0.0962467
608	0.0959204
609	0.0955087
610	0.0950568
611	0.0947957
612	0.0945698
613	0.0941656
614	0.0938191
615	0.0933497
616	0.092825
617	0.0921673
618	0.091748
619	0.0912233
620	0.0908844
621	0.0905731
622	0.0904275
623	0.0899606
624	0.0895012
625	0.0890192
626	0.0888334
627	0.0885472
628	0.0884167
629	0.0882284
630	0.0880451
631	0.0878317
632	0.0880301
633	0.0878694
634	0.0875832
635	0.0871288
636	0.0867824
637	0.0865464
638	0.0861522
639	0.0857958
640	0.0855673
641	0.0852485
642	0.0852811
643	0.0852485
644	0.0854995
645	0.0857631
646	0.0864937
647	0.0872794
648	0.0878091
649	0.0883464
650	0.0883665
651	0.0883815
652	0.0886275
653	0.0890719
654	0.0896593
655	0.0906484
656	0.0915447
657	0.0920593
658	0.092343
659	0.0922576
660	0.0919087
661	0.0913915
662	0.0909045
663	0.0903296
664	0.0897447
665	0.0893807
666	0.0889037
667	0.0887531
668	0.0884493
669	0.088246
670	0.0880451
671	0.0878619
672	0.0876158
673	0.0874627
674	0.0869681
675	0.0863958
676	0.0859614
677	0.0855949
678	0.0851305
679	0.0847138
680	0.0842217
681	0.0836569
682	0.0831347
683	0.0826326
684	0.0822108
685	0.0818042
686	0.0814903
687	0.0808477
688	0.0803431
689	0.0797757
690	0.0790778
691	0.0783925
692	0.077923
693	0.0774335
694	0.0768561
695	0.0764117
696	0.0759297
697	0.0757188
698	0.0752469
699	0.0746117
700	0.0741423
701	0.0736703
702	0.0731281
703	0.072631
704	0.0721917
705	0.0716293
706	0.0710444
707	0.0703791
708	0.0698193
709	0.0694176
710	0.0688879
711	0.0683306
712	0.0676754
713	0.0671708
714	0.0665281
715	0.0659708
716	0.065293
717	0.0646854
718	0.0639976
719	0.0633901
720	0.0630813
721	0.0626445
722	0.0622202
723	0.0618863
724	0.0616202
725	0.0612612
726	0.0604729
727	0.0597399
728	0.0591047
729	0.0585976
730	0.0582964
731	0.0577416
732	0.0570939
733	0.0564211
734	0.0558487
735	0.0553365
736	0.0552085
737	0.0548294
738	0.0541843
739	0.0537123
740	0.0533659
741	0.0532278
742	0.0529416
743	0.0526353
744	0.0522587
745	0.0516562
746	0.0511165
747	0.0505868
748	0.050145
749	0.0497935
750	0.0492939
751	0.0489299
752	0.0487341
753	0.0483123
754	0.0479107
755	0.047391
756	0.0470747
757	0.0468261
758	0.0466203
759	0.046304
760	0.0460303
761	0.0458245
762	0.0454153
763	0.0450939
764	0.0446069
765	0.0441877
766	0.0438061
767	0.0436856
768	0.0434697
769	0.0433768
770	0.0431935
771	0.0429952
772	0.0426839
773	0.0425032
774	0.0422421
775	0.0419559
776	0.0416345
777	0.0412982
778	0.0410195
779	0.040658
780	0.0404471
781	0.0403316
782	0.0401659
783	0.0401157
784	0.0401584
785	0.0397768
786	0.0394153
787	0.0392873
788	0.0390563
789	0.0389659
790	0.0387325
791	0.0383584
792	0.0379693
793	0.0376254
794	0.0371961
795	0.0368045
796	0.0362923
797	0.0359584
798	0.0355969
799	0.0351425
800	0.0346781
801	0.034299
802	0.0338999
803	0.0334681
804	0.0329484
805	0.0326497
806	0.0324187
807	0.032243
808	0.0322204
809	0.0320698
810	0.0318338
811	0.0314823
812	0.0311484
813	0.0309802
814	0.0307694
815	0.0304104
816	0.0300966
817	0.0296748
818	0.0294639
819	0.0291978
820	0.0290622
821	0.029007
822	0.0289995
823	0.0292229
824	0.0295392
825	0.0300338
826	0.0303124
827	0.0304104
828	0.0307217
829	0.030807
830	0.0306915
831	0.0303878
832	0.0300865
833	0.0297878
834	0.0295066
835	0.0292079
836	0.029115
837	0.0290572
838	0.0287033
839	0.0284397
840	0.0279627
841	0.027689
842	0.0279451
843	0.0288589
844	0.0302522
845	0.0320773
846	0.0339928
847	0.0357777
848	0.0368321
849	0.0375074
850	0.0376731
851	0.0374622
852	0.0373216
853	0.0370681
854	0.0371509
855	0.0371333
856	0.0368371
857	0.0367392
858	0.0365559
859	0.036581
860	0.0363877
861	0.0363425
862	0.0361317
863	0.0359609
864	0.0359584
865	0.0358957
866	0.0359484
867	0.0357827
868	0.0357199
869	0.0357601
870	0.035602
871	0.0354815
872	0.0354689
873	0.0353258
874	0.0351476
875	0.0347685
876	0.0344195
877	0.034053
878	0.0338723
879	0.0336062
880	0.0334681
881	0.0335133
882	0.033443
883	0.0333978
884	0.033217
885	0.0329308
886	0.0325191
887	0.0322505
888	0.0319618
889	0.0316857
890	0.0313693
891	0.0312388
892	0.0313066
893	0.0313794
894	0.0316756
895	0.0319116
896	0.0321401
897	0.0325342
898	0.0325493
899	0.0324137
900	0.032248
901	0.0323785
902	0.0331016
903	0.034299
904	0.0356672
905	0.0367869
906	0.0380521
907	0.0393952
908	0.0413559
909	0.0429801
910	0.0446471
911	0.0460429
912	0.0469918
913	0.0475316
914	0.0480989
915	0.0483073
916	0.0482998
917	0.0484228
918	0.0484529
919	0.0481642
920	0.0478303
921	0.0474638
922	0.0473031
923	0.047283
924	0.0471224
925	0.0468513
926	0.0467182
927	0.0462864
928	0.0460454
929	0.0457567
930	0.0454554
931	0.0451441
932	0.0449734
933	0.0448002
934	0.0446923
935	0.044617
936	0.0444312
937	0.0444211
938	0.0442103
939	0.0441751
940	0.0441525
941	0.0444488
942	0.0450186
943	0.0453249
944	0.0456688
945	0.0458295
946	0.0458471
947	0.0457216
948	0.0453927
949	0.0450488
950	0.0447726
951	0.0444061
952	0.0438337
953	0.0432337
954	0.0428546
955	0.0424329
956	0.0420739
957	0.0416446
958	0.0411977
959	0.040909
960	0.0406931
961	0.0404948
962	0.0402739
963	0.0399676
964	0.0397316
965	0.0395082
966	0.0391668
967	0.0387877
968	0.0384413
969	0.0380597
970	0.0378714
971	0.0375852
972	0.0371886
973	0.0369476
974	0.0367191
975	0.0365183
976	0.0362722
977	0.0359208
978	0.0357225
979	0.0354714
980	0.0351325
981	0.0348312
982	0.0346681
983	0.0344873
984	0.034279
985	0.0341534
986	0.033925
987	0.0335409
988	0.0334279
989	0.0331317
990	0.0327928
991	0.0323534
992	0.0321175
993	0.032007
994	0.0321074
995	0.0320597
996	0.0319844
997	0.0320823
998	0.0321878
999	0.0321677
1000	0.032017
1001	0.0317158
1002	0.031417
1003	0.0313468
1004	0.0317836
1005	0.0329108
1006	0.034402
1007	0.0361091
1008	0.0376831
1009	0.0390136
1010	0.0398195
1011	0.0402915
1012	0.0404019
1013	0.0402312
1014	0.0401358
1015	0.03993
1016	0.0394078
1017	0.0391216
1018	0.0387802
1019	0.0381526
1020	0.0377584
1021	0.037668
1022	0.0377886
1023	0.0379141
