0	-0.000616217
1	-0.000596133
2	-0.000473122
3	-0.000412871
4	-0.000450528
5	-0.000101576
6	-0.000272286
7	-0.000141743
8	-0.000164337
9	-0.000131701
10	-0.000101576
11	-0.000106597
12	-0.000141743
13	-7.64717e-05
14	-0.000129191
15	-0.000111618
16	4.40296e-05
17	6.9134e-05
18	0.000302605
19	-3.66883e-06
20	-8.68971e-06
21	2.14356e-05
22	0.00016202
23	0.00010177
24	0.000121853
25	6.66236e-05
26	9.67489e-05
27	0.000227292
28	0.00021725
29	0.000287543
30	0.000277501
31	0.000312647
32	0.000320178
33	0.000224782
34	0.000305116
35	0.000204698
36	0.000197167
37	5.90923e-05
38	-1.12002e-05
39	-3.37941e-05
40	1.64147e-05
41	-1.12002e-05
42	9.67489e-05
43	0.000134406
44	-4.38359e-05
45	-0.000201994
46	5.65818e-05
47	0.000242355
48	0.000121853
49	5.40714e-05
50	1.13938e-05
51	3.64983e-05
52	9.67489e-05
53	0.000134406
54	0.000360345
55	0.000874986
56	0.00180134
57	0.00487161
58	0.0137109
59	0.0389107
60	0.0960359
61	0.193188
62	0.321705
63	0.463394
64	0.603926
65	0.734776
66	0.852555
67	0.956121
68	1.04514
69	1.11964
70	1.18072
71	1.22972
72	1.26807
73	1.2977
74	1.3201
75	1.33659
76	1.34861
77	1.35702
78	1.36273
79	1.36706
80	1.37132
81	1.37761
82	1.38659
83	1.39743
84	1.40872
85	1.41937
86	1.42861
87	1.43587
88	1.44138
89	1.44489
90	1.44617
91	1.44559
92	1.44358
93	1.44021
94	1.43576
95	1.43052
96	1.42424
97	1.41755
98	1.41008
99	1.40256
100	1.39493
101	1.38722
102	1.3798
103	1.37249
104	1.36507
105	1.35766
106	1.35007
107	1.34229
108	1.33413
109	1.32589
110	1.31766
111	1.30911
112	1.30039
113	1.29192
114	1.28325
115	1.27433
116	1.26517
117	1.2558
118	1.24617
119	1.23657
120	1.22698
121	1.2173
122	1.20758
123	1.19802
124	1.18838
125	1.17908
126	1.17017
127	1.16163
128	1.15301
129	1.14421
130	1.13535
131	1.12653
132	1.1174
133	1.10846
134	1.09947
135	1.09058
136	1.08127
137	1.07178
138	1.06252
139	1.05295
140	1.04348
141	1.03397
142	1.02428
143	1.01471
144	1.00526
145	0.995869
146	0.986794
147	0.977839
148	0.969148
149	0.960577
150	0.951743
151	0.942881
152	0.933781
153	0.92449
154	0.915184
155	0.90589
156	0.896624
157	0.887318
158	0.878084
159	0.869112
160	0.86018
161	0.851232
162	0.842463
163	0.833918
164	0.825382
165	0.816947
166	0.808859
167	0.800993
168	0.792973
169	0.785283
170	0.777669
171	0.769789
172	0.761903
173	0.75389
174	0.746052
175	0.738087
176	0.730232
177	0.722454
178	0.714436
179	0.706643
180	0.699029
181	0.691395
182	0.684004
183	0.676468
184	0.66906
185	0.661651
186	0.654487
187	0.647467
188	0.640554
189	0.633607
190	0.626836
191	0.620206
192	0.613684
193	0.607348
194	0.600871
195	0.594484
196	0.588256
197	0.581739
198	0.575264
199	0.568878
200	0.562411
201	0.556047
202	0.549648
203	0.543502
204	0.537382
205	0.53158
206	0.526419
207	0.522432
208	0.519113
209	0.516169
210	0.513385
211	0.51044
212	0.507495
213	0.504623
214	0.501284
215	0.497677
216	0.493883
217	0.489839
218	0.485732
219	0.481208
220	0.476807
221	0.472068
222	0.467421
223	0.462626
224	0.45763
225	0.452546
226	0.447646
227	0.442859
228	0.438013
229	0.433362
230	0.428665
231	0.423985
232	0.419491
233	0.415477
234	0.412249
235	0.409246
236	0.406276
237	0.403211
238	0.400088
239	0.39697
240	0.393672
241	0.390282
242	0.386798
243	0.383233
244	0.379769
245	0.376329
246	0.372895
247	0.36933
248	0.365926
249	0.362635
250	0.359361
251	0.356123
252	0.352799
253	0.349553
254	0.346176
255	0.343156
256	0.339903
257	0.336509
258	0.333147
259	0.329813
260	0.326404
261	0.322869
262	0.319578
263	0.316347
264	0.313247
265	0.31034
266	0.307573
267	0.305148
268	0.302495
269	0.299726
270	0.296999
271	0.294163
272	0.291135
273	0.288298
274	0.285459
275	0.282843
276	0.281922
277	0.283425
278	0.286691
279	0.289691
280	0.291635
281	0.291612
282	0.289792
283	0.287472
284	0.285479
285	0.283536
286	0.281362
287	0.278909
288	0.276331
289	0.27366
290	0.271094
291	0.268551
292	0.265925
293	0.263106
294	0.260648
295	0.258085
296	0.255665
297	0.25321
298	0.250975
299	0.248867
300	0.246926
301	0.244591
302	0.242211
303	0.239586
304	0.236887
305	0.234346
306	0.231768
307	0.229155
308	0.226983
309	0.224987
310	0.223456
311	0.222218
312	0.221013
313	0.21969
314	0.218578
315	0.217348
316	0.215922
317	0.214413
318	0.213146
319	0.211644
320	0.210309
321	0.208991
322	0.207796
323	0.206455
324	0.20529
325	0.20394
326	0.202687
327	0.201321
328	0.200061
329	0.198788
330	0.1975
331	0.195919
332	0.194267
333	0.192585
334	0.191099
335	0.189442
336	0.187722
337	0.185983
338	0.184363
339	0.182729
340	0.181157
341	0.179493
342	0.177992
343	0.176588
344	0.175065
345	0.173659
346	0.172459
347	0.171706
348	0.171003
349	0.170378
350	0.169883
351	0.169318
352	0.168738
353	0.168264
354	0.167491
355	0.166504
356	0.165512
357	0.164345
358	0.163158
359	0.16191
360	0.160587
361	0.159071
362	0.157564
363	0.156179
364	0.154871
365	0.153528
366	0.15224
367	0.151047
368	0.14992
369	0.148768
370	0.147756
371	0.146704
372	0.145399
373	0.144369
374	0.143162
375	0.142123
376	0.140903
377	0.13981
378	0.138558
379	0.137523
380	0.136389
381	0.135214
382	0.134109
383	0.132949
384	0.13182
385	0.130733
386	0.129648
387	0.128486
388	0.127301
389	0.126161
390	0.124931
391	0.123701
392	0.122604
393	0.121369
394	0.120309
395	0.119127
396	0.118073
397	0.11692
398	0.116042
399	0.115002
400	0.113963
401	0.112924
402	0.112005
403	0.111289
404	0.110486
405	0.109484
406	0.108538
407	0.107476
408	0.106381
409	0.105488
410	0.104496
411	0.103479
412	0.102227
413	0.101142
414	0.100153
415	0.0991865
416	0.0982124
417	0.0972559
418	0.0962969
419	0.0953154
420	0.0940903
421	0.093071
422	0.0922376
423	0.0912108
424	0.090179
425	0.0891045
426	0.0881179
427	0.0870409
428	0.0860493
429	0.0850727
430	0.0838803
431	0.0829238
432	0.081882
433	0.0808652
434	0.0797381
435	0.0789498
436	0.0780134
437	0.0770092
438	0.0762686
439	0.0754377
440	0.0745163
441	0.0736502
442	0.0729774
443	0.0718854
444	0.0710846
445	0.0701959
446	0.0694201
447	0.0685791
448	0.0678637
449	0.0670478
450	0.066267
451	0.065662
452	0.0648737
453	0.0640679
454	0.0632218
455	0.0624788
456	0.0616528
457	0.0608972
458	0.0600863
459	0.0593583
460	0.0585047
461	0.0578369
462	0.0570487
463	0.0562654
464	0.0556378
465	0.0547591
466	0.0541064
467	0.0535165
468	0.0529115
469	0.0522437
470	0.0516663
471	0.0511014
472	0.0504889
473	0.0498412
474	0.0491257
475	0.0485232
476	0.0479383
477	0.0472956
478	0.0466077
479	0.0458044
480	0.0451743
481	0.0445567
482	0.0439919
483	0.0434772
484	0.0428622
485	0.0421919
486	0.0416797
487	0.0410697
488	0.0406454
489	0.0401207
490	0.0394454
491	0.0390111
492	0.0384086
493	0.0377936
494	0.0372086
495	0.036581
496	0.0361216
497	0.0354789
498	0.0347635
499	0.0341509
500	0.0336664
501	0.0331869
502	0.0323459
503	0.0318162
504	0.031402
505	0.0308321
506	0.0304003
507	0.029956
508	0.0297928
509	0.0295116
510	0.0292254
511	0.0289267
512	0.028643
513	0.0284095
514	0.028151
515	0.0278899
516	0.0276991
517	0.0271418
518	0.0267702
519	0.0262505
520	0.0259141
521	0.025515
522	0.0252564
523	0.02491
524	0.0247368
525	0.0243376
526	0.0241167
527	0.0239585
528	0.0237276
529	0.0235518
530	0.0235242
531	0.0232179
532	0.0230045
533	0.0226882
534	0.0222564
535	0.0218397
536	0.0214456
537	0.0208782
538	0.0205769
539	0.0202707
540	0.0199443
541	0.0195677
542	0.0192916
543	0.0189502
544	0.0186414
545	0.0183652
546	0.0181619
547	0.017946
548	0.0177376
549	0.0174414
550	0.0170724
551	0.0168113
552	0.0165402
553	0.0160029
554	0.0157745
555	0.0155209
556	0.0151544
557	0.0148582
558	0.0144766
559	0.0141452
560	0.0137762
561	0.0134548
562	0.0132414
563	0.0128021
564	0.0125134
565	0.0123502
566	0.0125912
567	0.0135226
568	0.0149109
569	0.0163318
570	0.0177527
571	0.0192163
572	0.0203686
573	0.0213903
574	0.0219677
575	0.0226456
576	0.0232932
577	0.0236146
578	0.0237501
579	0.0239058
580	0.0239836
581	0.0238656
582	0.0237577
583	0.0236221
584	0.0235443
585	0.0232054
586	0.0230322
587	0.022751
588	0.0226305
589	0.0228012
590	0.0234715
591	0.024202
592	0.0251711
593	0.0261326
594	0.0272246
595	0.0278899
596	0.0286179
597	0.0291978
598	0.0297677
599	0.0301367
600	0.0305811
601	0.030807
602	0.0308848
603	0.0307668
604	0.0306815
605	0.0305735
606	0.030325
607	0.030094
608	0.0297099
609	0.0293183
610	0.0290497
611	0.0287258
612	0.028653
613	0.0284271
614	0.0281987
615	0.0280405
616	0.027679
617	0.0273978
618	0.0271744
619	0.0269309
620	0.026843
621	0.0265869
622	0.0263861
623	0.0260095
624	0.0256757
625	0.0252916
626	0.0249828
627	0.0246238
628	0.024305
629	0.0240363
630	0.0235845
631	0.0232531
632	0.0228514
633	0.0225426
634	0.0222966
635	0.0220531
636	0.0216589
637	0.0213979
638	0.0212372
639	0.0209636
640	0.0208179
641	0.0206221
642	0.0206874
643	0.0206372
644	0.0204087
645	0.0201075
646	0.0200322
647	0.019874
648	0.0196606
649	0.0194046
650	0.0189678
651	0.018428
652	0.0179184
653	0.0176673
654	0.0172456
655	0.0167284
656	0.0163745
657	0.0161033
658	0.0156565
659	0.0150816
660	0.0145644
661	0.0141075
662	0.0137059
663	0.0133117
664	0.0128573
665	0.012172
666	0.0116523
667	0.0106732
668	0.00984982
669	0.00922472
670	0.00848665
671	0.00775611
672	0.0069352
673	0.00612934
674	0.0054214
675	0.00454023
676	0.00391262
677	0.00310175
678	0.00239632
679	0.0015503
680	0.000787121
681	4.654e-05
682	-0.00063128
683	-0.00131663
684	-0.00209487
685	-0.00283043
686	-0.00345804
687	-0.00405803
688	-0.00459276
689	-0.00521786
690	-0.00603877
691	-0.00661618
692	-0.0073919
693	-0.00806972
694	-0.00860194
695	-0.00922955
696	-0.00974419
697	-0.0105099
698	-0.0112053
699	-0.0118831
700	-0.0124479
701	-0.0128797
702	-0.0132312
703	-0.0139868
704	-0.0145165
705	-0.015114
706	-0.0155584
707	-0.016078
708	-0.0166052
709	-0.0169441
710	-0.0171826
711	-0.0176722
712	-0.0183851
713	-0.0187592
714	-0.0193416
715	-0.019801
716	-0.0201826
717	-0.0203508
718	-0.0208378
719	-0.0213424
720	-0.021719
721	-0.0221684
722	-0.0225274
723	-0.0228085
724	-0.0232403
725	-0.0236395
726	-0.0239433
727	-0.0244202
728	-0.0248997
729	-0.0253064
730	-0.0255399
731	-0.0257935
732	-0.0260696
733	-0.0263683
734	-0.0266796
735	-0.0269206
736	-0.0273449
737	-0.0275834
738	-0.027837
739	-0.0281106
740	-0.0284244
741	-0.0287633
742	-0.0290269
743	-0.0293809
744	-0.0296947
745	-0.0299081
746	-0.0304227
747	-0.0306838
748	-0.0309399
749	-0.0313466
750	-0.0317081
751	-0.0320168
752	-0.032185
753	-0.0323758
754	-0.032647
755	-0.0329809
756	-0.0331214
757	-0.0333248
758	-0.0335808
759	-0.0337842
760	-0.0341934
761	-0.0344595
762	-0.0346704
763	-0.0348185
764	-0.0351198
765	-0.035534
766	-0.0357499
767	-0.0360536
768	-0.0362971
769	-0.0366461
770	-0.0369197
771	-0.0372536
772	-0.0371984
773	-0.0373641
774	-0.0376101
775	-0.0378612
776	-0.0379063
777	-0.0381825
778	-0.038416
779	-0.0385942
780	-0.0388302
781	-0.0389934
782	-0.0391239
783	-0.0394829
784	-0.0397766
785	-0.0399047
786	-0.0399724
787	-0.039995
788	-0.0401331
789	-0.0403465
790	-0.0403892
791	-0.0406101
792	-0.0407883
793	-0.0408662
794	-0.0410519
795	-0.0413783
796	-0.0413858
797	-0.0416795
798	-0.0417724
799	-0.0419406
800	-0.0422143
801	-0.0423398
802	-0.0424553
803	-0.0425482
804	-0.0426561
805	-0.0428846
806	-0.0429774
807	-0.0431808
808	-0.0433515
809	-0.0434193
810	-0.0436678
811	-0.0438009
812	-0.0439791
813	-0.0441674
814	-0.0441322
815	-0.0443607
816	-0.0446795
817	-0.044785
818	-0.0448753
819	-0.0450561
820	-0.0451063
821	-0.045144
822	-0.0450686
823	-0.0449306
824	-0.0449356
825	-0.0448778
826	-0.0449758
827	-0.0448904
828	-0.0449883
829	-0.0450184
830	-0.0451214
831	-0.0454151
832	-0.0454427
833	-0.045636
834	-0.0457615
835	-0.0460527
836	-0.0460126
837	-0.0461682
838	-0.0464368
839	-0.04659
840	-0.0464594
841	-0.0465147
842	-0.0466151
843	-0.0464996
844	-0.0465699
845	-0.0467481
846	-0.0468134
847	-0.0466803
848	-0.0467682
849	-0.0471071
850	-0.0470619
851	-0.0471222
852	-0.0473933
853	-0.0475213
854	-0.047682
855	-0.047795
856	-0.0480259
857	-0.048287
858	-0.048164
859	-0.0482117
860	-0.0483096
861	-0.0484753
862	-0.0484527
863	-0.0484075
864	-0.048405
865	-0.0486008
866	-0.0486912
867	-0.0486812
868	-0.0486987
869	-0.0487038
870	-0.0488519
871	-0.0488393
872	-0.0490025
873	-0.0491105
874	-0.049246
875	-0.0494544
876	-0.0495372
877	-0.0496376
878	-0.0498435
879	-0.0500745
880	-0.0500243
881	-0.0500042
882	-0.0501925
883	-0.050436
884	-0.0506117
885	-0.0506845
886	-0.0508025
887	-0.0510159
888	-0.0512017
889	-0.0513523
890	-0.0514577
891	-0.0516134
892	-0.0518117
893	-0.0519196
894	-0.0518719
895	-0.0518845
896	-0.052
897	-0.0522786
898	-0.0522811
899	-0.0522159
900	-0.052128
901	-0.0524142
902	-0.0522385
903	-0.0520778
904	-0.0517514
905	-0.0515155
906	-0.051287
907	-0.0510008
908	-0.0508025
909	-0.0505439
910	-0.0503506
911	-0.050087
912	-0.0498058
913	-0.0496452
914	-0.0496326
915	-0.0495598
916	-0.0494192
917	-0.049492
918	-0.0495146
919	-0.0495849
920	-0.0496552
921	-0.0497732
922	-0.049836
923	-0.0499489
924	-0.0498887
925	-0.0497933
926	-0.0497054
927	-0.0497381
928	-0.0497255
929	-0.0496904
930	-0.0495171
931	-0.0492987
932	-0.0492561
933	-0.0491682
934	-0.0490351
935	-0.0489046
936	-0.0488946
937	-0.0490828
938	-0.049118
939	-0.049123
940	-0.0490753
941	-0.0491858
942	-0.0492234
943	-0.0491506
944	-0.049005
945	-0.0490201
946	-0.048887
947	-0.0490351
948	-0.0493012
949	-0.0493565
950	-0.0494017
951	-0.0494669
952	-0.0495799
953	-0.0496402
954	-0.0496176
955	-0.0496477
956	-0.0497406
957	-0.0498912
958	-0.0498661
959	-0.0497607
960	-0.0499389
961	-0.0500167
962	-0.0501673
963	-0.0500694
964	-0.0498912
965	-0.0499289
966	-0.0499113
967	-0.0498786
968	-0.0501197
969	-0.0499364
970	-0.0500318
971	-0.0500042
972	-0.0500192
973	-0.0499615
974	-0.0501322
975	-0.0502904
976	-0.0504987
977	-0.0505163
978	-0.0505489
979	-0.0505615
980	-0.050677
981	-0.0506368
982	-0.0507975
983	-0.0509983
984	-0.0510309
985	-0.0510435
986	-0.0513422
987	-0.0514703
988	-0.0515054
989	-0.0516058
990	-0.0515481
991	-0.0514176
992	-0.0513498
993	-0.0513874
994	-0.0515531
995	-0.0516611
996	-0.0518067
997	-0.0518067
998	-0.0519171
999	-0.0520401
1000	-0.0521933
1001	-0.0522636
1002	-0.0520627
1003	-0.0516962
1004	-0.0498661
1005	-0.0467933
1006	-0.0429247
1007	-0.0390486
1008	-0.0353658
1009	-0.0318687
1010	-0.0286528
1011	-0.0261248
1012	-0.0249173
1013	-0.0241817
1014	-0.0231324
1015	-0.0214931
1016	-0.0190479
1017	-0.0166981
1018	-0.0142906
1019	-0.0123877
1020	-0.0105149
1021	-0.0090262
1022	-0.00769567
1023	-0.00654086
