0	-0.000176186
1	-0.000404637
2	-0.000389574
3	-0.000118446
4	4.5655e-06
5	0.000448914
6	0.000609582
7	0.000677364
8	0.000674854
9	0.000521717
10	3.46908e-05
11	-0.000276604
12	-0.000384553
13	-0.000695848
14	-0.000771162
15	-0.000417189
16	0.000190338
17	0.000506654
18	0.000780293
19	0.00100623
20	0.00109159
21	0.0010213
22	0.000592009
23	-7.32582e-05
24	-0.000304219
25	-0.000474929
26	-0.000351917
27	-0.00025401
28	-0.000238948
29	-4.55386e-07
30	5.97953e-05
31	0.000102473
32	0.000212932
33	0.000348496
34	0.000265652
35	0.000220464
36	2.71595e-05
37	-4.31329e-05
38	-0.000171166
39	-0.000525138
40	-0.000720953
41	-0.000610493
42	-0.000394595
43	-0.000369491
44	-0.000246479
45	-0.00019627
46	-0.000133509
47	-6.32165e-05
48	-0.00019627
49	-0.000394595
50	-0.000685806
51	-0.000803797
52	-0.000766141
53	-0.000359449
54	0.000150171
55	0.000868158
56	0.00180706
57	0.00417943
58	0.0109601
59	0.0295952
60	0.0724409
61	0.150752
62	0.26338
63	0.395834
64	0.533388
65	0.666658
66	0.790064
67	0.900827
68	0.998157
69	1.08169
70	1.15127
71	1.20722
72	1.25016
73	1.28103
74	1.30276
75	1.31753
76	1.32882
77	1.33868
78	1.34816
79	1.35744
80	1.36632
81	1.37368
82	1.37903
83	1.38135
84	1.38131
85	1.38002
86	1.37935
87	1.37982
88	1.38171
89	1.38409
90	1.38619
91	1.38619
92	1.38248
93	1.37508
94	1.36517
95	1.35452
96	1.3451
97	1.33791
98	1.33343
99	1.33083
100	1.32863
101	1.32513
102	1.31902
103	1.30989
104	1.29799
105	1.28439
106	1.27109
107	1.25997
108	1.25171
109	1.24572
110	1.24099
111	1.23609
112	1.23041
113	1.22322
114	1.21455
115	1.2055
116	1.19718
117	1.19021
118	1.1846
119	1.17935
120	1.17354
121	1.16568
122	1.15564
123	1.14385
124	1.13183
125	1.12126
126	1.11308
127	1.10777
128	1.1039
129	1.09998
130	1.09334
131	1.08281
132	1.06844
133	1.05116
134	1.03285
135	1.01621
136	1.0038
137	0.996374
138	0.993628
139	0.993427
140	0.992837
141	0.989418
142	0.980983
143	0.966631
144	0.947531
145	0.926268
146	0.90692
147	0.892201
148	0.883761
149	0.881263
150	0.882998
151	0.885759
152	0.885882
153	0.881283
154	0.870802
155	0.85535
156	0.836562
157	0.817294
158	0.800721
159	0.788716
160	0.781809
161	0.778752
162	0.778229
163	0.777768
164	0.775317
165	0.77006
166	0.761796
167	0.751009
168	0.738376
169	0.725608
170	0.713982
171	0.70381
172	0.695822
173	0.689957
174	0.685971
175	0.682805
176	0.679988
177	0.677003
178	0.672982
179	0.667745
180	0.660214
181	0.650119
182	0.638172
183	0.625401
184	0.613268
185	0.60277
186	0.595346
187	0.59209
188	0.592366
189	0.593978
190	0.594543
191	0.592163
192	0.585274
193	0.573759
194	0.559098
195	0.543651
196	0.529422
197	0.518943
198	0.514063
199	0.5146
200	0.518765
201	0.523588
202	0.525887
203	0.523708
204	0.516393
205	0.504461
206	0.48994
207	0.475397
208	0.46295
209	0.454724
210	0.451282
211	0.451711
212	0.454591
213	0.457533
214	0.457869
215	0.454505
216	0.447551
217	0.437916
218	0.426622
219	0.415737
220	0.406631
221	0.400177
222	0.396818
223	0.396014
224	0.396773
225	0.397556
226	0.397297
227	0.395005
228	0.390642
229	0.384321
230	0.376845
231	0.368919
232	0.361418
233	0.354883
234	0.350219
235	0.347711
236	0.347292
237	0.348123
238	0.349775
239	0.351306
240	0.351645
241	0.349775
242	0.345304
243	0.338442
244	0.330123
245	0.321665
246	0.314315
247	0.309718
248	0.308269
249	0.30972
250	0.313195
251	0.317227
252	0.319328
253	0.318274
254	0.313677
255	0.306035
256	0.29701
257	0.288216
258	0.281995
259	0.279324
260	0.280321
261	0.284227
262	0.289263
263	0.293232
264	0.294118
265	0.290797
266	0.283559
267	0.274019
268	0.264397
269	0.256409
270	0.251202
271	0.249319
272	0.25065
273	0.253986
274	0.257375
275	0.259411
276	0.258924
277	0.255394
278	0.249194
279	0.241637
280	0.233915
281	0.22731
282	0.222942
283	0.220705
284	0.220529
285	0.22177
286	0.223281
287	0.224293
288	0.224024
289	0.222006
290	0.218192
291	0.213237
292	0.207141
293	0.201282
294	0.196459
295	0.192538
296	0.19008
297	0.189699
298	0.190788
299	0.192603
300	0.194162
301	0.194489
302	0.192751
303	0.188885
304	0.183056
305	0.176883
306	0.171144
307	0.166437
308	0.163736
309	0.163229
310	0.164479
311	0.166839
312	0.168626
313	0.169136
314	0.167449
315	0.16413
316	0.159084
317	0.152999
318	0.147712
319	0.143941
320	0.142327
321	0.14253
322	0.144009
323	0.146052
324	0.147707
325	0.148111
326	0.146973
327	0.144696
328	0.141127
329	0.136886
330	0.132787
331	0.12987
332	0.128175
333	0.127467
334	0.127761
335	0.128449
336	0.129157
337	0.128685
338	0.127143
339	0.124666
340	0.121254
341	0.117604
342	0.114009
343	0.110994
344	0.109385
345	0.109093
346	0.109729
347	0.110816
348	0.111882
349	0.112307
350	0.111646
351	0.109924
352	0.107464
353	0.104572
354	0.101316
355	0.0981529
356	0.0963755
357	0.0961244
358	0.0969253
359	0.0983688
360	0.0995587
361	0.0998449
362	0.099142
363	0.097234
364	0.0943922
365	0.0909429
366	0.0875387
367	0.0847396
368	0.0829145
369	0.0825655
370	0.0832634
371	0.0845463
372	0.0854224
373	0.0857262
374	0.0847345
375	0.0824751
376	0.079322
377	0.0757572
378	0.0723957
379	0.0700183
380	0.0687882
381	0.068379
382	0.0690468
383	0.0700033
384	0.0707489
385	0.0706384
386	0.0695137
387	0.0675556
388	0.0649171
389	0.0619874
390	0.0594694
391	0.0581138
392	0.0578678
393	0.0586862
394	0.0602
395	0.06202
396	0.063574
397	0.0643774
398	0.0641715
399	0.0634912
400	0.0619874
401	0.0601924
402	0.0586084
403	0.0573958
404	0.0566954
405	0.0563766
406	0.0562335
407	0.056364
408	0.0567858
409	0.0568536
410	0.0565598
411	0.0557414
412	0.0543983
413	0.0524879
414	0.050339
415	0.0484084
416	0.0468771
417	0.0460084
418	0.0454762
419	0.0456218
420	0.0461792
421	0.0466411
422	0.0470202
423	0.0467817
424	0.0458729
425	0.0439423
426	0.0417558
427	0.0392378
428	0.0373173
429	0.0363708
430	0.036042
431	0.0364311
432	0.0371842
433	0.0379323
434	0.0379524
435	0.0374328
436	0.0362052
437	0.034375
438	0.0322035
439	0.030391
440	0.0288395
441	0.0278002
442	0.0275768
443	0.0278755
444	0.0281466
445	0.0281592
446	0.0277726
447	0.0268437
448	0.0256211
449	0.0241952
450	0.0230655
451	0.0219935
452	0.0216295
453	0.0213333
454	0.0210797
455	0.0207383
456	0.0202237
457	0.0194078
458	0.0183584
459	0.0171559
460	0.0161116
461	0.0151702
462	0.014171
463	0.0134907
464	0.0129082
465	0.0123836
466	0.0119668
467	0.0116229
468	0.0113643
469	0.0111007
470	0.0105007
471	0.00994341
472	0.00940618
473	0.00857271
474	0.00806309
475	0.00740284
476	0.00702879
477	0.0066723
478	0.0063108
479	0.00632837
480	0.00654929
481	0.00668737
482	0.00649908
483	0.00616519
484	0.00557273
485	0.00488236
486	0.00408404
487	0.00291166
488	0.00225643
489	0.00213342
490	0.00265559
491	0.00315768
492	0.00367232
493	0.00370245
494	0.00297442
495	0.00198028
496	0.000657281
497	-0.000811329
498	-0.00200379
499	-0.00288495
500	-0.00343223
501	-0.00315106
502	-0.00250086
503	-0.00192094
504	-0.00162973
505	-0.00188078
506	-0.00221718
507	-0.00311089
508	-0.00414771
509	-0.00528494
510	-0.00620376
511	-0.00669079
512	-0.00707237
513	-0.00703974
514	-0.00673849
515	-0.00637949
516	-0.00634184
517	-0.00646234
518	-0.00683639
519	-0.00733848
520	-0.00798367
521	-0.0088096
522	-0.009746
523	-0.010479
524	-0.0108506
525	-0.0110414
526	-0.0111795
527	-0.0112121
528	-0.0109887
529	-0.0106673
530	-0.010833
531	-0.0109686
532	-0.0115435
533	-0.0123167
534	-0.0133485
535	-0.0142799
536	-0.0148397
537	-0.0150255
538	-0.0151886
539	-0.0148497
540	-0.0141393
541	-0.0137125
542	-0.01372
543	-0.0143225
544	-0.0151736
545	-0.0164589
546	-0.0176288
547	-0.0184221
548	-0.0186982
549	-0.0179878
550	-0.0171543
551	-0.016228
552	-0.0159819
553	-0.0163911
554	-0.0170941
555	-0.0180631
556	-0.0193158
557	-0.0203827
558	-0.0211836
559	-0.0214196
560	-0.0210932
561	-0.0205108
562	-0.0196497
563	-0.0190648
564	-0.0189392
565	-0.0191551
566	-0.0198957
567	-0.0207794
568	-0.0216731
569	-0.0222329
570	-0.0223384
571	-0.0219116
572	-0.0211309
573	-0.0204957
574	-0.0199058
575	-0.0191351
576	-0.0184874
577	-0.0181434
578	-0.0181409
579	-0.018171
580	-0.0183292
581	-0.0184597
582	-0.0187736
583	-0.0187761
584	-0.0186129
585	-0.0183392
586	-0.0177167
587	-0.0169008
588	-0.0159694
589	-0.0152338
590	-0.0148271
591	-0.0148171
592	-0.0150455
593	-0.0154748
594	-0.0155476
595	-0.0153845
596	-0.0148171
597	-0.0141317
598	-0.0133435
599	-0.012864
600	-0.0124924
601	-0.0122163
602	-0.0124648
603	-0.0128414
604	-0.013587
605	-0.0147292
606	-0.0155752
607	-0.0160221
608	-0.0161878
609	-0.0159418
610	-0.0151485
611	-0.0147091
612	-0.0143276
613	-0.0143978
614	-0.0145912
615	-0.0155752
616	-0.0166271
617	-0.0177392
618	-0.0187886
619	-0.0194288
620	-0.0195618
621	-0.0194539
622	-0.0189242
623	-0.018171
624	-0.0173803
625	-0.0175459
626	-0.0179175
627	-0.0185853
628	-0.019612
629	-0.0205409
630	-0.0214422
631	-0.0219292
632	-0.0221124
633	-0.0217409
634	-0.0212463
635	-0.0208346
636	-0.0205183
637	-0.0202899
638	-0.0203376
639	-0.0205535
640	-0.0211986
641	-0.021879
642	-0.0225191
643	-0.022838
644	-0.0230212
645	-0.0229785
646	-0.0223911
647	-0.0216028
648	-0.0202171
649	-0.0174154
650	-0.0129292
651	-0.00741631
652	-0.0017653
653	0.00391333
654	0.00932333
655	0.0141861
656	-0.0265559
657	-0.026335
658	-0.0258555
659	-0.0260112
660	-0.0259735
661	-0.026217
662	-0.0265886
663	-0.0272061
664	-0.0276681
665	-0.0278538
666	-0.0280747
667	-0.027899
668	-0.0274245
669	-0.0269827
670	-0.0267317
671	-0.0271559
672	-0.0275476
673	-0.0280396
674	-0.0287174
675	-0.0291216
676	-0.0297668
677	-0.0300454
678	-0.0300931
679	-0.029709
680	-0.0296362
681	-0.0295885
682	-0.0293752
683	-0.0291668
684	-0.0295835
685	-0.0302237
686	-0.0309869
687	-0.0319684
688	-0.0328345
689	-0.0332437
690	-0.0332212
691	-0.032945
692	-0.0324178
693	-0.0319308
694	-0.0316094
695	-0.0317023
696	-0.0321668
697	-0.0328647
698	-0.0336027
699	-0.0342203
700	-0.0348906
701	-0.0352747
702	-0.0352973
703	-0.0349207
704	-0.0346546
705	-0.0344412
706	-0.0342479
707	-0.0342052
708	-0.0342128
709	-0.0348303
710	-0.0355433
711	-0.0361835
712	-0.0368588
713	-0.037273
714	-0.0375316
715	-0.0375617
716	-0.0371851
717	-0.0368964
718	-0.0368638
719	-0.0366354
720	-0.0366203
721	-0.0369617
722	-0.0375517
723	-0.0380387
724	-0.0383751
725	-0.0388471
726	-0.0390253
727	-0.0388571
728	-0.0383751
729	-0.0379734
730	-0.0375291
731	0.00355182
732	0.0031376
733	0.00262296
734	0.00172171
735	0.000775272
736	-0.000120957
737	-0.00111509
738	-0.00161216
739	-0.00143643
740	-0.000610493
741	-2.96583e-06
742	0.000556863
743	0.000581967
744	0.00042381
745	-0.000221374
746	-0.00122053
747	-0.00231759
748	-0.00353014
749	-0.00401968
750	-0.00404729
751	-0.00405984
752	-0.00388913
753	-0.00350754
754	-0.00317115
755	-0.00340964
756	-0.00379122
757	-0.00439875
758	-0.00514184
759	-0.00635188
760	-0.00719288
761	-0.00769496
762	-0.00786065
763	-0.00776275
764	-0.00773011
765	-0.00758702
766	-0.00730334
767	-0.00754936
768	-0.00790584
769	-0.00848826
770	-0.00914851
771	-0.00976608
772	-0.0102958
773	-0.0108506
774	-0.0112046
775	-0.0112046
776	-0.0112548
777	-0.0114958
778	-0.0116238
779	-0.0117619
780	-0.0118422
781	-0.0118523
782	-0.0118598
783	-0.0118322
784	-0.0119753
785	-0.0124447
786	-0.0125351
787	-0.0125702
788	-0.0124472
789	-0.0123468
790	-0.0120556
791	-0.0120556
792	-0.0124171
793	-0.0129418
794	-0.0137175
795	-0.0146263
796	-0.0154773
797	-0.0162054
798	-0.0168204
799	-0.0169384
800	-0.0169936
801	-0.0168405
802	-0.0167853
803	-0.0167401
804	-0.0168556
805	-0.0172271
806	-0.0179175
807	-0.0186104
808	-0.0190949
809	-0.0194715
810	-0.0196974
811	-0.020084
812	-0.0202873
813	-0.020448
814	-0.0201443
815	-0.0199535
816	-0.0197627
817	-0.0198581
818	-0.0202974
819	-0.0204756
820	-0.02093
821	-0.021417
822	-0.0218363
823	-0.0222229
824	-0.0225693
825	-0.0224338
826	-0.0226848
827	-0.0228304
828	-0.0227953
829	-0.0227576
830	-0.0227777
831	-0.0230564
832	-0.0234003
833	-0.0239827
834	-0.0246103
835	-0.024894
836	-0.0251852
837	-0.0254639
838	-0.02514
839	-0.0244748
840	-0.0234957
841	-0.0227526
842	-0.021894
843	-0.0208597
844	-0.0199309
845	-0.0192229
846	-0.0184673
847	-0.0177844
848	-0.0172045
849	-0.0166547
850	-0.0160096
851	-0.0155778
852	-0.0159493
853	-0.0161175
854	-0.0161426
855	-0.0159694
856	-0.0157334
857	-0.0157008
858	-0.0154773
859	-0.0151008
860	-0.0147192
861	-0.0145309
862	-0.0147091
863	-0.0151008
864	-0.0152865
865	-0.0155702
866	-0.0160824
867	-0.0163485
868	-0.0162631
869	-0.0159593
870	-0.0155326
871	-0.015407
872	-0.0153443
873	-0.0155752
874	-0.0162255
875	-0.0166773
876	-0.017197
877	-0.0176941
878	-0.018033
879	-0.018161
880	-0.0182514
881	-0.018171
882	-0.0180581
883	-0.0181259
884	-0.0184372
885	-0.0186982
886	-0.0187961
887	-0.0190874
888	-0.019371
889	-0.0195443
890	-0.0200037
891	-0.0203476
892	-0.020192
893	-0.0196522
894	-0.0191576
895	-0.0190798
896	-0.0188413
897	-0.0187033
898	-0.0185551
899	-0.0181736
900	-0.0172598
901	-0.0160397
902	-0.0146163
903	-0.0130899
904	-0.0115284
905	-0.00966315
906	-0.00817195
907	-0.00720794
908	-0.00637447
909	-0.00588744
910	-0.00571924
911	-0.00609079
912	-0.00637447
913	-0.00614853
914	-0.00623138
915	-0.00666568
916	-0.00721296
917	-0.00720794
918	-0.00720794
919	-0.00706986
920	-0.00665313
921	-0.00638451
922	-0.0060682
923	-0.00623891
924	-0.00649999
925	-0.00694936
926	-0.00741128
927	-0.00777028
928	-0.00819203
929	-0.00838534
930	-0.00820458
931	-0.00768241
932	-0.00748911
933	-0.00704727
934	-0.00703723
935	-0.00757697
936	-0.00838031
937	-0.00947738
938	-0.010582
939	-0.0112874
940	-0.0116514
941	-0.0116815
942	-0.011305
943	-0.0108129
944	-0.010341
945	-0.0101527
946	-0.0101903
947	-0.0105694
948	-0.0113226
949	-0.0118548
950	-0.012643
951	-0.0131527
952	-0.0134188
953	-0.0135945
954	-0.0137476
955	-0.0136748
956	-0.0133033
957	-0.0131125
958	-0.0129845
959	-0.0130372
960	-0.0134037
961	-0.0138079
962	-0.0145033
963	-0.0153041
964	-0.0158414
965	-0.0162255
966	-0.0163635
967	-0.0161928
968	-0.0163685
969	-0.0164639
970	-0.0167225
971	-0.0169585
972	-0.0173501
973	-0.0180003
974	-0.0186731
975	-0.0192455
976	-0.0196422
977	-0.0199334
978	-0.0200564
979	-0.0194915
980	-0.0188715
981	-0.0182263
982	-0.0181384
983	-0.0182464
984	-0.0185702
985	-0.019233
986	-0.0200664
987	-0.020561
988	-0.0210932
989	-0.0214371
990	-0.0214873
991	-0.0213066
992	-0.0212664
993	-0.0212689
994	-0.0214497
995	-0.0216405
996	-0.0220271
997	-0.0221124
998	-0.0224514
999	-0.0227903
1000	-0.0229233
1001	-0.0227401
1002	-0.0222129
1003	-0.0206915
1004	-0.018038
1005	-0.014905
1006	-0.0119125
1007	-0.0086163
1008	-0.00544812
1009	-0.00254353
1010	-7.57681e-05
1011	0.00223635
1012	0.00480955
1013	0.00807564
1014	0.0129585
1015	0.0190864
1016	0.0264195
1017	0.0336395
1018	0.0403775
1019	0.002392
1020	0.00226397
1021	0.0016966
1022	0.00122966
1023	0.000845565
