0	-0.000476472
1	-0.000353461
2	-0.000591953
3	-0.000737559
4	-0.000790278
5	-0.00097103
6	-0.00103128
7	-0.00109404
8	-0.00121203
9	-0.00137019
10	-0.00143797
11	-0.00139027
12	-0.00127981
13	-0.00131245
14	-0.00121454
15	-0.00128232
16	-0.00120701
17	-0.000976051
18	-0.000938394
19	-0.000998645
20	-0.000966009
21	-0.00133253
22	-0.00163128
23	-0.00165387
24	-0.00155847
25	-0.00139781
26	-0.00163379
27	-0.00191245
28	-0.00203797
29	-0.00179948
30	-0.00167646
31	-0.00130994
32	-0.000815382
33	-0.000232959
34	2.56162e-05
35	0.000148628
36	0.00055783
37	0.0011754
38	0.00200385
39	0.00268418
40	0.00295028
41	0.0031712
42	0.00332434
43	0.00330928
44	0.00317622
45	0.00293773
46	0.00316116
47	0.00363312
48	0.0041076
49	0.00425822
50	0.004444
51	0.00456701
52	0.00463479
53	0.00439881
54	0.00430843
55	0.00414274
56	0.00431345
57	0.00515194
58	0.00680381
59	0.00905568
60	0.0141845
61	0.0301911
62	0.0782385
63	0.197909
64	0.4277
65	0.778858
66	1.21907
67	1.68242
68	2.10764
69	2.46668
70	2.75085
71	2.95816
72	3.09035
73	3.15819
74	3.17615
75	3.16039
76	3.12484
77	3.0776
78	3.02466
79	2.97098
80	2.91959
81	2.8718
82	2.82872
83	2.79131
84	2.75899
85	2.73064
86	2.70502
87	2.68179
88	2.66035
89	2.64095
90	2.62336
91	2.60819
92	2.59848
93	2.59107
94	2.58084
95	2.56693
96	2.55024
97	2.53163
98	2.51225
99	2.49217
100	2.4724
101	2.45255
102	2.43235
103	2.41175
104	2.39128
105	2.37023
106	2.34883
107	2.32708
108	2.30482
109	2.28156
110	2.25815
111	2.23472
112	2.21267
113	2.19458
114	2.18429
115	2.18711
116	2.18069
117	2.16508
118	2.15248
119	2.14157
120	2.1238
121	2.10345
122	2.08288
123	2.06189
124	2.04147
125	2.02131
126	2.0022
127	1.98363
128	1.96498
129	1.94593
130	1.92685
131	1.90787
132	1.88949
133	1.87162
134	1.85393
135	1.83607
136	1.81729
137	1.79827
138	1.77931
139	1.76058
140	1.74268
141	1.72435
142	1.70617
143	1.68803
144	1.67031
145	1.65329
146	1.63679
147	1.6214
148	1.6072
149	1.59331
150	1.57964
151	1.56588
152	1.55235
153	1.53843
154	1.52444
155	1.51051
156	1.49659
157	1.48297
158	1.46981
159	1.45664
160	1.44391
161	1.43126
162	1.41914
163	1.40662
164	1.39378
165	1.38093
166	1.37002
167	1.36329
168	1.3619
169	1.35866
170	1.34671
171	1.33441
172	1.32186
173	1.30969
174	1.2971
175	1.28448
176	1.2721
177	1.26037
178	1.24897
179	1.23647
180	1.22405
181	1.21193
182	1.20041
183	1.18957
184	1.17913
185	1.16855
186	1.15782
187	1.14659
188	1.13555
189	1.12464
190	1.11398
191	1.10377
192	1.09371
193	1.08347
194	1.07339
195	1.06347
196	1.05433
197	1.04601
198	1.03809
199	1.02992
200	1.02147
201	1.01294
202	1.00399
203	0.994719
204	0.985033
205	0.97527
206	0.96569
207	0.956479
208	0.947341
209	0.939042
210	0.932236
211	0.927102
212	0.923515
213	0.920698
214	0.916927
215	0.912205
216	0.905387
217	0.897803
218	0.890164
219	0.882853
220	0.875847
221	0.868965
222	0.861861
223	0.854483
224	0.847017
225	0.839972
226	0.833423
227	0.827232
228	0.820484
229	0.813151
230	0.80573
231	0.798515
232	0.791556
233	0.786284
234	0.784278
235	0.787135
236	0.794609
237	0.788847
238	0.782945
239	0.777379
240	0.771949
241	0.766067
242	0.7601
243	0.754477
244	0.749029
245	0.743785
246	0.739068
247	0.734732
248	0.729892
249	0.725102
250	0.720229
251	0.71507
252	0.711071
253	0.710539
254	0.714804
255	0.72212
256	0.716318
257	0.710037
258	0.703741
259	0.697811
260	0.694123
261	0.695775
262	0.70536
263	0.706366
264	0.701386
265	0.696034
266	0.690744
267	0.685803
268	0.680901
269	0.676025
270	0.671341
271	0.667236
272	0.662783
273	0.658347
274	0.653599
275	0.648857
276	0.644316
277	0.639892
278	0.636104
279	0.632301
280	0.628299
281	0.624288
282	0.620567
283	0.6171
284	0.613555
285	0.609913
286	0.606494
287	0.603232
288	0.600042
289	0.596454
290	0.59249
291	0.58825
292	0.583608
293	0.57913
294	0.574372
295	0.569926
296	0.565639
297	0.561612
298	0.557921
299	0.55454
300	0.551708
301	0.549095
302	0.546574
303	0.544106
304	0.541563
305	0.538857
306	0.53585
307	0.532287
308	0.528833
309	0.525241
310	0.521472
311	0.518121
312	0.515171
313	0.512934
314	0.511122
315	0.509395
316	0.507298
317	0.504517
318	0.501735
319	0.49979
320	0.498093
321	0.4962
322	0.494656
323	0.493549
324	0.492524
325	0.491199
326	0.490393
327	0.489798
328	0.489555
329	0.489374
330	0.488626
331	0.48717
332	0.48537
333	0.483376
334	0.480996
335	0.477996
336	0.474788
337	0.471128
338	0.467144
339	0.463147
340	0.459349
341	0.45598
342	0.453141
343	0.450595
344	0.448313
345	0.446493
346	0.444823
347	0.443162
348	0.440895
349	0.438485
350	0.436519
351	0.435731
352	0.435369
353	0.435236
354	0.43509
355	0.434649
356	0.433542
357	0.43187
358	0.429886
359	0.427205
360	0.424268
361	0.420573
362	0.416845
363	0.413297
364	0.409805
365	0.406547
366	0.403549
367	0.401621
368	0.399954
369	0.398174
370	0.396477
371	0.394723
372	0.393038
373	0.390874
374	0.388469
375	0.385587
376	0.382381
377	0.379148
378	0.37659
379	0.374694
380	0.373409
381	0.372385
382	0.371569
383	0.370484
384	0.369048
385	0.367567
386	0.366134
387	0.36464
388	0.363206
389	0.362054
390	0.36106
391	0.360272
392	0.360997
393	0.364625
394	0.371586
395	0.381385
396	0.381096
397	0.379472
398	0.377511
399	0.375726
400	0.373597
401	0.371305
402	0.368898
403	0.36656
404	0.36473
405	0.363681
406	0.363302
407	0.363161
408	0.362516
409	0.361986
410	0.361226
411	0.3605
412	0.35982
413	0.35864
414	0.357028
415	0.355386
416	0.353622
417	0.351922
418	0.349971
419	0.347855
420	0.345784
421	0.343853
422	0.341687
423	0.33994
424	0.338072
425	0.335805
426	0.333686
427	0.331811
428	0.330312
429	0.328562
430	0.326454
431	0.324174
432	0.322153
433	0.319786
434	0.317582
435	0.315312
436	0.312453
437	0.309724
438	0.307364
439	0.304598
440	0.30208
441	0.299308
442	0.296416
443	0.293657
444	0.291307
445	0.289093
446	0.286781
447	0.284577
448	0.282561
449	0.280952
450	0.279521
451	0.27818
452	0.276468
453	0.274595
454	0.272893
455	0.271377
456	0.26968
457	0.26848
458	0.266574
459	0.264694
460	0.263035
461	0.261626
462	0.259887
463	0.257926
464	0.25594
465	0.253718
466	0.251718
467	0.249677
468	0.247407
469	0.245439
470	0.243938
471	0.242439
472	0.240898
473	0.239261
474	0.237797
475	0.236853
476	0.235937
477	0.235091
478	0.234222
479	0.233329
480	0.232048
481	0.230575
482	0.229312
483	0.228305
484	0.227055
485	0.225619
486	0.223844
487	0.221997
488	0.220538
489	0.218771
490	0.216905
491	0.215178
492	0.213235
493	0.211357
494	0.209449
495	0.207727
496	0.206715
497	0.205395
498	0.203673
499	0.201885
500	0.200256
501	0.198614
502	0.197186
503	0.19578
504	0.194136
505	0.192371
506	0.190767
507	0.189484
508	0.187945
509	0.186542
510	0.185201
511	0.184634
512	0.18567
513	0.190099
514	0.198888
515	0.209803
516	0.208445
517	0.207042
518	0.205242
519	0.203552
520	0.202136
521	0.200823
522	0.199362
523	0.198273
524	0.1983
525	0.199194
526	0.200668
527	0.203075
528	0.205591
529	0.20724
530	0.208059
531	0.207903
532	0.2073
533	0.206409
534	0.205016
535	0.203949
536	0.202809
537	0.201406
538	0.199576
539	0.198155
540	0.19692
541	0.195898
542	0.195022
543	0.194098
544	0.19269
545	0.191231
546	0.189808
547	0.188269
548	0.186845
549	0.185324
550	0.183785
551	0.182557
552	0.181302
553	0.180052
554	0.178915
555	0.177863
556	0.176713
557	0.175666
558	0.17464
559	0.173874
560	0.173226
561	0.172219
562	0.170884
563	0.169601
564	0.168341
565	0.16695
566	0.165353
567	0.164078
568	0.162898
569	0.162225
570	0.16342
571	0.167256
572	0.174999
573	0.187347
574	0.195132
575	0.203254
576	0.214972
577	0.228323
578	0.240765
579	0.243722
580	0.243137
581	0.242587
582	0.242098
583	0.241184
584	0.240079
585	0.239
586	0.237805
587	0.236723
588	0.235008
589	0.233226
590	0.231624
591	0.230118
592	0.229701
593	0.230196
594	0.231576
595	0.233068
596	0.234624
597	0.236022
598	0.23723
599	0.237835
600	0.237486
601	0.236517
602	0.235508
603	0.23488
604	0.233946
605	0.233296
606	0.232101
607	0.230939
608	0.229962
609	0.228837
610	0.228034
611	0.227449
612	0.226478
613	0.225386
614	0.224065
615	0.222343
616	0.221093
617	0.219868
618	0.218286
619	0.216725
620	0.215238
621	0.214161
622	0.212861
623	0.211892
624	0.210903
625	0.210401
626	0.210074
627	0.209439
628	0.208583
629	0.20771
630	0.206567
631	0.20534
632	0.203781
633	0.20179
634	0.2
635	0.198732
636	0.197811
637	0.196684
638	0.19569
639	0.195436
640	0.195785
641	0.197203
642	0.199242
643	0.201607
644	0.20419
645	0.206266
646	0.207446
647	0.207443
648	0.207499
649	0.207534
650	0.207936
651	0.209889
652	0.213637
653	0.218238
654	0.222903
655	0.227173
656	0.2301
657	0.231489
658	0.231898
659	0.231634
660	0.230123
661	0.227886
662	0.225659
663	0.2235
664	0.221017
665	0.218065
666	0.215088
667	0.212623
668	0.210689
669	0.208759
670	0.207416
671	0.206151
672	0.205081
673	0.204474
674	0.20355
675	0.202661
676	0.201539
677	0.200668
678	0.19938
679	0.198022
680	0.196059
681	0.193897
682	0.192371
683	0.190804
684	0.189283
685	0.187922
686	0.186783
687	0.185608
688	0.184031
689	0.182158
690	0.180275
691	0.178465
692	0.176932
693	0.175528
694	0.174019
695	0.172734
696	0.170922
697	0.169026
698	0.167349
699	0.165727
700	0.164515
701	0.163478
702	0.162431
703	0.161216
704	0.159918
705	0.158681
706	0.157164
707	0.15549
708	0.153712
709	0.152028
710	0.150283
711	0.148752
712	0.147253
713	0.145975
714	0.144587
715	0.143272
716	0.141567
717	0.139762
718	0.138293
719	0.137083
720	0.136513
721	0.136092
722	0.135554
723	0.134829
724	0.134164
725	0.132738
726	0.13146
727	0.129941
728	0.128794
729	0.127433
730	0.125939
731	0.124385
732	0.122949
733	0.121639
734	0.120718
735	0.120226
736	0.119789
737	0.119596
738	0.11935
739	0.11891
740	0.118373
741	0.117883
742	0.117627
743	0.117248
744	0.116671
745	0.116083
746	0.115247
747	0.114406
748	0.113704
749	0.113056
750	0.11221
751	0.11104
752	0.109938
753	0.109132
754	0.108296
755	0.107006
756	0.1062
757	0.105299
758	0.104613
759	0.10394
760	0.102861
761	0.102181
762	0.101071
763	0.100308
764	0.0994342
765	0.0982065
766	0.0969488
767	0.0956258
768	0.0946894
769	0.0940292
770	0.0934417
771	0.0930375
772	0.092538
773	0.0918501
774	0.0909614
775	0.0900125
776	0.0888953
777	0.0880543
778	0.0873514
779	0.0867865
780	0.0860585
781	0.0858778
782	0.0858727
783	0.0860535
784	0.0858476
785	0.0859229
786	0.0861891
787	0.0864853
788	0.0864752
789	0.0863296
790	0.0863422
791	0.0861966
792	0.0855213
793	0.0847581
794	0.0839497
795	0.083051
796	0.0820845
797	0.0811983
798	0.0803096
799	0.0796343
800	0.0791222
801	0.078713
802	0.078241
803	0.0776033
804	0.076687
805	0.0757707
806	0.0749799
807	0.0744552
808	0.0739532
809	0.0735038
810	0.0727883
811	0.0724067
812	0.0718971
813	0.0712419
814	0.0705415
815	0.0702352
816	0.0696076
817	0.0691858
818	0.0686461
819	0.067903
820	0.0674536
821	0.0683273
822	0.0714327
823	0.0764059
824	0.0825715
825	0.0890685
826	0.0937129
827	0.0929723
828	0.0921915
829	0.0914183
830	0.0905572
831	0.0898819
832	0.0894476
833	0.0891037
834	0.0886217
835	0.0880669
836	0.0873815
837	0.0868844
838	0.0863623
839	0.0862091
840	0.0862342
841	0.0875095
842	0.0912024
843	0.0998258
844	0.112857
845	0.114409
846	0.114499
847	0.114961
848	0.115383
849	0.115852
850	0.116252
851	0.116199
852	0.115714
853	0.115242
854	0.114743
855	0.114437
856	0.114507
857	0.114708
858	0.115062
859	0.11534
860	0.115461
861	0.11538
862	0.11516
863	0.115039
864	0.114873
865	0.114492
866	0.113643
867	0.112857
868	0.111791
869	0.111263
870	0.110626
871	0.110196
872	0.109476
873	0.108881
874	0.108258
875	0.10799
876	0.107681
877	0.107405
878	0.107237
879	0.107194
880	0.106885
881	0.106569
882	0.10613
883	0.10571
884	0.105118
885	0.104282
886	0.103915
887	0.103848
888	0.103684
889	0.102999
890	0.102519
891	0.102301
892	0.102155
893	0.101869
894	0.101269
895	0.101089
896	0.10154
897	0.102494
898	0.1033
899	0.103966
900	0.104023
901	0.104099
902	0.104478
903	0.105193
904	0.105939
905	0.107638
906	0.109604
907	0.111685
908	0.113726
909	0.115549
910	0.117828
911	0.120007
912	0.121626
913	0.123266
914	0.124684
915	0.125814
916	0.126334
917	0.126582
918	0.126582
919	0.126344
920	0.126364
921	0.126281
922	0.126098
923	0.125445
924	0.124872
925	0.124165
926	0.123627
927	0.12316
928	0.122794
929	0.122485
930	0.122744
931	0.122947
932	0.12309
933	0.122975
934	0.122693
935	0.121857
936	0.121408
937	0.120806
938	0.120075
939	0.119096
940	0.118157
941	0.117602
942	0.117283
943	0.117007
944	0.117143
945	0.117364
946	0.117765
947	0.117939
948	0.118084
949	0.117464
950	0.11708
951	0.116776
952	0.116324
953	0.115837
954	0.114843
955	0.113869
956	0.112345
957	0.111321
958	0.110066
959	0.108723
960	0.107048
961	0.105417
962	0.104254
963	0.103373
964	0.102575
965	0.101335
966	0.100222
967	0.0992333
968	0.0984676
969	0.0975513
970	0.0968484
971	0.0963764
972	0.0958442
973	0.0955304
974	0.0951614
975	0.0950559
976	0.0945965
977	0.0941246
978	0.0934794
979	0.0931681
980	0.0927313
981	0.0925304
982	0.0923698
983	0.0922794
984	0.0918325
985	0.0905748
986	0.089425
987	0.088328
988	0.0870501
989	0.0861539
990	0.0860384
991	0.0862342
992	0.0864803
993	0.0869849
994	0.0872259
995	0.0875372
996	0.0878384
997	0.0881823
998	0.0879865
999	0.0875522
1000	0.0872259
1001	0.0869723
1002	0.0863648
1003	0.085938
1004	0.0872359
1005	0.0903689
1006	0.094599
1007	0.0990827
1008	0.103499
1009	0.107159
1010	0.110023
1011	0.11158
1012	0.112145
1013	0.111979
1014	0.111552
1015	0.110427
1016	0.109242
1017	0.107832
1018	0.106345
1019	0.105361
1020	0.10498
1021	0.105058
1022	0.105266
1023	0.105695
