0	-0.000427429
1	-0.000414877
2	-0.000394793
3	-0.000309438
4	-0.000291865
5	-9.10293e-05
6	0.000350809
7	0.000461268
8	0.000240349
9	0.000298089
10	0.000167546
11	0.000109806
12	-0.000269271
13	-0.000580566
14	-0.000593118
15	-0.000701067
16	-0.000809016
17	-0.000570524
18	-0.000136217
19	9.72539e-05
20	0.000107296
21	-8.85189e-05
22	0.000109806
23	0.000117337
24	-0.000143749
25	-0.000281823
26	-0.000281823
27	-0.000138728
28	8.72122e-05
29	7.21495e-05
30	0.000175078
31	0.000343277
32	0.000421101
33	0.000325704
34	0.000182609
35	0.000295579
36	0.000401018
37	0.000323194
38	0.000112317
39	0.000102275
40	0.000222776
41	0.000154994
42	-8.18468e-06
43	-0.00032199
44	-0.000352115
45	-0.000394793
46	-0.000138728
47	0.000318173
48	0.000943273
49	0.00119934
50	0.00119432
51	0.00130729
52	0.00151816
53	0.00194996
54	0.00222862
55	0.00281104
56	0.00401355
57	0.00611479
58	0.0121399
59	0.0294694
60	0.0714541
61	0.152095
62	0.271614
63	0.417323
64	0.573907
65	0.730194
66	0.878579
67	1.01462
68	1.13538
69	1.23919
70	1.32557
71	1.39462
72	1.44785
73	1.48671
74	1.51368
75	1.53161
76	1.54403
77	1.55339
78	1.56048
79	1.5661
80	1.57001
81	1.57255
82	1.57393
83	1.57497
84	1.57548
85	1.57606
86	1.57646
87	1.57663
88	1.57706
89	1.57731
90	1.57669
91	1.57434
92	1.56918
93	1.56122
94	1.55141
95	1.54129
96	1.53207
97	1.52444
98	1.51808
99	1.51197
100	1.50508
101	1.49702
102	1.48726
103	1.47667
104	1.46544
105	1.45375
106	1.44217
107	1.43116
108	1.42099
109	1.41163
110	1.40255
111	1.39361
112	1.38508
113	1.37689
114	1.36926
115	1.36238
116	1.35607
117	1.34971
118	1.34254
119	1.33398
120	1.32418
121	1.3134
122	1.30181
123	1.2483
124	1.2368
125	1.22662
126	1.21802
127	1.21034
128	1.20332
129	1.19507
130	1.18435
131	1.17101
132	1.15591
133	1.14048
134	1.12594
135	1.11321
136	1.10274
137	1.09413
138	1.08731
139	1.08125
140	1.07489
141	1.06756
142	1.05801
143	1.04498
144	1.07036
145	1.05327
146	1.03672
147	1.0224
148	1.01164
149	1.00437
150	0.999091
151	0.994235
152	0.98933
153	0.983242
154	0.975344
155	0.964931
156	0.951784
157	0.936307
158	0.920303
159	0.906079
160	0.895387
161	0.888729
162	0.885428
163	0.882862
164	0.878873
165	0.871854
166	0.862455
167	0.851278
168	0.838784
169	0.825506
170	0.812673
171	0.800685
172	0.790099
173	0.781438
174	0.774717
175	0.770098
176	0.765795
177	0.760769
178	0.754639
179	0.746972
180	0.738283
181	0.728603
182	0.717876
183	0.706822
184	0.695716
185	0.685599
186	0.677302
187	0.671784
188	0.66909
189	0.667428
190	0.665475
191	0.661722
192	0.655074
193	0.645778
194	0.634095
195	0.621377
196	0.609299
197	0.599631
198	0.592949
199	0.589652
200	0.588781
201	0.588442
202	0.5868
203	0.582405
204	0.575047
205	0.565442
206	0.554067
207	0.542233
208	0.531754
209	0.523839
210	0.518677
211	0.515911
212	0.514407
213	0.513257
214	0.511487
215	0.508038
216	0.502354
217	0.494692
218	0.485635
219	0.476203
220	0.467421
221	0.459795
222	0.45438
223	0.45078
224	0.448176
225	0.446145
226	0.444152
227	0.441842
228	0.438453
229	0.433312
230	0.426805
231	0.419334
232	0.411825
233	0.40517
234	0.400257
235	0.397352
236	0.396064
237	0.395871
238	0.396213
239	0.396059
240	0.394915
241	0.392133
242	0.387316
243	0.380854
244	0.373729
245	0.366735
246	0.360235
247	0.355594
248	0.353289
249	0.35301
250	0.353816
251	0.354662
252	0.3542
253	0.35179
254	0.347641
255	0.342077
256	0.335631
257	0.329503
258	0.324539
259	0.32103
260	0.319257
261	0.319285
262	0.320232
263	0.320957
264	0.320437
265	0.31817
266	0.313634
267	0.306971
268	0.299859
269	0.293131
270	0.287566
271	0.283991
272	0.282522
273	0.282595
274	0.283516
275	0.283893
276	0.282768
277	0.279864
278	0.275177
279	0.26927
280	0.26278
281	0.256599
282	0.25144
283	0.24782
284	0.245679
285	0.244647
286	0.24468
287	0.244845
288	0.24422
289	0.242235
290	0.238677
291	0.233661
292	0.228136
293	0.222648
294	0.218031
295	0.214441
296	0.211923
297	0.210407
298	0.209539
299	0.209531
300	0.209516
301	0.208577
302	0.206747
303	0.20381
304	0.19964
305	0.194621
306	0.189563
307	0.185192
308	0.182192
309	0.180761
310	0.180345
311	0.180415
312	0.180365
313	0.179868
314	0.17856
315	0.176338
316	0.172876
317	0.168729
318	0.164481
319	0.161034
320	0.158582
321	0.157233
322	0.15701
323	0.157259
324	0.157605
325	0.157522
326	0.15643
327	0.15458
328	0.152014
329	0.148836
330	0.145698
331	0.143268
332	0.141925
333	0.141046
334	0.14067
335	0.140657
336	0.140494
337	0.140233
338	0.139384
339	0.137639
340	0.134873
341	0.131878
342	0.128484
343	0.125783
344	0.12388
345	0.123109
346	0.122795
347	0.12327
348	0.123325
349	0.123127
350	0.122233
351	0.120609
352	0.118482
353	0.116145
354	0.113878
355	0.111691
356	0.110278
357	0.109302
358	0.108752
359	0.10836
360	0.108109
361	0.107489
362	0.106319
363	0.104353
364	0.101853
365	0.0992723
366	0.0968071
367	0.0945502
368	0.0927828
369	0.092105
370	0.0920699
371	0.0921627
372	0.0924188
373	0.0920548
374	0.0910883
375	0.0892782
376	0.0868205
377	0.0843076
378	0.0819754
379	0.0799243
380	0.0784306
381	0.0776197
382	0.0776775
383	0.0779938
384	0.0781269
385	0.0775344
386	0.0763545
387	0.0745846
388	0.0723277
389	0.0701361
390	0.0683537
391	0.0671487
392	0.0670257
393	0.0675554
394	0.0685169
395	0.0697093
396	0.0708591
397	0.0714415
398	0.0716901
399	0.0712106
400	0.0701939
401	0.0691294
402	0.0679972
403	0.0670909
404	0.066137
405	0.0652859
406	0.0647587
407	0.0644575
408	0.0640935
409	0.0641161
410	0.0635939
411	0.0624391
412	0.0610157
413	0.0594241
414	0.0577395
415	0.0560575
416	0.0548073
417	0.0536601
418	0.0532007
419	0.0531329
420	0.0534015
421	0.0537103
422	0.0537505
423	0.0532408
424	0.0519781
425	0.0503086
426	0.0484484
427	0.0465555
428	0.0451396
429	0.0439924
430	0.0435078
431	0.0432794
432	0.0429982
433	0.0428175
434	0.0421572
435	0.0414468
436	0.0404476
437	0.0390895
438	0.0376133
439	0.0360594
440	0.0346661
441	0.0333431
442	0.0329916
443	0.0326226
444	0.0321682
445	0.0314
446	0.0306368
447	0.0298786
448	0.0291481
449	0.028154
450	0.0273004
451	0.0263515
452	0.0255983
453	0.0248753
454	0.0240168
455	0.023482
456	0.0230327
457	0.0223875
458	0.0216394
459	0.0208009
460	0.0197791
461	0.0186846
462	0.0175022
463	0.0165156
464	0.0159432
465	0.0153557
466	0.0146076
467	0.0141658
468	0.0140076
469	0.0133675
470	0.012411
471	0.0114947
472	0.0104754
473	0.00949384
474	0.00875075
475	0.00810306
476	0.00786457
477	0.00789218
478	0.00807544
479	0.00814574
480	0.00830389
481	0.00830891
482	0.00821101
483	0.00779176
484	0.00733486
485	0.00704365
486	0.00702357
487	0.00690307
488	0.00683277
489	0.00683026
490	0.00684533
491	0.00683528
492	0.00663194
493	0.00649637
494	0.00602692
495	0.00533153
496	0.00460099
497	0.00384033
498	0.00327548
499	0.0026077
500	0.00207548
501	0.00191733
502	0.00201774
503	0.00197256
504	0.00211816
505	0.0020554
506	0.00124704
507	0.000428632
508	-0.000467596
509	-0.00114039
510	-0.00192114
511	-0.00245587
512	-0.00266925
513	-0.00269687
514	-0.00262658
515	-0.00226507
516	-0.00199395
517	-0.00197386
518	-0.00246591
519	-0.00310356
520	-0.0037387
521	-0.00441903
522	-0.00493116
523	-0.00553869
524	-0.00581986
525	-0.00598806
526	-0.00607091
527	-0.0062617
528	-0.0064776
529	-0.006455
530	-0.00649015
531	-0.00702236
532	-0.00742655
533	-0.00795876
534	-0.00858888
535	-0.00914871
536	-0.00947507
537	-0.00956293
538	-0.00946503
539	-0.00927423
540	-0.00907842
541	-0.0090257
542	-0.00910352
543	-0.00996962
544	-0.0112248
545	-0.0120156
546	-0.0127261
547	-0.0132734
548	-0.0136499
549	-0.0137629
550	-0.0136173
551	-0.0134541
552	-0.0137077
553	-0.0141621
554	-0.014496
555	-0.0148474
556	-0.0155478
557	-0.0163587
558	-0.0169612
559	-0.0173202
560	-0.0173528
561	-0.0172549
562	-0.0172198
563	-0.0170064
564	-0.0168633
565	-0.0171269
566	-0.0177771
567	-0.0182717
568	-0.0188491
569	-0.0191528
570	-0.0192633
571	-0.0192181
572	-0.018706
573	-0.0180206
574	-0.0174608
575	-0.0166775
576	-0.0158265
577	-0.0154072
578	-0.0152867
579	-0.0150809
580	-0.0150558
581	-0.0153018
582	-0.0152742
583	-0.0150809
584	-0.0149303
585	-0.0147144
586	-0.0143303
587	-0.0139386
588	-0.0138031
589	-0.0137805
590	-0.0136399
591	-0.0134918
592	-0.0129671
593	-0.0129696
594	-0.0126734
595	-0.0123897
596	-0.0118525
597	-0.0114483
598	-0.011147
599	-0.010537
600	-0.00994201
601	-0.00972109
602	-0.0101002
603	-0.0105571
604	-0.0109487
605	-0.0113428
606	-0.011978
607	-0.012332
608	-0.0127763
609	-0.0128315
610	-0.0129294
611	-0.0129119
612	-0.0129094
613	-0.0127386
614	-0.0128792
615	-0.0131855
616	-0.013788
617	-0.0143905
618	-0.0148801
619	-0.015219
620	-0.0154926
621	-0.015101
622	-0.0143303
623	-0.0139311
624	-0.0138031
625	-0.0134566
626	-0.0137604
627	-0.0144784
628	-0.0150959
629	-0.0156156
630	-0.0161378
631	-0.0164541
632	-0.0165294
633	-0.0164968
634	-0.016562
635	-0.0165018
636	-0.0165344
637	-0.0168307
638	-0.0172976
639	-0.0177495
640	-0.0182114
641	-0.0187336
642	-0.0191553
643	-0.019444
644	-0.019429
645	-0.0195043
646	-0.0195645
647	-0.0195796
648	-0.018947
649	-0.0164089
650	-0.0115261
651	-0.00510941
652	0.00170896
653	0.00854239
654	0.014934
655	-0.0233553
656	-0.0233453
657	-0.0230214
658	-0.0223411
659	-0.0223612
660	-0.0224566
661	-0.0230365
662	-0.0235536
663	-0.0242063
664	-0.0247009
665	-0.024957
666	-0.0249017
667	-0.0247888
668	-0.0247185
669	-0.0244599
670	-0.0240105
671	-0.0239854
672	-0.0243344
673	-0.0251628
674	-0.0260691
675	-0.0266565
676	-0.0271938
677	-0.0277084
678	-0.0280925
679	-0.0279921
680	-0.0277988
681	-0.027239
682	-0.027131
683	-0.0269001
684	-0.0268724
685	-0.0274047
686	-0.0281126
687	-0.0286825
688	-0.0291394
689	-0.0295887
690	-0.0296967
691	-0.0298423
692	-0.0298097
693	-0.0297268
694	-0.029644
695	-0.0295963
696	-0.029659
697	-0.0301661
698	-0.030731
699	-0.0317502
700	-0.0326665
701	-0.0330707
702	-0.0328373
703	-0.0327017
704	-0.0323954
705	-0.0320841
706	-0.0319335
707	-0.0319812
708	-0.0321569
709	-0.0326916
710	-0.0331435
711	-0.0338766
712	-0.034469
713	-0.0348406
714	-0.0350766
715	-0.0348757
716	-0.0346598
717	-0.034464
718	-0.0345092
719	-0.0345142
720	-0.0345092
721	-0.034818
722	-0.0352347
723	-0.0356113
724	-0.0362665
725	-0.0368188
726	-0.037336
727	-0.0374565
728	-0.0373636
729	-0.036746
730	-0.036387
731	-0.0363519
732	-0.0364322
733	-0.0365778
734	-0.0369845
735	-0.0379209
736	-0.0390757
737	-0.039987
738	-0.0405644
739	-0.0403661
740	-0.0400498
741	-0.0395401
742	-0.038787
743	-0.0383602
744	-0.0385435
745	-0.0389075
746	-0.0394849
747	-0.0401125
748	-0.0406949
749	-0.04131
750	-0.000585585
751	-0.000901901
752	-0.00100985
753	-0.00107512
754	-0.000881818
755	-0.000738722
756	-0.00111027
757	-0.00151947
758	-0.00196884
759	-0.0025613
760	-0.00312113
761	-0.00409519
762	-0.00484079
763	-0.00504413
764	-0.00515459
765	-0.00520982
766	-0.00522488
767	-0.00513451
768	-0.00491359
769	-0.00517719
770	-0.00569183
771	-0.00611609
772	-0.0068391
773	-0.0078483
774	-0.00880227
775	-0.00918636
776	-0.00950519
777	-0.00958301
778	-0.00941984
779	-0.00908595
780	-0.0090508
781	-0.00923657
782	-0.00953532
783	-0.0100977
784	-0.010788
785	-0.01127
786	-0.0117169
787	-0.012234
788	-0.0126558
789	-0.0128566
790	-0.012947
791	-0.0131604
792	-0.0134717
793	-0.013429
794	-0.01366
795	-0.01367
796	-0.0140516
797	-0.0144357
798	-0.014634
799	-0.0149378
800	-0.0152692
801	-0.0156608
802	-0.015711
803	-0.0154826
804	-0.015116
805	-0.0149177
806	-0.0149328
807	-0.0155202
808	-0.016183
809	-0.017034
810	-0.0176591
811	-0.0179654
812	-0.0182566
813	-0.0187989
814	-0.0192206
815	-0.0191629
816	-0.0191478
817	-0.0191503
818	-0.019562
819	-0.019916
820	-0.020275
821	-0.020767
822	-0.021244
823	-0.0215629
824	-0.0214223
825	-0.0214976
826	-0.021957
827	-0.0223135
828	-0.0224064
829	-0.0223813
830	-0.022552
831	-0.0227528
832	-0.0227101
833	-0.022803
834	-0.0233026
835	-0.0239377
836	-0.0243971
837	-0.0243444
838	-0.0243218
839	-0.0239829
840	-0.0231972
841	-0.0221603
842	-0.0209177
843	-0.0197051
844	-0.0184173
845	-0.0171646
846	-0.0163512
847	-0.0158767
848	-0.0156106
849	-0.0152265
850	-0.0149328
851	-0.0152315
852	-0.0158089
853	-0.0157939
854	-0.015839
855	-0.0157185
856	-0.015701
857	-0.0155453
858	-0.0150959
859	-0.0148449
860	-0.0145939
861	-0.0144608
862	-0.0142399
863	-0.0144031
864	-0.0146993
865	-0.0150934
866	-0.0150759
867	-0.0151888
868	-0.0151763
869	-0.0151085
870	-0.0148775
871	-0.0148575
872	-0.0150056
873	-0.0151336
874	-0.0155052
875	-0.0159294
876	-0.0166399
877	-0.0174633
878	-0.0182415
879	-0.0186106
880	-0.0188566
881	-0.0188867
882	-0.0189696
883	-0.0190248
884	-0.0190198
885	-0.0193662
886	-0.0197528
887	-0.0200767
888	-0.0203051
889	-0.0205687
890	-0.0209378
891	-0.0213244
892	-0.0216457
893	-0.021839
894	-0.0217486
895	-0.0215779
896	-0.0217361
897	-0.0217361
898	-0.0216256
899	-0.0212666
900	-0.0205712
901	-0.0194742
902	-0.0181612
903	-0.0167779
904	-0.0151286
905	-0.0135194
906	-0.0121813
907	-0.0110441
908	-0.0100274
909	-0.00930938
910	-0.00888511
911	-0.00869934
912	-0.00848846
913	-0.00838051
914	-0.00817215
915	-0.00822738
916	-0.00827508
917	-0.00845081
918	-0.0081119
919	-0.00776043
920	-0.00748931
921	-0.00733115
922	-0.00745165
923	-0.00779056
924	-0.00833031
925	-0.00874704
926	-0.00901566
927	-0.00961314
928	-0.0102684
929	-0.0106399
930	-0.0105997
931	-0.0104516
932	-0.00991188
933	-0.0096508
934	-0.00954034
935	-0.00994201
936	-0.0105269
937	-0.0113102
938	-0.0120734
939	-0.0126332
940	-0.0130248
941	-0.0130449
942	-0.0132432
943	-0.0132734
944	-0.0132558
945	-0.013065
946	-0.013188
947	-0.0132884
948	-0.0132307
949	-0.0136248
950	-0.0143102
951	-0.0149453
952	-0.0155001
953	-0.0158491
954	-0.0163085
955	-0.0168106
956	-0.0170767
957	-0.0170817
958	-0.0167428
959	-0.0170139
960	-0.0172725
961	-0.017752
962	-0.0183645
963	-0.0189771
964	-0.0196524
965	-0.0200491
966	-0.0199411
967	-0.0198407
968	-0.0197378
969	-0.0199386
970	-0.0196775
971	-0.0194315
972	-0.0194842
973	-0.0197503
974	-0.0199587
975	-0.0202424
976	-0.0205311
977	-0.0210507
978	-0.0211838
979	-0.0211285
980	-0.0208173
981	-0.0206541
982	-0.020639
983	-0.0205285
984	-0.020634
985	-0.0209352
986	-0.0215177
987	-0.021962
988	-0.022331
989	-0.0225721
990	-0.0228432
991	-0.0230992
992	-0.0233051
993	-0.0236089
994	-0.023885
995	-0.0240105
996	-0.0240507
997	-0.0240407
998	-0.0240532
999	-0.0241812
1000	-0.0243193
1001	-0.0244022
1002	-0.0239553
1003	-0.0224641
1004	-0.0194742
1005	-0.0156307
1006	-0.0113303
1007	-0.00707006
1008	-0.00296047
1009	0.000742438
1010	0.00381522
1011	0.00637587
1012	0.00838423
1013	0.0103248
1014	-0.028449
1015	-0.0242942
1016	-0.0181361
1017	-0.0110692
1018	-0.00380398
1019	-0.0385234
1020	-0.0385485
1021	-0.0385234
1022	-0.0383904
1023	-0.0384431
