0	6.22704e-05
1	0.000108904
2	0.000306411
3	0.000325613
4	0.000449055
5	0.000394192
6	0.000451798
7	0.000377733
8	0.000133592
9	0.000207658
10	0.000182969
11	0.00047923
12	0.000460028
13	0.000292695
14	0.000229603
15	0.000248805
16	8.9702e-05
17	0.000287209
18	0.000128106
19	-9.05153e-06
20	-0.000192843
21	-0.000176384
22	-0.000220274
23	-0.000236733
24	-7.21441e-05
25	-0.000198329
26	-9.05153e-06
27	0.000171997
28	0.00022686
29	0.000193942
30	0.00012262
31	-7.48872e-05
32	-0.000225761
33	-0.000302569
34	-0.000168154
35	-8.31167e-05
36	1.01505e-05
37	1.01505e-05
38	1.56368e-05
39	-7.76304e-05
40	-5.2942e-05
41	-0.000198329
42	-0.000173641
43	-0.000201072
44	-0.000406809
45	-0.000415038
46	-0.000461672
47	-0.000645463
48	-0.00069484
49	-0.000670151
50	-0.000579627
51	-0.000626261
52	-0.000845713
53	-0.000821025
54	-0.00054671
55	-0.000659179
56	-0.000664665
57	-0.000700326
58	-0.000604316
59	0.000117134
60	0.00235555
61	0.0100254
62	0.0308212
63	0.083605
64	0.198678
65	0.403811
66	0.697443
67	1.04438
68	1.38961
69	1.68572
70	1.90641
71	2.04636
72	2.11657
73	2.13565
74	2.12265
75	2.09233
76	2.05528
77	2.01767
78	1.98315
79	1.95306
80	1.92785
81	1.90695
82	1.88955
83	1.87457
84	1.86111
85	1.84861
86	1.83636
87	1.82393
88	1.81067
89	1.79699
90	1.78323
91	1.77023
92	1.75724
93	1.74431
94	1.7313
95	1.71863
96	1.70564
97	1.69291
98	1.68005
99	1.66674
100	1.65327
101	1.63987
102	1.6266
103	1.61353
104	1.60054
105	1.58794
106	1.57523
107	1.56264
108	1.54961
109	1.53664
110	1.52346
111	1.51021
112	1.49647
113	1.4828
114	1.46861
115	1.45471
116	1.4408
117	1.4268
118	1.41253
119	1.39849
120	1.38466
121	1.37165
122	1.35885
123	1.3467
124	1.33483
125	1.32331
126	1.31225
127	1.30131
128	1.29022
129	1.27892
130	1.26751
131	1.25589
132	1.24422
133	1.23233
134	1.22036
135	1.20842
136	1.1961
137	1.18366
138	1.17143
139	1.15954
140	1.14821
141	1.13687
142	1.12544
143	1.11408
144	1.10272
145	1.09143
146	1.08013
147	1.06869
148	1.05701
149	1.04529
150	1.03391
151	1.02288
152	1.01203
153	1.00138
154	0.991153
155	0.980611
156	0.970156
157	0.95971
158	0.94938
159	0.93931
160	0.929585
161	0.920014
162	0.910361
163	0.901048
164	0.892155
165	0.883467
166	0.874344
167	0.865042
168	0.855589
169	0.846303
170	0.837322
171	0.828895
172	0.820424
173	0.81217
174	0.804111
175	0.796369
176	0.788818
177	0.781603
178	0.774786
179	0.767786
180	0.760505
181	0.752984
182	0.744968
183	0.737035
184	0.729
185	0.721078
186	0.713197
187	0.705437
188	0.697846
189	0.69039
190	0.682874
191	0.675457
192	0.66802
193	0.660293
194	0.652752
195	0.645633
196	0.638797
197	0.632148
198	0.625476
199	0.618657
200	0.611692
201	0.605191
202	0.599139
203	0.593927
204	0.590446
205	0.589423
206	0.590131
207	0.590778
208	0.589975
209	0.587717
210	0.584258
211	0.579471
212	0.573938
213	0.567939
214	0.561775
215	0.555853
216	0.55016
217	0.544608
218	0.53876
219	0.53258
220	0.526671
221	0.52111
222	0.515783
223	0.510623
224	0.505496
225	0.500633
226	0.495319
227	0.489775
228	0.48424
229	0.479011
230	0.474271
231	0.470203
232	0.467213
233	0.464851
234	0.463208
235	0.461277
236	0.458808
237	0.455741
238	0.45237
239	0.448787
240	0.445092
241	0.441238
242	0.437677
243	0.434479
244	0.431217
245	0.427989
246	0.424793
247	0.42143
248	0.41833
249	0.415011
250	0.411777
251	0.408403
252	0.404858
253	0.400788
254	0.396525
255	0.392533
256	0.388295
257	0.384312
258	0.3804
259	0.376535
260	0.372892
261	0.369529
262	0.366188
263	0.362943
264	0.359632
265	0.356307
266	0.352815
267	0.348994
268	0.345412
269	0.341568
270	0.338087
271	0.334793
272	0.3314
273	0.328305
274	0.325159
275	0.322405
276	0.320098
277	0.318125
278	0.31609
279	0.313934
280	0.311797
281	0.30921
282	0.306429
283	0.303444
284	0.300876
285	0.298742
286	0.297022
287	0.295264
288	0.293752
289	0.292266
290	0.290521
291	0.28859
292	0.286379
293	0.283789
294	0.281249
295	0.278739
296	0.276125
297	0.273467
298	0.270847
299	0.268628
300	0.266483
301	0.26436
302	0.262267
303	0.260324
304	0.258316
305	0.256059
306	0.253774
307	0.251401
308	0.24894
309	0.246233
310	0.243638
311	0.241035
312	0.238588
313	0.235971
314	0.233337
315	0.230956
316	0.22832
317	0.226065
318	0.223923
319	0.222
320	0.220123
321	0.218198
322	0.216154
323	0.214069
324	0.211784
325	0.209579
326	0.207606
327	0.205722
328	0.203761
329	0.201838
330	0.199934
331	0.198233
332	0.196818
333	0.195306
334	0.193732
335	0.192179
336	0.190654
337	0.1892
338	0.187878
339	0.186531
340	0.185132
341	0.183368
342	0.181536
343	0.179717
344	0.178101
345	0.176491
346	0.174708
347	0.172837
348	0.170933
349	0.169287
350	0.168015
351	0.166808
352	0.16548
353	0.164509
354	0.163848
355	0.163329
356	0.163263
357	0.163425
358	0.163636
359	0.16373
360	0.163428
361	0.163156
362	0.162893
363	0.162515
364	0.16184
365	0.160844
366	0.159642
367	0.158038
368	0.156625
369	0.155053
370	0.153854
371	0.152604
372	0.151454
373	0.150626
374	0.150906
375	0.151819
376	0.153544
377	0.156065
378	0.158979
379	0.161884
380	0.164281
381	0.165908
382	0.166616
383	0.166056
384	0.164808
385	0.163036
386	0.161357
387	0.159642
388	0.158019
389	0.156348
390	0.154974
391	0.153646
392	0.152401
393	0.15113
394	0.149962
395	0.148716
396	0.147345
397	0.145814
398	0.144484
399	0.143291
400	0.142125
401	0.141225
402	0.140298
403	0.139302
404	0.138257
405	0.13739
406	0.136219
407	0.134965
408	0.133835
409	0.132647
410	0.131621
411	0.130702
412	0.129748
413	0.129056
414	0.128316
415	0.127432
416	0.126637
417	0.1256
418	0.12444
419	0.123479
420	0.122659
421	0.121732
422	0.120994
423	0.120262
424	0.119549
425	0.119175
426	0.118569
427	0.117738
428	0.116753
429	0.116029
430	0.115448
431	0.115203
432	0.115173
433	0.115121
434	0.114891
435	0.114397
436	0.113711
437	0.113305
438	0.113837
439	0.114948
440	0.116696
441	0.118479
442	0.119705
443	0.120042
444	0.119809
445	0.119063
446	0.117845
447	0.116803
448	0.11567
449	0.114419
450	0.113119
451	0.112584
452	0.113119
453	0.115261
454	0.118273
455	0.121754
456	0.124996
457	0.127002
458	0.127959
459	0.127819
460	0.127089
461	0.126225
462	0.125405
463	0.124612
464	0.123603
465	0.122522
466	0.121647
467	0.120742
468	0.120361
469	0.120574
470	0.120953
471	0.121847
472	0.122988
473	0.124124
474	0.124862
475	0.124777
476	0.124198
477	0.123526
478	0.122873
479	0.122006
480	0.121085
481	0.119787
482	0.11858
483	0.117305
484	0.116054
485	0.114913
486	0.11364
487	0.112611
488	0.111396
489	0.110452
490	0.109347
491	0.108708
492	0.108313
493	0.108173
494	0.108151
495	0.108137
496	0.108003
497	0.107747
498	0.107328
499	0.106982
500	0.106664
501	0.106535
502	0.106041
503	0.105575
504	0.105029
505	0.10414
506	0.103249
507	0.102404
508	0.101542
509	0.100563
510	0.0995235
511	0.0986759
512	0.0977734
513	0.0968023
514	0.0957901
515	0.0946517
516	0.0937382
517	0.0926217
518	0.0916397
519	0.0906933
520	0.0897497
521	0.0885783
522	0.0878541
523	0.087012
524	0.0864935
525	0.0860546
526	0.0855581
527	0.0849162
528	0.084598
529	0.0842277
530	0.0835885
531	0.0831798
532	0.0828835
533	0.0822389
534	0.0815943
535	0.0811993
536	0.0804696
537	0.0794793
538	0.0785466
539	0.0779184
540	0.077282
541	0.0771065
542	0.0771613
543	0.07788
544	0.079109
545	0.0804641
546	0.0815175
547	0.0822801
548	0.0827327
549	0.0827107
550	0.0822554
551	0.0816354
552	0.0810648
553	0.0804394
554	0.0798716
555	0.0790459
556	0.0783738
557	0.0776249
558	0.0769775
559	0.0764783
560	0.0757568
561	0.0749065
562	0.0740396
563	0.0731426
564	0.0727531
565	0.0722072
566	0.071782
567	0.071387
568	0.0712224
569	0.0710386
570	0.0711511
571	0.0712663
572	0.0712471
573	0.0712773
574	0.0713431
575	0.07128
576	0.071291
577	0.0711566
578	0.0709975
579	0.070778
580	0.0708329
581	0.0706628
582	0.070564
583	0.0702897
584	0.0703556
585	0.0706409
586	0.0709892
587	0.0710825
588	0.0710057
589	0.0710167
590	0.0707808
591	0.0704049
592	0.0698892
593	0.0696423
594	0.0692473
595	0.0688441
596	0.0688167
597	0.068578
598	0.0686246
599	0.0682598
600	0.0679553
601	0.0675905
602	0.0673491
603	0.0666029
604	0.0662299
605	0.0655989
606	0.0647458
607	0.0640737
608	0.0635224
609	0.0630259
610	0.0623757
611	0.061753
612	0.0613361
613	0.0625129
614	0.0678675
615	0.0780199
616	0.091231
617	0.0987335
618	0.0980587
619	0.0973564
620	0.0970876
621	0.0968736
622	0.096624
623	0.0961988
624	0.0955405
625	0.0952963
626	0.0947916
627	0.0942292
628	0.0939961
629	0.0934529
630	0.093014
631	0.0926135
632	0.0922048
633	0.0917741
634	0.091231
635	0.0905781
636	0.0901035
637	0.0896619
638	0.0893601
639	0.0890858
640	0.088806
641	0.088315
642	0.088123
643	0.0879035
644	0.0877444
645	0.0884521
646	0.0902626
647	0.0925943
648	0.0956886
649	0.0984455
650	0.100582
651	0.102215
652	0.103219
653	0.104033
654	0.104338
655	0.104609
656	0.104549
657	0.10453
658	0.104373
659	0.104044
660	0.103893
661	0.103572
662	0.103139
663	0.102431
664	0.101798
665	0.101186
666	0.100774
667	0.100231
668	0.0996799
669	0.0992135
670	0.0989996
671	0.0986814
672	0.098311
673	0.0977597
674	0.0973729
675	0.0970656
676	0.0969696
677	0.0969011
678	0.0969669
679	0.0967666
680	0.0965801
681	0.0964896
682	0.0962564
683	0.0961193
684	0.0959684
685	0.095513
686	0.0948848
687	0.0941058
688	0.093538
689	0.0933322
690	0.0928165
691	0.0920567
692	0.0914724
693	0.0910389
694	0.0907921
695	0.0905424
696	0.0901941
697	0.0897606
698	0.0896811
699	0.0893629
700	0.0888965
701	0.0885344
702	0.0884714
703	0.0879172
704	0.0874372
705	0.0869681
706	0.0866883
707	0.086296
708	0.0859806
709	0.0856048
710	0.0852207
711	0.0848284
712	0.0844526
713	0.0840247
714	0.0836461
715	0.0833773
716	0.0831441
717	0.0828918
718	0.0827546
719	0.082409
720	0.0820249
721	0.0817726
722	0.0816546
723	0.0811993
724	0.0808399
725	0.0809112
726	0.0807741
727	0.0814681
728	0.0822883
729	0.0835172
730	0.0847105
731	0.0859038
732	0.0868501
733	0.0879502
734	0.0889295
735	0.0900541
736	0.0910115
737	0.0916616
738	0.0916946
739	0.0916863
740	0.0915739
741	0.0912172
742	0.0907317
743	0.090515
744	0.0900514
745	0.0897689
746	0.0903038
747	0.0914285
748	0.0931512
749	0.0949726
750	0.0966844
751	0.0978173
752	0.0981327
753	0.09813
754	0.0977377
755	0.0972522
756	0.0965445
757	0.0956474
758	0.0947669
759	0.0938754
760	0.0931704
761	0.0924434
762	0.0916562
763	0.0907674
764	0.0900706
765	0.0896811
766	0.0890035
767	0.0886826
768	0.0884247
769	0.0882546
770	0.0880654
771	0.0876566
772	0.0870669
773	0.0863015
774	0.0854018
775	0.0846529
776	0.0838738
777	0.0831688
778	0.082697
779	0.0820003
780	0.0811773
781	0.0803297
782	0.0795232
783	0.0787716
784	0.0783491
785	0.0780693
786	0.0774164
787	0.0767471
788	0.0759105
789	0.0751533
790	0.0743935
791	0.0737022
792	0.0731015
793	0.0723718
794	0.0719137
795	0.0716119
796	0.0710386
797	0.0711511
798	0.0724651
799	0.0754551
800	0.0796494
801	0.0837641
802	0.0872918
803	0.0896948
804	0.0908167
805	0.0905095
806	0.0898429
807	0.0889541
808	0.0878377
809	0.0868364
810	0.0857556
811	0.0849601
812	0.0842634
813	0.083616
814	0.0828397
815	0.0818494
816	0.0813337
817	0.0808673
818	0.0804229
819	0.0799593
820	0.080091
821	0.0805519
822	0.0809414
823	0.0811691
824	0.0813638
825	0.0812925
826	0.0809633
827	0.0806232
828	0.0799703
829	0.0793641
830	0.0785933
831	0.0778499
832	0.077304
833	0.0768459
834	0.0765962
835	0.0762698
836	0.0756828
837	0.0750464
838	0.0741658
839	0.0735897
840	0.0728765
841	0.0719109
842	0.0710852
843	0.0704379
844	0.069678
845	0.06877
846	0.0677496
847	0.0672832
848	0.0669349
849	0.0674862
850	0.0685478
851	0.0702047
852	0.0719384
853	0.0731234
854	0.0739656
855	0.0744758
856	0.0743798
857	0.073886
858	0.0731728
859	0.0723169
860	0.0713431
861	0.0705229
862	0.070169
863	0.0701251
864	0.0700895
865	0.0700401
866	0.069999
867	0.0698234
868	0.0692117
869	0.0684957
870	0.0679416
871	0.0670199
872	0.0662216
873	0.065278
874	0.0646772
875	0.0643481
876	0.0646141
877	0.0646361
878	0.0648418
879	0.0652259
880	0.0652862
881	0.0652533
882	0.0648446
883	0.0644934
884	0.0641835
885	0.0637665
886	0.0633029
887	0.0630204
888	0.0626171
889	0.0621426
890	0.0615802
891	0.0609987
892	0.060472
893	0.0597478
894	0.0589111
895	0.0580882
896	0.0573558
897	0.0568538
898	0.0564341
899	0.0559814
900	0.0553505
901	0.0545852
902	0.0539351
903	0.0533343
904	0.0528597
905	0.0524702
906	0.0525196
907	0.052835
908	0.0528213
909	0.0526759
910	0.0525333
911	0.0519161
912	0.0516061
913	0.0513099
914	0.051052
915	0.0507503
916	0.0502153
917	0.0495707
918	0.0491181
919	0.0486024
920	0.0481525
921	0.047933
922	0.0478343
923	0.0476066
924	0.0471924
925	0.0468742
926	0.0465916
927	0.0460046
928	0.0455492
929	0.0453106
930	0.044847
931	0.0446989
932	0.0444136
933	0.0440021
934	0.0433821
935	0.0429268
936	0.0424248
937	0.0417225
938	0.0411931
939	0.0405759
940	0.0400766
941	0.0397667
942	0.0393936
943	0.0390288
944	0.0387956
945	0.0385624
946	0.0384554
947	0.0385871
948	0.0383786
949	0.0382332
950	0.0379672
951	0.0376023
952	0.0371086
953	0.0368397
954	0.036527
955	0.0362499
956	0.0358933
957	0.035523
958	0.0350841
959	0.0346041
960	0.0343352
961	0.034017
962	0.0335809
963	0.0330981
964	0.0326262
965	0.0323519
966	0.0321901
967	0.0320173
968	0.0316716
969	0.0312821
970	0.0307883
971	0.0305634
972	0.0302507
973	0.0299764
974	0.0299434
975	0.029606
976	0.0290739
977	0.0288983
978	0.028731
979	0.02841
980	0.0281247
981	0.0274417
982	0.0270878
983	0.0268025
984	0.0263993
985	0.0264432
986	0.0262566
987	0.0263691
988	0.0266791
989	0.0271866
990	0.0279272
991	0.0286377
992	0.0292961
993	0.0301245
994	0.0310078
995	0.0320282
996	0.0331968
997	0.0340664
998	0.0345464
999	0.034914
1000	0.0349771
1001	0.0349634
1002	0.034744
1003	0.0347138
1004	0.0343462
1005	0.0339539
1006	0.0333751
1007	0.0328868
1008	0.0330267
1009	0.0335754
1010	0.0343681
1011	0.0355285
1012	0.0364721
1013	0.0371936
1014	0.0377916
1015	0.0382936
1016	0.0385569
1017	0.0385597
1018	0.0386886
1019	0.0384116
1020	0.0381098
1021	0.0376709
1022	0.0373829
1023	0.0369385
