0	-0.00021923
1	-0.000304268
2	-0.000183569
3	2.9655e-06
4	5.78286e-05
5	8.4518e-06
6	0.000151096
7	0.00033763
8	0.000348603
9	0.00033763
10	0.000112692
11	-2.4466e-05
12	-4.0925e-05
13	-0.00016711
14	0.000129151
15	0.000290997
16	0.000269051
17	0.000329401
18	0.000315685
19	0.000164812
20	0.000222418
21	1.1195e-05
22	-0.000128706
23	-0.000128706
24	-1.89797e-05
25	-0.000120476
26	0.000134637
27	0.000315685
28	0.000716185
29	0.000436384
30	0.000115435
31	-0.000164367
32	-0.000106761
33	-0.000197285
34	-0.000241175
35	-0.000136935
36	-0.000172596
37	-9.30449e-05
38	-0.000213744
39	-0.000320727
40	-0.000147908
41	-0.000230203
42	-0.000301524
43	-0.000408507
44	-0.000504518
45	-0.00021923
46	-0.000131449
47	3.31402e-05
48	8.4518e-06
49	7.70306e-05
50	-3.26955e-05
51	-0.000186312
52	-0.000578583
53	-0.000614244
54	-0.000581326
55	-0.000342672
56	0.000381521
57	0.00261993
58	0.00841073
59	0.0247051
60	0.0635426
61	0.136977
62	0.24523
63	0.375327
64	0.511683
65	0.644276
66	0.76746
67	0.877892
68	0.973921
69	1.05517
70	1.12174
71	1.17428
72	1.21378
73	1.24174
74	1.26107
75	1.27431
76	1.28368
77	1.29179
78	1.30015
79	1.30977
80	1.31988
81	1.3292
82	1.33612
83	1.34027
84	1.34116
85	1.3396
86	1.33718
87	1.33603
88	1.3357
89	1.33631
90	1.33739
91	1.33788
92	1.33611
93	1.33064
94	1.32175
95	1.3112
96	1.30076
97	1.29204
98	1.28618
99	1.28281
100	1.28111
101	1.27893
102	1.27421
103	1.26558
104	1.25353
105	1.23988
106	1.22665
107	1.21581
108	1.20828
109	1.20351
110	1.20011
111	1.19616
112	1.1897
113	1.17975
114	1.16639
115	1.15122
116	1.13668
117	1.12489
118	1.11627
119	1.11008
120	1.10507
121	1.09888
122	1.09005
123	1.07777
124	1.0633
125	1.0487
126	1.03561
127	1.02519
128	1.01823
129	1.01434
130	1.01095
131	1.00549
132	0.996042
133	0.982751
134	0.966707
135	0.950602
136	0.936899
137	0.927474
138	0.922427
139	0.92012
140	0.917511
141	0.912688
142	0.903866
143	0.89059
144	0.873758
145	0.856728
146	0.842464
147	0.832627
148	0.827442
149	0.82525
150	0.823629
151	0.819748
152	0.811551
153	0.798713
154	0.78252
155	0.765971
156	0.752025
157	0.742542
158	0.737812
159	0.73685
160	0.73671
161	0.734597
162	0.728571
163	0.718454
164	0.705177
165	0.690616
166	0.677175
167	0.666943
168	0.660905
169	0.65766
170	0.655724
171	0.653389
172	0.648923
173	0.64082
174	0.629384
175	0.61656
176	0.60455
177	0.5951
178	0.588667
179	0.585307
180	0.583628
181	0.58196
182	0.578369
183	0.571863
184	0.562761
185	0.552219
186	0.541534
187	0.531549
188	0.524107
189	0.519663
190	0.517288
191	0.515263
192	0.512062
193	0.507053
194	0.499668
195	0.490503
196	0.480354
197	0.471836
198	0.466292
199	0.464002
200	0.464775
201	0.467173
202	0.469655
203	0.470882
204	0.469642
205	0.466024
206	0.4611
207	0.455835
208	0.451227
209	0.448338
210	0.447247
211	0.401801
212	0.400671
213	0.398169
214	0.3937
215	0.387421
216	0.37979
217	0.371996
218	0.364993
219	0.360283
220	0.357773
221	0.356884
222	0.356492
223	0.355162
224	0.351752
225	0.39136
226	0.384368
227	0.377192
228	0.371141
229	0.366647
230	0.363986
231	0.362642
232	0.362217
233	0.361356
234	0.358722
235	0.353988
236	0.347588
237	0.341087
238	0.334747
239	0.330177
240	0.327889
241	0.326781
242	0.326263
243	0.32485
244	0.321827
245	0.317282
246	0.311458
247	0.305467
248	0.300798
249	0.297808
250	0.296845
251	0.297056
252	0.29676
253	0.295517
254	0.292453
255	0.287518
256	0.281489
257	0.275193
258	0.269896
259	0.266569
260	0.264846
261	0.264352
262	0.263828
263	0.262333
264	0.259319
265	0.254537
266	0.248843
267	0.243603
268	0.23948
269	0.23722
270	0.236227
271	0.236326
272	0.236356
273	0.235579
274	0.233176
275	0.228955
276	0.22399
277	0.219107
278	0.215033
279	0.212414
280	0.211459
281	0.211396
282	0.211508
283	0.210894
284	0.209039
285	0.205833
286	0.201471
287	0.197046
288	0.193541
289	0.191193
290	0.190084
291	0.189931
292	0.190123
293	0.190002
294	0.188463
295	0.185569
296	0.18141
297	0.177137
298	0.173348
299	0.170556
300	0.169118
301	0.168361
302	0.167684
303	0.166685
304	0.165067
305	0.162809
306	0.159932
307	0.157339
308	0.154895
309	0.153148
310	0.151757
311	0.151074
312	0.150396
313	0.149798
314	0.148569
315	0.146759
316	0.144471
317	0.141797
318	0.139374
319	0.137424
320	0.135751
321	0.134245
322	0.133084
323	0.131957
324	0.130467
325	0.128479
326	0.126536
327	0.124342
328	0.12204
329	0.120222
330	0.118823
331	0.117824
332	0.117094
333	0.11634
334	0.115487
335	0.113904
336	0.112055
337	0.110291
338	0.108135
339	0.106322
340	0.105132
341	0.104141
342	0.103302
343	0.102421
344	0.101434
345	0.100043
346	0.0980844
347	0.095942
348	0.0941864
349	0.0925762
350	0.0914021
351	0.0907026
352	0.0900991
353	0.0897013
354	0.0892103
355	0.0881734
356	0.0868018
357	0.0853178
358	0.0839901
359	0.0825582
360	0.0812661
361	0.0803444
362	0.079398
363	0.0784462
364	0.0778235
365	0.0776808
366	0.0773571
367	0.0767728
368	0.0755713
369	0.0745372
370	0.0737307
371	0.0729681
372	0.0721095
373	0.071004
374	0.070085
375	0.0695364
376	0.0685928
377	0.0679179
378	0.0670648
379	0.0664147
380	0.0658524
381	0.0652873
382	0.0645082
383	0.0635838
384	0.0621189
385	0.0606788
386	0.058893
387	0.0571209
388	0.0560895
389	0.0552528
390	0.0545561
391	0.0545122
392	0.054482
393	0.0543009
394	0.0536097
395	0.0524082
396	0.0510009
397	0.0493495
398	0.0478518
399	0.0466969
400	0.0459233
401	0.0458438
402	0.0459672
403	0.0459316
404	0.045542
405	0.0445874
406	0.0433091
407	0.0419321
408	0.0405769
409	0.0394495
410	0.0387198
411	0.038558
412	0.0388926
413	0.0389311
414	0.0384373
415	0.0376637
416	0.0366241
417	0.0350605
418	0.0333707
419	0.0316535
420	0.0309101
421	0.0309677
422	0.0308854
423	0.0307537
424	0.0302874
425	0.029533
426	0.0278542
427	0.0263756
428	0.0244472
429	0.0231963
430	0.0225489
431	0.0224721
432	0.0230921
433	0.0234981
434	0.023328
435	0.0227794
436	0.0218988
437	0.0207055
438	0.0199484
439	0.0189582
440	0.0184808
441	0.0186591
442	0.0195918
443	0.0201295
444	0.0202886
445	0.020102
446	0.0190569
447	0.0176798
448	0.0163988
449	0.0154003
450	0.0149888
451	0.0150546
452	0.0156335
453	0.0161958
454	0.0164619
455	0.0162699
456	0.0152714
457	0.0141
458	0.0131564
459	0.0126599
460	0.0129369
461	0.0135898
462	0.014314
463	0.014923
464	0.015019
465	0.0150546
466	0.0151644
467	0.0159462
468	0.0172519
469	0.019216
470	0.0218604
471	0.0250342
472	0.0280544
473	0.0308333
474	0.0325313
475	0.0337245
476	0.0343664
477	0.0346298
478	0.0350166
479	0.0356063
480	0.0369285
481	0.03844
482	0.03954
483	0.039658
484	0.0385552
485	0.0371206
486	0.0355131
487	0.0339906
488	0.0332225
489	0.0332088
490	0.0334996
491	0.0334722
492	0.0335216
493	0.0335078
494	0.0333268
495	0.0326904
496	0.0317714
497	0.031253
498	0.0310198
499	0.0309979
500	0.0313462
501	0.0316507
502	0.0317412
503	0.0315602
504	0.0310006
505	0.0300954
506	0.0290941
507	0.0282026
508	0.027141
509	0.0266993
510	0.0267707
511	0.0266692
512	0.0260327
513	0.0250918
514	0.0240851
515	0.0227108
516	0.02163
517	0.0203983
518	0.0202063
519	0.0203599
520	0.020936
521	0.0215065
522	0.0217233
523	0.0218659
524	0.0215779
525	0.0206479
526	0.0196055
527	0.0190871
528	0.0191227
529	0.0192956
530	0.0191968
531	0.0194245
532	0.0194903
533	0.0188402
534	0.0179404
535	0.0171943
536	0.0165222
537	0.0157926
538	0.0155896
539	0.0158364
540	0.0160477
541	0.0161848
542	0.0161245
543	0.0158502
544	0.0153948
545	0.014912
546	0.014207
547	0.0137763
548	0.0141083
549	0.0144512
550	0.015211
551	0.016012
552	0.0169584
553	0.0173369
554	0.017422
555	0.0172135
556	0.017101
557	0.0171367
558	0.0171888
559	0.0174165
560	0.0177457
561	0.0182148
562	0.01833
563	0.0177429
564	0.0169364
565	0.0163467
566	0.0157459
567	0.0151397
568	0.015008
569	0.0156636
570	0.0162671
571	0.016632
572	0.0168295
573	0.0168267
574	0.0162589
575	0.0152247
576	0.0144484
577	0.0136419
578	0.0134417
579	0.013406
580	0.0136474
581	0.0137983
582	0.0138038
583	0.0134225
584	0.0127339
585	0.0120097
586	0.0115544
587	0.0108247
588	0.0103556
589	0.0115599
590	0.0141549
591	0.0172163
592	0.0201761
593	0.0228946
594	0.0256926
595	0.0283178
596	0.0304108
597	0.0324764
598	0.0342238
599	0.0353732
600	0.0359739
601	0.036454
602	0.0363827
603	0.0358697
604	0.0352443
605	0.0345201
606	0.0339056
607	0.0339714
608	0.0344048
609	0.0350659
610	0.0356009
611	0.0360453
612	0.0363004
613	0.0363799
614	0.0365911
615	0.0373784
616	0.0380286
617	0.0384373
618	0.0382425
619	0.038333
620	0.0384867
621	0.0387719
622	0.0390929
623	0.0391807
624	0.0390408
625	0.0387253
626	0.0377405
627	0.0370794
628	0.0363388
629	0.0356201
630	0.034542
631	0.0332829
632	0.0323859
633	0.0318043
634	0.0310472
635	0.0302819
636	0.0300048
637	0.0299527
638	0.0297579
639	0.0294151
640	0.0292066
641	0.0291325
642	0.0292779
643	0.0295851
644	0.0303834
645	0.0318235
646	0.0333268
647	0.0341305
648	0.0351592
649	0.0361275
650	0.0372385
651	0.0385059
652	0.0392218
653	0.0395318
654	0.0394577
655	0.0389969
656	0.0380286
657	0.0369093
658	0.0358889
659	0.0353101
660	0.0353512
661	0.0357408
662	0.0361797
663	0.0363305
664	0.0361221
665	0.0354418
666	0.0350659
667	0.0349699
668	0.0351812
669	0.0351757
670	0.0348822
671	0.0346106
672	0.0344926
673	0.0338535
674	0.0335709
675	0.0335901
676	0.0340345
677	0.0344762
678	0.0345612
679	0.0347752
680	0.0346517
681	0.0343527
682	0.0335984
683	0.0327288
684	0.0323393
685	0.0318702
686	0.0312447
687	0.0305205
688	0.0300323
689	0.0292998
690	0.0284522
691	0.0273522
692	0.0263482
693	0.0254347
694	0.0242085
695	0.0231662
696	0.0225215
697	0.0223103
698	0.0222966
699	0.0223021
700	0.0224063
701	0.0229659
702	0.023243
703	0.0230756
704	0.0225873
705	0.0222774
706	0.0217699
707	0.020807
708	0.0198277
709	0.0190158
710	0.0181736
711	0.0174549
712	0.0168624
713	0.0160833
714	0.0154497
715	0.0144292
716	0.0133457
717	0.0123362
718	0.011697
719	0.0109756
720	0.0103501
721	0.0100155
722	0.00992221
723	0.00977682
724	0.00945587
725	0.00937083
726	0.00921447
727	0.00907457
728	0.0089429
729	0.00900051
730	0.00935986
731	0.00961497
732	0.00969453
733	0.00982894
734	0.00971921
735	0.00969453
736	0.00933517
737	0.00877008
738	0.00822968
739	0.00815013
740	0.00809801
741	0.00888255
742	0.0161409
743	0.0334502
744	0.000743617
745	-0.000200028
746	-0.0011519
747	-0.00154143
748	-0.00192821
749	-0.00224642
750	-0.00227111
751	-0.00255091
752	-0.00286912
753	-0.00360977
754	-0.00446014
755	-0.00496214
756	-0.00548608
757	-0.00597711
758	-0.00624319
759	-0.00603471
760	-0.00539282
761	-0.00468783
762	-0.00406513
763	-0.00372498
764	-0.00390054
765	-0.00491825
766	-0.00626514
767	-0.00758734
768	-0.00879981
769	-0.00958984
770	-0.0100479
771	-0.0103799
772	-0.0100534
773	-0.010347
774	-0.0110437
775	-0.0115018
776	-0.0120175
777	-0.0126622
778	-0.0131806
779	-0.0134028
780	-0.0132437
781	-0.0129008
782	-0.0128377
783	-0.0127198
784	-0.0127911
785	-0.013219
786	-0.01385
787	-0.0145988
788	-0.0150926
789	-0.0158497
790	-0.0165739
791	-0.0172378
792	-0.0174874
793	-0.0175752
794	-0.0167851
795	-0.0150981
796	-0.0119133
797	-0.00765317
798	-0.00242472
799	0.00249101
800	0.00711322
801	0.0117245
802	0.0157295
803	-0.0266331
804	-0.027146
805	-0.0274917
806	-0.0279278
807	-0.0281829
808	-0.028663
809	-0.0288934
810	-0.0293515
811	-0.0298617
812	-0.0304241
813	-0.0309371
814	-0.0314199
815	-0.0317545
816	-0.0319191
817	-0.0316475
818	-0.031365
819	-0.0312525
820	-0.030948
821	-0.0308712
822	-0.0308904
823	-0.0310029
824	-0.0310276
825	-0.0309837
826	-0.0309782
827	-0.03066
828	-0.0302814
829	-0.0303198
830	-0.0307889
831	-0.0315433
832	-0.0320645
833	-0.0323224
834	-0.0324924
835	-0.0324348
836	-0.0322702
837	-0.0321358
838	-0.0322455
839	-0.0323443
840	-0.0323416
841	-0.0322428
842	-0.0324184
843	-0.0323169
844	-0.0311154
845	-0.0285752
846	-0.024946
847	-0.0208395
848	-0.0164368
849	-0.0120148
850	-0.00798235
851	-0.00446015
852	-0.00154692
853	0.00152267
854	-0.0433471
855	-0.0433334
856	-0.0433965
857	-0.04338
858	-0.0432867
859	-0.0433443
860	-0.0438655
861	-0.0443072
862	-0.0446775
863	-0.0447598
864	-0.045089
865	-0.0449655
866	-0.0448832
867	-0.0448805
868	-0.0451027
869	-0.0452207
870	-0.0454072
871	-0.045794
872	-0.0461259
873	-0.0465675
874	-0.0467294
875	-0.0468336
876	-0.0467294
877	-0.0467486
878	-0.00173894
879	-0.00198582
880	-0.00229305
881	-0.00261675
882	-0.00298433
883	-0.00301176
884	-0.00352199
885	-0.00432299
886	-0.00483596
887	-0.00531327
888	-0.00587287
889	-0.00662998
890	-0.00724993
891	-0.00787537
892	-0.00827587
893	-0.00872575
894	-0.00926889
895	-0.00967488
896	-0.00977638
897	-0.00987239
898	-0.00937039
899	-0.00846241
900	-0.00775467
901	-0.00740355
902	-0.00757362
903	-0.00794395
904	0.0362565
905	0.0350522
906	0.0339138
907	0.0328385
908	0.0322323
909	0.0316315
910	0.0311432
911	0.0309348
912	0.0312502
913	0.0314477
914	0.0313737
915	0.0308991
916	0.0310033
917	0.0308415
918	0.0304574
919	0.0300213
920	0.029544
921	0.0291819
922	0.0285894
923	0.0279968
924	0.0274976
925	0.0266115
926	0.0258983
927	0.0250781
928	0.0241948
929	0.0236873
930	0.0231991
931	0.0227848
932	0.0228781
933	0.0231908
934	0.0231058
935	0.0226559
936	0.0221512
937	0.0213666
938	0.0206946
939	0.0200362
940	0.0191721
941	0.0184754
942	0.0180913
943	0.0174961
944	0.0164701
945	0.0154551
946	0.0146761
947	0.0137709
948	0.0131372
949	0.0126078
950	0.0121058
951	0.0117382
952	0.0120783
953	0.012904
954	0.013428
955	0.0135048
956	0.0130604
957	0.0124294
958	0.0116312
959	0.0109427
960	0.010586
961	0.010021
962	0.0095025
963	0.00903068
964	0.0085424
965	0.00807881
966	0.00776883
967	0.00747257
968	0.00742594
969	0.00722294
970	0.00683342
971	0.00642743
972	0.00586508
973	0.00551396
974	0.00506134
975	0.00448802
976	0.00409026
977	0.00382143
978	0.00369799
979	0.00374463
980	0.00360472
981	0.0032728
982	0.00274612
983	0.00218377
984	0.00148427
985	0.000899976
986	0.000702469
987	0.000244362
988	-7.65866e-05
989	-0.000252148
990	-0.000241176
991	-0.000142422
992	-6.5614e-05
993	0.000140122
994	-3.54393e-05
995	-0.000452399
996	-0.000811752
997	-0.00122048
998	-0.00173894
999	-0.00185415
1000	-0.00197211
1001	-0.00225191
1002	-0.00278408
1003	-0.00303919
1004	-0.00343695
1005	-0.00353022
1006	-0.00394443
1007	-0.00423246
1008	-0.00461925
1009	-0.00462473
1010	-0.00455616
1011	-0.00460279
1012	-0.00457536
1013	-0.0048195
1014	-0.00504718
1015	-0.00523097
1016	-0.00556289
1017	-0.00574668
1018	-0.00582898
1019	-0.00614444
1020	-0.00650928
1021	-0.00690704
1022	-0.0076614
1023	-0.00825941
