0	4.99226e-05
1	6.03212e-06
2	-4.94049e-06
3	1.42616e-05
4	6.36383e-05
5	8.77528e-06
6	-3.51152e-05
7	0.000104786
8	0.000214512
9	0.000269375
10	0.000159649
11	0.000176108
12	6.08952e-05
13	-0.000128382
14	-0.000175016
15	-0.000139355
16	-8.44919e-05
17	-0.000232622
18	-0.000199704
19	-9.54645e-05
20	-0.000120153
21	-0.000287485
22	-0.000399955
23	-0.000345091
24	-0.000457561
25	-0.000504194
26	-0.000367037
27	-0.000342348
28	-0.000218906
29	-0.000430129
30	-0.000430129
31	-0.000290228
32	-0.000281999
33	-0.000229879
34	-0.000166787
35	-0.000128382
36	-7.68364e-06
37	-0.000216163
38	-0.000207934
39	-5.43172e-05
40	9.65562e-05
41	0.000348926
42	0.000414762
43	0.000625985
44	0.000727481
45	0.000658903
46	0.000732968
47	0.000497057
48	0.000620498
49	0.000730225
50	0.000636957
51	0.000519002
52	0.000549176
53	0.000398303
54	0.000401046
55	0.000368128
56	0.000332467
57	0.00029955
58	0.00034344
59	0.00059581
60	0.0020634
61	0.00838911
62	0.0293194
63	0.0838505
64	0.19395
65	0.366318
66	0.584421
67	0.820618
68	1.04836
69	1.24645
70	1.40222
71	1.51213
72	1.57876
73	1.60947
74	1.61319
75	1.59925
76	1.57539
77	1.54706
78	1.51791
79	1.49044
80	1.46593
81	1.44494
82	1.42711
83	1.41225
84	1.39952
85	1.38832
86	1.37853
87	1.36981
88	1.36218
89	1.35495
90	1.34732
91	1.33972
92	1.33179
93	1.32362
94	1.315
95	1.30602
96	1.29737
97	1.28885
98	1.28033
99	1.27133
100	1.26203
101	1.25301
102	1.24385
103	1.23445
104	1.22483
105	1.21531
106	1.20545
107	1.1953
108	1.18537
109	1.17591
110	1.16596
111	1.1557
112	1.14563
113	1.13584
114	1.12629
115	1.11625
116	1.10613
117	1.09591
118	1.08616
119	1.07635
120	1.06651
121	1.05661
122	1.04661
123	1.03734
124	1.02918
125	1.02186
126	1.01423
127	1.00625
128	0.997573
129	0.988644
130	0.979441
131	0.9699
132	0.960389
133	0.950964
134	0.941777
135	0.93287
136	0.923807
137	0.914771
138	0.90582
139	0.896842
140	0.887512
141	0.877911
142	0.868129
143	0.858097
144	0.848666
145	0.839669
146	0.831368
147	0.823133
148	0.814942
149	0.806652
150	0.798296
151	0.790196
152	0.782329
153	0.77464
154	0.76709
155	0.759338
156	0.751696
157	0.74402
158	0.736224
159	0.728374
160	0.72046
161	0.712916
162	0.705172
163	0.698075
164	0.691401
165	0.684958
166	0.678207
167	0.671596
168	0.66434
169	0.656934
170	0.64967
171	0.642735
172	0.635924
173	0.629019
174	0.62206
175	0.615158
176	0.607889
177	0.600685
178	0.593948
179	0.587419
180	0.58043
181	0.573443
182	0.566632
183	0.560827
184	0.555286
185	0.54961
186	0.543965
187	0.538262
188	0.532825
189	0.527506
190	0.522481
191	0.517455
192	0.512194
193	0.506472
194	0.500974
195	0.495592
196	0.490076
197	0.484971
198	0.479997
199	0.475095
200	0.470344
201	0.465478
202	0.461303
203	0.457575
204	0.453633
205	0.449052
206	0.444411
207	0.439821
208	0.435405
209	0.431274
210	0.42681
211	0.422424
212	0.417835
213	0.413701
214	0.410181
215	0.407241
216	0.404536
217	0.401765
218	0.398548
219	0.394631
220	0.390398
221	0.386313
222	0.382311
223	0.378314
224	0.374419
225	0.370683
226	0.366823
227	0.363238
228	0.359872
229	0.356706
230	0.353571
231	0.350562
232	0.347618
233	0.345139
234	0.342865
235	0.340527
236	0.337803
237	0.335044
238	0.332026
239	0.329319
240	0.326439
241	0.323207
242	0.320308
243	0.317219
244	0.313889
245	0.3108
246	0.307588
247	0.304666
248	0.301657
249	0.298837
250	0.296113
251	0.29317
252	0.290221
253	0.287305
254	0.284422
255	0.281684
256	0.278867
257	0.275918
258	0.272983
259	0.270174
260	0.2672
261	0.264498
262	0.261958
263	0.259514
264	0.257215
265	0.254946
266	0.252757
267	0.250264
268	0.247803
269	0.245417
270	0.243208
271	0.240923
272	0.238633
273	0.236414
274	0.234356
275	0.233846
276	0.236337
277	0.241617
278	0.248569
279	0.254927
280	0.259179
281	0.257758
282	0.255292
283	0.253273
284	0.25109
285	0.248684
286	0.246344
287	0.244114
288	0.242353
289	0.240863
290	0.239538
291	0.237879
292	0.236049
293	0.233415
294	0.229981
295	0.227057
296	0.224769
297	0.222835
298	0.220986
299	0.219047
300	0.217028
301	0.214724
302	0.212282
303	0.209879
304	0.207487
305	0.205219
306	0.202994
307	0.201033
308	0.199041
309	0.197069
310	0.19522
311	0.193272
312	0.191335
313	0.189498
314	0.187621
315	0.185863
316	0.184228
317	0.182722
318	0.181167
319	0.179562
320	0.177949
321	0.176292
322	0.174871
323	0.17345
324	0.171958
325	0.170482
326	0.168998
327	0.167643
328	0.16628
329	0.164977
330	0.163822
331	0.16265
332	0.161301
333	0.159935
334	0.158689
335	0.157449
336	0.155924
337	0.154616
338	0.153162
339	0.151659
340	0.150537
341	0.149094
342	0.148136
343	0.14694
344	0.145914
345	0.144729
346	0.143487
347	0.142252
348	0.140979
349	0.139476
350	0.137855
351	0.136195
352	0.135038
353	0.134196
354	0.133515
355	0.132794
356	0.132314
357	0.132314
358	0.133142
359	0.135156
360	0.138009
361	0.140892
362	0.143629
363	0.145215
364	0.145953
365	0.145667
366	0.144642
367	0.143141
368	0.141251
369	0.139523
370	0.137907
371	0.136418
372	0.135019
373	0.133743
374	0.132517
375	0.131537
376	0.131077
377	0.131376
378	0.132248
379	0.133356
380	0.134563
381	0.135759
382	0.136541
383	0.136848
384	0.136431
385	0.135847
386	0.135156
387	0.134418
388	0.133293
389	0.132177
390	0.130961
391	0.129787
392	0.12858
393	0.127626
394	0.126435
395	0.125245
396	0.123953
397	0.122726
398	0.121316
399	0.119967
400	0.118686
401	0.117386
402	0.116478
403	0.115287
404	0.114511
405	0.113644
406	0.112835
407	0.111894
408	0.111249
409	0.110476
410	0.109603
411	0.108756
412	0.107809
413	0.106898
414	0.105639
415	0.104608
416	0.103522
417	0.102391
418	0.101108
419	0.099983
420	0.0990558
421	0.0980875
422	0.0974236
423	0.0967982
424	0.0958299
425	0.0945406
426	0.0935366
427	0.0926286
428	0.0918276
429	0.0909937
430	0.0900089
431	0.0893094
432	0.0886154
433	0.0881655
434	0.0882697
435	0.0890707
436	0.0924997
437	0.0986087
438	0.106353
439	0.113787
440	0.119863
441	0.12223
442	0.121124
443	0.120326
444	0.119676
445	0.118861
446	0.117896
447	0.117207
448	0.116601
449	0.115726
450	0.114845
451	0.113965
452	0.113243
453	0.113057
454	0.112818
455	0.112223
456	0.112399
457	0.113929
458	0.115715
459	0.117092
460	0.117545
461	0.11752
462	0.117254
463	0.116423
464	0.115545
465	0.114486
466	0.113438
467	0.112654
468	0.112352
469	0.111918
470	0.1118
471	0.111694
472	0.111598
473	0.111345
474	0.111115
475	0.110555
476	0.10988
477	0.109027
478	0.108034
479	0.107104
480	0.106224
481	0.105379
482	0.104556
483	0.103673
484	0.102872
485	0.102202
486	0.101478
487	0.100414
488	0.099459
489	0.0986059
490	0.0981423
491	0.0992615
492	0.103604
493	0.110925
494	0.12006
495	0.1286
496	0.133803
497	0.133214
498	0.132838
499	0.131367
500	0.129494
501	0.128397
502	0.127618
503	0.127168
504	0.126822
505	0.126257
506	0.125782
507	0.125516
508	0.125415
509	0.125173
510	0.124715
511	0.124254
512	0.123489
513	0.122792
514	0.122134
515	0.121391
516	0.120732
517	0.12009
518	0.119635
519	0.119325
520	0.118867
521	0.118513
522	0.118208
523	0.117512
524	0.116809
525	0.11526
526	0.112887
527	0.110602
528	0.1094
529	0.108915
530	0.108583
531	0.10816
532	0.107461
533	0.10669
534	0.106605
535	0.106199
536	0.105491
537	0.104707
538	0.103769
539	0.103149
540	0.102512
541	0.102002
542	0.101377
543	0.100726
544	0.0999802
545	0.0993438
546	0.0987787
547	0.0979997
548	0.0973166
549	0.0964718
550	0.095989
551	0.0954376
552	0.0951523
553	0.0947765
554	0.0942498
555	0.0934982
556	0.0927219
557	0.0916301
558	0.0907002
559	0.0897565
560	0.0892627
561	0.0888814
562	0.0885578
563	0.0879817
564	0.0871011
565	0.086846
566	0.0869201
567	0.087743
568	0.0887333
569	0.0900391
570	0.0913997
571	0.092848
572	0.0939892
573	0.0946064
574	0.0943211
575	0.0939426
576	0.0934159
577	0.092571
578	0.0915012
579	0.0907413
580	0.0897318
581	0.088673
582	0.0879351
583	0.0874852
584	0.0872191
585	0.0871917
586	0.0872548
587	0.0872356
588	0.0869832
589	0.0867747
590	0.0863769
591	0.0862563
592	0.0857296
593	0.0854607
594	0.085458
595	0.0858996
596	0.0867802
597	0.0876662
598	0.0887169
599	0.0893807
600	0.0895425
601	0.0895371
602	0.0891036
603	0.0885166
604	0.0878583
605	0.0871313
606	0.0860944
607	0.0853784
608	0.0845665
609	0.0836777
610	0.0828739
611	0.0823445
612	0.0822211
613	0.0828794
614	0.0847091
615	0.0873151
616	0.0900994
617	0.0926368
618	0.0943348
619	0.0952072
620	0.0952346
621	0.0947491
622	0.0938959
623	0.0927658
624	0.0916191
625	0.0904533
626	0.0893231
627	0.0882313
628	0.0873727
629	0.0863879
630	0.0854168
631	0.0847393
632	0.0839273
633	0.0831126
634	0.08266
635	0.0820757
636	0.0813817
637	0.0806191
638	0.0798949
639	0.0794642
640	0.0788004
641	0.0779445
642	0.0769954
643	0.0763068
644	0.0758268
645	0.0763233
646	0.0782627
647	0.0820592
648	0.0876607
649	0.0939837
650	0.100307
651	0.105571
652	0.109551
653	0.112116
654	0.113301
655	0.113616
656	0.113095
657	0.11211
658	0.111057
659	0.109902
660	0.108827
661	0.107922
662	0.107025
663	0.106172
664	0.105242
665	0.104235
666	0.103165
667	0.101903
668	0.100762
669	0.099865
670	0.0987925
671	0.0977994
672	0.0968915
673	0.0965787
674	0.0966089
675	0.0971822
676	0.0980189
677	0.0988748
678	0.0994892
679	0.0998184
680	0.099994
681	0.0997196
682	0.0991162
683	0.0983124
684	0.0974895
685	0.0965595
686	0.0956159
687	0.0945735
688	0.0935421
689	0.0926944
690	0.0918934
691	0.0909827
692	0.0900363
693	0.0892874
694	0.0885166
695	0.0877842
696	0.0871258
697	0.0862947
698	0.0852715
699	0.0845445
700	0.0838231
701	0.0833348
702	0.082734
703	0.0819934
704	0.0815901
705	0.0812555
706	0.08094
707	0.0803749
708	0.0798263
709	0.0791625
710	0.0785672
711	0.0782024
712	0.0778211
713	0.0774974
714	0.0770831
715	0.0766497
716	0.0762684
717	0.0759475
718	0.075846
719	0.0756924
720	0.0750642
721	0.0743949
722	0.073731
723	0.0734594
724	0.0731687
725	0.0731028
726	0.0732263
727	0.073517
728	0.0739066
729	0.0741041
730	0.0743235
731	0.074425
732	0.0748969
733	0.0757719
734	0.0771901
735	0.0793462
736	0.0817163
737	0.0840151
738	0.0856582
739	0.0867418
740	0.0870298
741	0.0868789
742	0.0864867
743	0.0856774
744	0.0848847
745	0.0839438
746	0.0831428
747	0.0822458
748	0.08125
749	0.0803585
750	0.0800019
751	0.0795273
752	0.0790939
753	0.0783861
754	0.0776565
755	0.0768719
756	0.0761889
757	0.0755744
758	0.0749243
759	0.0745869
760	0.0739285
761	0.0733223
762	0.0727846
763	0.0723485
764	0.0719068
765	0.0713856
766	0.071125
767	0.0705599
768	0.0698988
769	0.0691554
770	0.0684477
771	0.067622
772	0.0668951
773	0.0663492
774	0.0657539
775	0.0650517
776	0.0644345
777	0.0639544
778	0.0635018
779	0.0629477
780	0.0622427
781	0.0617462
782	0.0611838
783	0.0604871
784	0.0597382
785	0.0591731
786	0.0587452
787	0.0583035
788	0.0577604
789	0.0570362
790	0.0566275
791	0.0563175
792	0.0559389
793	0.0556591
794	0.0553382
795	0.0549953
796	0.0557304
797	0.0591539
798	0.0662888
799	0.0761861
800	0.0860286
801	0.0924283
802	0.0919483
803	0.0913229
804	0.0880887
805	0.0858859
806	0.0846049
807	0.0839986
808	0.08345
809	0.0825859
810	0.0817602
811	0.0810882
812	0.0804847
813	0.0800732
814	0.079349
815	0.078633
816	0.0779308
817	0.0772916
818	0.0770612
819	0.0768335
820	0.0769762
821	0.076946
822	0.0768555
823	0.0769186
824	0.0770201
825	0.0769405
826	0.0768664
827	0.0765016
828	0.076241
829	0.0759667
830	0.0755113
831	0.0749627
832	0.0744497
833	0.0741946
834	0.0740986
835	0.0738956
836	0.0736021
837	0.0733168
838	0.0732619
839	0.0731934
840	0.0729026
841	0.072653
842	0.0724801
843	0.0720165
844	0.0717889
845	0.0718382
846	0.0716572
847	0.0714871
848	0.0712567
849	0.0713417
850	0.0716846
851	0.0718382
852	0.0722168
853	0.0723375
854	0.0721894
855	0.0719589
856	0.0719068
857	0.0720193
858	0.0719315
859	0.0715337
860	0.071029
861	0.0709248
862	0.0708288
863	0.0712457
864	0.0717751
865	0.0725789
866	0.0733799
867	0.0741589
868	0.0745924
869	0.0746719
870	0.0746061
871	0.0744634
872	0.0744717
873	0.0741205
874	0.0737146
875	0.0734759
876	0.073923
877	0.0751602
878	0.0763315
879	0.0771682
880	0.0770201
881	0.0767073
882	0.0763974
883	0.0761395
884	0.0758707
885	0.0757856
886	0.0756183
887	0.0753385
888	0.075226
889	0.0750752
890	0.0747762
891	0.0745924
892	0.0743729
893	0.0742056
894	0.0743181
895	0.0743208
896	0.0741919
897	0.074148
898	0.0740876
899	0.0740163
900	0.0740382
901	0.0737639
902	0.0727106
903	0.0710153
904	0.0701539
905	0.0697672
906	0.0695614
907	0.0692844
908	0.0689936
909	0.0686507
910	0.0682255
911	0.0678689
912	0.0674629
913	0.0669006
914	0.0665165
915	0.0659898
916	0.0655043
917	0.0651257
918	0.064525
919	0.0639901
920	0.0634003
921	0.0628901
922	0.0623195
923	0.0617297
924	0.0612744
925	0.0610083
926	0.0605337
927	0.0601963
928	0.0599165
929	0.0596394
930	0.0591676
931	0.0587891
932	0.0583556
933	0.058128
934	0.0578783
935	0.057796
936	0.0572831
937	0.056921
938	0.0563641
939	0.0557963
940	0.0552477
941	0.055094
942	0.055105
943	0.0550639
944	0.0550063
945	0.0549953
946	0.0550721
947	0.0549596
948	0.0546085
949	0.0544576
950	0.0540955
951	0.0534783
952	0.0528721
953	0.0521616
954	0.0512591
955	0.0506145
956	0.0501838
957	0.0496489
958	0.0491332
959	0.0486504
960	0.0484062
961	0.0479591
962	0.0477177
963	0.0472047
964	0.0469249
965	0.046305
966	0.0458194
967	0.0452022
968	0.0448484
969	0.0445055
970	0.0440611
971	0.0436688
972	0.0433616
973	0.0429611
974	0.0426237
975	0.0424865
976	0.0420119
977	0.0415237
978	0.0411588
979	0.0408598
980	0.0404593
981	0.0402069
982	0.0401054
983	0.0397049
984	0.0389643
985	0.0384623
986	0.0380371
987	0.0378314
988	0.0376586
989	0.0374501
990	0.0374199
991	0.0373705
992	0.036959
993	0.036778
994	0.036767
995	0.0366024
996	0.036575
997	0.0367698
998	0.037184
999	0.03759
1000	0.0378012
1001	0.0379246
1002	0.0379164
1003	0.0379576
1004	0.0378972
1005	0.0376805
1006	0.0373458
1007	0.0371401
1008	0.0370441
1009	0.0372526
1010	0.0376201
1011	0.0381057
1012	0.0387092
1013	0.0391673
1014	0.0398778
1015	0.0400945
1016	0.0400561
1017	0.0397104
1018	0.0394443
1019	0.0391261
1020	0.0387832
1021	0.0384623
1022	0.0382428
1023	0.0381688
