0	-0.000919999
1	-0.0010983
2	-0.000988578
3	-0.000963889
4	-0.000653913
5	-0.000571618
6	-0.000568875
7	-0.000865136
8	-0.00070329
9	-0.000335707
10	-0.000434461
11	-0.000637454
12	-0.000514012
13	-0.000302789
14	-1.75013e-05
15	-9.27187e-06
16	-2.02445e-05
17	-0.00023421
18	-0.000121741
19	-0.000140943
20	-6.96212e-05
21	0.000152574
22	0.000240355
23	0.000182749
24	0.000149831
25	0.000421403
26	0.000421403
27	0.000440605
28	0.00032265
29	0.000201951
30	0.000289732
31	0.000223896
32	0.000116913
33	0.000136115
34	0.00027053
35	0.000254071
36	0.000396715
37	0.000468037
38	0.000391228
39	0.000385742
40	0.000547588
41	0.000703948
42	0.000920657
43	0.000956318
44	0.000714921
45	0.000531129
46	0.000660057
47	0.000182749
48	-0.000308276
49	-0.000204036
50	0.000141602
51	0.000651828
52	0.00154061
53	0.00265707
54	0.00434686
55	0.00660447
56	0.00988802
57	0.0153826
58	0.024904
59	0.0429046
60	0.0775808
61	0.13787
62	0.225708
63	0.333374
64	0.448277
65	0.560557
66	0.664314
67	0.756813
68	0.836515
69	0.903462
70	0.958597
71	1.00288
72	1.03648
73	1.06086
74	1.07804
75	1.09026
76	1.1
77	1.10841
78	1.11711
79	1.1265
80	1.13553
81	1.14259
82	1.14737
83	1.14964
84	1.14969
85	1.14835
86	1.14689
87	1.14669
88	1.14765
89	1.14859
90	1.14868
91	1.1477
92	1.14436
93	1.13853
94	1.1306
95	1.12248
96	1.11538
97	1.10985
98	1.10582
99	1.10225
100	1.09845
101	1.09338
102	1.0865
103	1.07779
104	1.06854
105	1.05935
106	1.05067
107	1.04317
108	1.03763
109	1.03248
110	1.02649
111	1.01862
112	1.00945
113	0.999288
114	0.988744
115	0.979044
116	0.970793
117	0.964193
118	0.958254
119	0.951772
120	0.944203
121	0.935483
122	0.925832
123	0.915425
124	0.905503
125	0.897114
126	0.889721
127	0.883495
128	0.877992
129	0.871864
130	0.865195
131	0.856469
132	0.845861
133	0.834315
134	0.823773
135	0.814617
136	0.807674
137	0.802149
138	0.797146
139	0.791264
140	0.783819
141	0.774586
142	0.764398
143	0.754026
144	0.744052
145	0.735161
146	0.727851
147	0.721374
148	0.715913
149	0.711266
150	0.706424
151	0.701135
152	0.694305
153	0.685787
154	0.676005
155	0.665984
156	0.656748
157	0.648749
158	0.642432
159	0.637497
160	0.633429
161	0.629059
162	0.624124
163	0.617694
164	0.609799
165	0.600728
166	0.591513
167	0.583185
168	0.576377
169	0.571381
170	0.56804
171	0.564855
172	0.560817
173	0.555468
174	0.547919
175	0.538941
176	0.529565
177	0.520375
178	0.51279
179	0.507194
180	0.503741
181	0.501502
182	0.49885
183	0.494452
184	0.488234
185	0.480492
186	0.472065
187	0.463688
188	0.456931
189	0.45218
190	0.449188
191	0.446801
192	0.44419
193	0.440656
194	0.435431
195	0.428981
196	0.421822
197	0.415054
198	0.40959
199	0.406219
200	0.404886
201	0.405132
202	0.405676
203	0.405083
204	0.402414
205	0.398343
206	0.393576
207	0.389192
208	0.386087
209	0.384301
210	0.38339
211	0.383006
212	0.382674
213	0.381561
214	0.379122
215	0.374914
216	0.369499
217	0.364166
218	0.359983
219	0.357116
220	0.355638
221	0.354146
222	0.351767
223	0.348689
224	0.34472
225	0.340037
226	0.335116
227	0.33028
228	0.326281
229	0.323236
230	0.320975
231	0.319047
232	0.317264
233	0.315102
234	0.312066
235	0.308565
236	0.304656
237	0.301153
238	0.298122
239	0.295346
240	0.293006
241	0.290839
242	0.288387
243	0.285498
244	0.282396
245	0.279167
246	0.275957
247	0.272762
248	0.269903
249	0.267146
250	0.264667
251	0.261959
252	0.259562
253	0.257282
254	0.255098
255	0.252523
256	0.249634
257	0.247286
258	0.245072
259	0.243075
260	0.241251
261	0.239364
262	0.237262
263	0.235013
264	0.232048
265	0.228545
266	0.224847
267	0.221923
268	0.219377
269	0.217424
270	0.215874
271	0.21439
272	0.212547
273	0.210229
274	0.207436
275	0.204622
276	0.201401
277	0.198282
278	0.195196
279	0.192887
280	0.191282
281	0.190305
282	0.189323
283	0.188267
284	0.186981
285	0.185121
286	0.182597
287	0.179475
288	0.176642
289	0.174288
290	0.172837
291	0.171696
292	0.171232
293	0.170497
294	0.16938
295	0.16766
296	0.165452
297	0.162802
298	0.16001
299	0.157335
300	0.15556
301	0.15446
302	0.153747
303	0.153437
304	0.152584
305	0.151243
306	0.149366
307	0.147002
308	0.144149
309	0.141411
310	0.139315
311	0.137508
312	0.136372
313	0.1355
314	0.134688
315	0.13378
316	0.132392
317	0.130461
318	0.128823
319	0.12724
320	0.126044
321	0.125015
322	0.123751
323	0.122464
324	0.121084
325	0.11962
326	0.117924
327	0.116377
328	0.115121
329	0.114021
330	0.112756
331	0.111357
332	0.110087
333	0.108633
334	0.10736
335	0.105854
336	0.104332
337	0.103076
338	0.101696
339	0.10028
340	0.0990542
341	0.0978911
342	0.0970709
343	0.0963193
344	0.0951041
345	0.0940726
346	0.0929589
347	0.0916998
348	0.0903694
349	0.0890993
350	0.0880048
351	0.0871078
352	0.0865153
353	0.0858816
354	0.0853741
355	0.0846197
356	0.0840848
357	0.0836761
358	0.0831
359	0.0822524
360	0.0813225
361	0.0803349
362	0.0791252
363	0.078102
364	0.0772873
365	0.0763464
366	0.0756496
367	0.0746868
368	0.0740284
369	0.0732521
370	0.0726733
371	0.0719162
372	0.0709067
373	0.0701825
374	0.0695187
375	0.0689947
376	0.0686025
377	0.0683282
378	0.0677686
379	0.0670718
380	0.0663778
381	0.0660815
382	0.0657359
383	0.0650665
384	0.0642738
385	0.0631628
386	0.0617967
387	0.0605266
388	0.0598052
389	0.058974
390	0.0584281
391	0.0581127
392	0.057682
393	0.0572787
394	0.0571114
395	0.0563406
396	0.055279
397	0.0540994
398	0.0527662
399	0.0517623
400	0.0511944
401	0.0510271
402	0.0508817
403	0.050344
404	0.0494498
405	0.0483909
406	0.0467697
407	0.0449236
408	0.0436343
409	0.0429074
410	0.0424493
411	0.0419308
412	0.0417113
413	0.0417607
414	0.0415276
415	0.0409158
416	0.0400764
417	0.0392809
418	0.038543
419	0.037849
420	0.0373689
421	0.0372318
422	0.0373525
423	0.0372016
424	0.0368916
425	0.0360275
426	0.0349083
427	0.034217
428	0.0334846
429	0.0327577
430	0.0326809
431	0.03253
432	0.0326123
433	0.0325136
434	0.0321103
435	0.031622
436	0.0312654
437	0.0306592
438	0.0306153
439	0.0304589
440	0.0305988
441	0.0308018
442	0.0309115
443	0.0309637
444	0.0306043
445	0.029946
446	0.0292108
447	0.0288268
448	0.0284043
449	0.0281711
450	0.0281958
451	0.0283248
452	0.0285113
453	0.028514
454	0.0284921
455	0.0280916
456	0.0276362
457	0.0269065
458	0.0267392
459	0.026539
460	0.0267529
461	0.0267557
462	0.0269367
463	0.0275676
464	0.0289941
465	0.0307031
466	0.0328318
467	0.0350921
468	0.0372592
469	0.0389106
470	0.0405044
471	0.0419034
472	0.04305
473	0.0441006
474	0.0445862
475	0.0450552
476	0.0453268
477	0.0453543
478	0.0449867
479	0.044364
480	0.043958
481	0.0439443
482	0.0440842
483	0.044471
484	0.045154
485	0.0459193
486	0.0462595
487	0.0460373
488	0.0454064
489	0.0446383
490	0.0440732
491	0.0432887
492	0.0430308
493	0.0428113
494	0.0427373
495	0.0422929
496	0.0422051
497	0.0417936
498	0.0414837
499	0.041042
500	0.0409981
501	0.0406443
502	0.0403507
503	0.0398707
504	0.039632
505	0.0393934
506	0.0394592
507	0.0393632
508	0.0391767
509	0.0388557
510	0.0384936
511	0.0378792
512	0.0375061
513	0.0369629
514	0.0364939
515	0.0358794
516	0.0349495
517	0.0343844
518	0.0340003
519	0.0338632
520	0.0334682
521	0.0336163
522	0.0335916
523	0.0336382
524	0.0333749
525	0.0330924
526	0.032552
527	0.0325108
528	0.0322776
529	0.0316906
530	0.0313093
531	0.0314218
532	0.0312901
533	0.0313916
534	0.0310158
535	0.0306811
536	0.0301956
537	0.0299103
538	0.0295784
539	0.0295345
540	0.0294851
541	0.029241
542	0.0287335
543	0.0284098
544	0.0279709
545	0.0278529
546	0.0276691
547	0.0277816
548	0.0283467
549	0.0289694
550	0.0292574
551	0.0295811
552	0.0300968
553	0.0305632
554	0.0304041
555	0.0300694
556	0.0299816
557	0.0300941
558	0.0301051
559	0.0300721
560	0.0297978
561	0.0295839
562	0.0293672
563	0.0288213
564	0.0283933
565	0.0280916
566	0.0279572
567	0.0276801
568	0.0279709
569	0.0289036
570	0.0296031
571	0.0297786
572	0.0296552
573	0.0295263
574	0.0291642
575	0.0285689
576	0.0280943
577	0.0276691
578	0.0273208
579	0.0269449
580	0.0269751
581	0.0267392
582	0.0265637
583	0.0262016
584	0.0257325
585	0.0257023
586	0.0255953
587	0.0254636
588	0.0254115
589	0.0262153
590	0.0280285
591	0.0303602
592	0.0329689
593	0.0359727
594	0.038543
595	0.0407567
596	0.042441
597	0.0438428
598	0.0452171
599	0.0460126
600	0.0462787
601	0.0465256
602	0.0469755
603	0.0471812
604	0.0473513
605	0.0474994
606	0.0479301
607	0.0483251
608	0.0490493
609	0.0491096
610	0.0488298
611	0.0483882
612	0.0480206
613	0.0477408
614	0.0479246
615	0.0484677
616	0.049052
617	0.049576
618	0.0496829
619	0.0497104
620	0.049672
621	0.0493949
622	0.0490767
623	0.0488106
624	0.0489039
625	0.0488957
626	0.0486159
627	0.0481111
628	0.0476256
629	0.0472443
630	0.0472169
631	0.0474144
632	0.0477408
633	0.0482483
634	0.0483553
635	0.0480508
636	0.0476558
637	0.0470276
638	0.0458727
639	0.0447069
640	0.0438867
641	0.0435301
642	0.0435602
643	0.0444874
644	0.0455682
645	0.046874
646	0.0481907
647	0.0492852
648	0.0506156
649	0.0516361
650	0.0527937
651	0.0537538
652	0.054467
653	0.0550897
654	0.055364
655	0.0555341
656	0.0553448
657	0.0548346
658	0.0543491
659	0.0536303
660	0.0528595
661	0.0521244
662	0.0515455
663	0.0510847
664	0.0508515
665	0.0507528
666	0.0506019
667	0.0510463
668	0.0514111
669	0.0518199
670	0.0517732
671	0.0515318
672	0.051071
673	0.0503934
674	0.04965
675	0.0493839
676	0.0489368
677	0.0482894
678	0.047867
679	0.0473266
680	0.0468767
681	0.0464351
682	0.0457877
683	0.0452692
684	0.0452363
685	0.0456697
686	0.0460839
687	0.0461937
688	0.0460483
689	0.0457301
690	0.0451979
691	0.0447946
692	0.0443283
693	0.0438592
694	0.0432695
695	0.0427236
696	0.0422408
697	0.0417251
698	0.0409679
699	0.0402465
700	0.0394537
701	0.0387926
702	0.0382879
703	0.0379368
704	0.0376186
705	0.0375308
706	0.0372153
707	0.0371961
708	0.0370233
709	0.0368313
710	0.0365542
711	0.0361373
712	0.0357971
713	0.0356792
714	0.035553
715	0.0355667
716	0.0352951
717	0.0345188
718	0.0338879
719	0.0331829
720	0.0328016
721	0.0325355
722	0.0325081
723	0.0324258
724	0.0325766
725	0.0326123
726	0.0329141
727	0.0329058
728	0.0331554
729	0.0333008
730	0.0331884
731	0.0330622
732	0.0332021
733	0.033342
734	0.0332899
735	0.0328537
736	0.0323682
737	0.0320609
738	0.031526
739	0.031046
740	0.0308128
741	0.0312654
742	0.0358081
743	0.0496802
744	0.0215217
745	0.0210554
746	0.0204162
747	0.0196838
748	0.0193848
749	0.0195083
750	0.0199609
751	0.0202023
752	0.0202462
753	0.0197798
754	0.0190008
755	0.0180489
756	0.0169983
757	0.0161534
758	0.0159477
759	0.0156486
760	0.0153277
761	0.015089
762	0.0152043
763	0.0154429
764	0.0153606
765	0.0151631
766	0.0147708
767	0.014096
768	0.0134706
769	0.0130207
770	0.0130783
771	0.0133691
772	0.0133334
773	0.0130015
774	0.0124337
775	0.0119975
776	0.011597
777	0.0112486
778	0.0111115
779	0.0108262
780	0.0106451
781	0.0101514
782	0.00978104
783	0.00942169
784	0.00944912
785	0.009899
786	0.0101349
787	0.0104641
788	0.0104723
789	0.0101733
790	0.00981945
791	0.00911994
792	0.00863715
793	0.00851371
794	0.00953416
795	0.0117918
796	0.0153195
797	0.019799
798	0.023922
799	0.0278666
800	0.0311063
801	0.0339757
802	0.0368011
803	0.0393851
804	0.0419774
805	-0.00163322
806	-0.00126015
807	-0.00138359
808	-0.00170454
809	-0.00198708
810	-0.00253846
811	-0.00287038
812	-0.00315292
813	-0.00338609
814	-0.00326814
815	-0.00334495
816	-0.00366315
817	-0.00392924
818	-0.00437089
819	-0.00483448
820	-0.00505119
821	-0.00497987
822	-0.00489757
823	-0.00457388
824	-0.00421727
825	-0.0035452
826	-0.00377562
827	-0.00386066
828	-0.00395941
829	-0.00442575
830	-0.00471652
831	-0.00477413
832	-0.00489208
833	-0.00482076
834	-0.00478784
835	-0.0051472
836	-0.00547363
837	-0.00593174
838	-0.00622251
839	-0.0066093
840	-0.00705095
841	-0.00693573
842	-0.00598112
843	0.0410118
844	0.0439086
845	0.0475543
846	0.0512301
847	0.0544396
848	0.0576518
849	0.0606528
850	0.0634591
851	0.0659197
852	0.0678371
853	0.0691292
854	0.070712
855	0.0270492
856	0.0269203
857	0.0266542
858	0.0266597
859	0.0264676
860	0.0261522
861	0.0259355
862	0.0709479
863	0.0705117
864	0.0699274
865	0.0692087
866	0.0687012
867	0.0682788
868	0.0679167
869	0.0675272
870	0.0670224
871	0.0663421
872	0.0662214
873	0.066172
874	0.0655082
875	0.0650309
876	0.0648306
877	0.0650254
878	0.0652037
879	0.065596
880	0.0657249
881	0.065596
882	0.0653217
883	0.0643506
884	0.063588
885	0.0630503
886	0.063086
887	0.0627266
888	0.0622466
889	0.061495
890	0.0607763
891	0.060074
892	0.0592922
893	0.0586366
894	0.0581264
895	0.0576436
896	0.057073
897	0.0566012
898	0.0563488
899	0.0558715
900	0.0555972
901	0.0555944
902	0.0556383
903	0.0554518
904	0.0555067
905	0.0552159
906	0.0548895
907	0.0547934
908	0.0546014
909	0.0541296
910	0.0537154
911	0.0532737
912	0.0525276
913	0.0520091
914	0.0517623
915	0.0514578
916	0.0512465
917	0.0513014
918	0.0513974
919	0.0509613
920	0.0505114
921	0.0498558
922	0.049458
923	0.0492139
924	0.0488353
925	0.048262
926	0.0479191
927	0.0474034
928	0.0469672
929	0.0464159
930	0.0458919
931	0.0453104
932	0.0450141
933	0.0447041
934	0.0444106
935	0.0442872
936	0.0441281
937	0.0437742
938	0.0434862
939	0.0429595
940	0.0428991
941	0.0430363
942	0.043242
943	0.0430335
944	0.043039
945	0.0429238
946	0.0422682
947	0.0416098
948	0.0406251
949	0.0399612
950	0.0393906
951	0.0386719
952	0.0379615
953	0.037827
954	0.0375445
955	0.0371495
956	0.0367106
957	0.0363567
958	0.0358136
959	0.0350674
960	0.034623
961	0.0343268
962	0.0342088
963	0.0340579
964	0.0338687
965	0.0337562
966	0.0335395
967	0.03284
968	0.0321734
969	0.0313066
970	0.030747
971	0.0303986
972	0.0299405
973	0.0293864
974	0.0293617
975	0.0291861
976	0.0284372
977	0.0276582
978	0.0271507
979	0.0267666
980	0.0264457
981	0.0261138
982	0.0259163
983	0.0260178
984	0.0255679
985	0.0250769
986	0.0247532
987	0.0247751
988	0.0247916
989	0.0244569
990	0.0239604
991	0.0234886
992	0.0233158
993	0.0229098
994	0.0226629
995	0.0226656
996	0.0229729
997	0.0232993
998	0.0231841
999	0.0234419
1000	0.0235517
1001	0.023217
1002	0.0225586
1003	0.0219853
1004	0.0213105
1005	0.0209649
1006	0.0209704
1007	0.021135
1008	0.0218015
1009	0.0220731
1010	0.0218674
1011	0.0213489
1012	0.020921
1013	0.0209128
1014	0.0205507
1015	0.062979
1016	0.0511478
1017	0.0386692
1018	0.0268627
1019	0.020397
1020	0.0203998
1021	0.0203147
1022	0.0202736
1023	0.0198704
