0	-0.000228017
1	-0.000296595
2	-0.000197842
3	-0.000153951
4	-0.000255448
5	-0.000337743
6	-0.000148465
7	-0.000151208
8	-0.000189612
9	-0.000164924
10	-0.000197842
11	-8.81158e-05
12	6.55008e-05
13	7.37303e-05
14	7.64734e-05
15	4.90419e-05
16	0.000114878
17	7.8946e-06
18	0.000117621
19	0.000268494
20	8.19597e-05
21	7.8946e-06
22	0.000117621
23	0.000191686
24	7.09871e-05
25	6.27577e-05
26	0.000227347
27	1.88672e-05
28	4.62987e-05
29	1.61241e-05
30	-0.00027465
31	-6.06842e-05
32	0.000194429
33	3.53261e-05
34	-7.71431e-05
35	-5.51979e-05
36	-3.05095e-05
37	-4.69685e-05
38	9.01892e-05
39	0.000191686
40	0.000123107
41	4.62987e-05
42	6.8244e-05
43	-7.71431e-05
44	1.33809e-05
45	0.000123107
46	0.000290439
47	0.000216374
48	6.8244e-05
49	-4.42253e-05
50	0.000128593
51	2.43535e-05
52	0.000252035
53	0.000279467
54	0.000356275
55	0.000164254
56	0.00109693
57	0.00411714
58	0.0149553
59	0.0453385
60	0.109995
61	0.212759
62	0.341648
63	0.479451
64	0.613385
65	0.737082
66	0.848523
67	0.946283
68	1.03037
69	1.10053
70	1.15834
71	1.20495
72	1.24219
73	1.27105
74	1.29303
75	1.30952
76	1.32176
77	1.33059
78	1.33717
79	1.34281
80	1.3502
81	1.36015
82	1.37211
83	1.38499
84	1.39718
85	1.40815
86	1.41732
87	1.42463
88	1.42974
89	1.43313
90	1.43479
91	1.43447
92	1.43229
93	1.42885
94	1.42415
95	1.41853
96	1.41209
97	1.40484
98	1.39686
99	1.38881
100	1.38078
101	1.37304
102	1.36552
103	1.35855
104	1.35148
105	1.34438
106	1.33748
107	1.33037
108	1.32293
109	1.31528
110	1.30733
111	1.29922
112	1.29095
113	1.28199
114	1.27262
115	1.26317
116	1.25345
117	1.24341
118	1.23309
119	1.22273
120	1.21238
121	1.20192
122	1.19149
123	1.18135
124	1.17099
125	1.1607
126	1.15031
127	1.13986
128	1.12909
129	1.11831
130	1.10751
131	1.09678
132	1.08604
133	1.07549
134	1.06484
135	1.05428
136	1.04408
137	1.03381
138	1.02366
139	1.01339
140	1.00337
141	0.993145
142	0.983096
143	0.973194
144	0.963713
145	0.954249
146	0.944827
147	0.935237
148	0.925627
149	0.916065
150	0.906771
151	0.897444
152	0.888238
153	0.878996
154	0.86979
155	0.860346
156	0.851321
157	0.842049
158	0.833191
159	0.824325
160	0.815523
161	0.806967
162	0.798449
163	0.789907
164	0.781316
165	0.772891
166	0.764601
167	0.75632
168	0.748101
169	0.73985
170	0.731563
171	0.723547
172	0.715636
173	0.707484
174	0.69946
175	0.691491
176	0.683528
177	0.675581
178	0.667628
179	0.659969
180	0.652513
181	0.645091
182	0.637637
183	0.630321
184	0.623219
185	0.615928
186	0.608889
187	0.601606
188	0.594688
189	0.587685
190	0.580843
191	0.574114
192	0.567574
193	0.561221
194	0.554728
195	0.548477
196	0.542206
197	0.535938
198	0.529659
199	0.523456
200	0.517317
201	0.511274
202	0.505371
203	0.499539
204	0.493734
205	0.487982
206	0.48204
207	0.476466
208	0.470766
209	0.465181
210	0.459684
211	0.45431
212	0.448876
213	0.44343
214	0.438174
215	0.433023
216	0.42794
217	0.423095
218	0.418298
219	0.413519
220	0.408845
221	0.404225
222	0.399655
223	0.395219
224	0.390828
225	0.386474
226	0.382011
227	0.377411
228	0.372893
229	0.368383
230	0.363851
231	0.359515
232	0.355304
233	0.351491
234	0.34779
235	0.343942
236	0.340074
237	0.336239
238	0.332308
239	0.328676
240	0.32511
241	0.321335
242	0.317618
243	0.314047
244	0.310264
245	0.306377
246	0.302657
247	0.29885
248	0.295034
249	0.291306
250	0.287732
251	0.283924
252	0.280372
253	0.27685
254	0.273204
255	0.269772
256	0.266456
257	0.26301
258	0.259724
259	0.256334
260	0.25297
261	0.249786
262	0.246669
263	0.243707
264	0.240624
265	0.237548
266	0.234608
267	0.231728
268	0.229034
269	0.226228
270	0.223372
271	0.220629
272	0.217691
273	0.215044
274	0.212125
275	0.209393
276	0.206905
277	0.204109
278	0.201289
279	0.198538
280	0.195998
281	0.193326
282	0.190682
283	0.188183
284	0.185843
285	0.183385
286	0.18093
287	0.178565
288	0.176445
289	0.174182
290	0.172182
291	0.170053
292	0.168042
293	0.166034
294	0.164037
295	0.16212
296	0.160389
297	0.158488
298	0.156422
299	0.154398
300	0.15253
301	0.150481
302	0.148566
303	0.146676
304	0.144632
305	0.142674
306	0.14088
307	0.139014
308	0.137327
309	0.13544
310	0.133542
311	0.13166
312	0.129822
313	0.128006
314	0.126171
315	0.124221
316	0.122643
317	0.120698
318	0.11885
319	0.116957
320	0.11525
321	0.113251
322	0.111503
323	0.109816
324	0.108223
325	0.106374
326	0.104843
327	0.103002
328	0.101548
329	0.099919
330	0.0986462
331	0.0971018
332	0.0957494
333	0.0943394
334	0.0930337
335	0.0916484
336	0.0905182
337	0.0890589
338	0.0876818
339	0.0862581
340	0.0849359
341	0.0836439
342	0.0821982
343	0.0808267
344	0.0795703
345	0.078388
346	0.0770274
347	0.0757683
348	0.0744571
349	0.0734558
350	0.0720486
351	0.0707511
352	0.0695084
353	0.0684633
354	0.0671383
355	0.0660822
356	0.0649082
357	0.0636957
358	0.0627712
359	0.0617234
360	0.060563
361	0.0596605
362	0.0587498
363	0.0577129
364	0.0564373
365	0.0551946
366	0.0542099
367	0.053236
368	0.0521662
369	0.0512418
370	0.0502049
371	0.0491652
372	0.0482846
373	0.0480542
374	0.0484684
375	0.0492063
376	0.0499443
377	0.0507014
378	0.0513405
379	0.0519193
380	0.052243
381	0.0524433
382	0.0524899
383	0.052553
384	0.0524241
385	0.0519605
386	0.051239
387	0.0507727
388	0.0501472
389	0.0497852
390	0.049242
391	0.0487236
392	0.0479911
393	0.0470859
394	0.0464495
395	0.0457747
396	0.045056
397	0.0444689
398	0.043816
399	0.0429492
400	0.0423951
401	0.0417121
402	0.04104
403	0.040346
404	0.0396382
405	0.0388455
406	0.0379238
407	0.0369554
408	0.0363053
409	0.0357429
410	0.0350078
411	0.0341821
412	0.0334963
413	0.0326651
414	0.0320315
415	0.0312634
416	0.0305364
417	0.0297985
418	0.0291676
419	0.0283419
420	0.027626
421	0.0268853
422	0.0262215
423	0.0255604
424	0.0247539
425	0.0240928
426	0.023492
427	0.0227185
428	0.0221808
429	0.021698
430	0.0210342
431	0.0205514
432	0.0199643
433	0.0191963
434	0.0185516
435	0.0184364
436	0.0185653
437	0.0189082
438	0.0195062
439	0.0198519
440	0.0202112
441	0.0204855
442	0.0203621
443	0.0204142
444	0.02048
445	0.0202085
446	0.0199177
447	0.0196982
448	0.0192923
449	0.0190207
450	0.0187354
451	0.0184583
452	0.0182718
453	0.0182499
454	0.0181292
455	0.0180222
456	0.0178192
457	0.0176217
458	0.017394
459	0.0174818
460	0.0171115
461	0.0166067
462	0.0162446
463	0.0158441
464	0.0154656
465	0.0149279
466	0.0145329
467	0.0142339
468	0.0142641
469	0.01419
470	0.0139349
471	0.013891
472	0.0136304
473	0.0135042
474	0.0132162
475	0.0129254
476	0.0125688
477	0.0120997
478	0.0114715
479	0.0108571
480	0.0104291
481	0.0100643
482	0.0094224
483	0.00893411
484	0.00858573
485	0.00807825
486	0.00787526
487	0.00735406
488	0.0070962
489	0.00660243
490	0.00626503
491	0.00591116
492	0.00556827
493	0.00528023
494	0.00478372
495	0.00404856
496	0.00363434
497	0.00331614
498	0.00282786
499	0.00226825
500	0.00191439
501	0.00130266
502	0.000855529
503	0.000476974
504	6.8244e-05
505	-0.000425524
506	-0.000889116
507	-0.00127316
508	-0.00153924
509	-0.00210982
510	-0.00264748
511	-0.00282304
512	-0.00336618
513	-0.00399162
514	-0.00430434
515	-0.00459237
516	-0.00511357
517	-0.00565672
518	-0.00607368
519	-0.0065263
520	-0.00698166
521	-0.00763453
522	-0.00800486
523	-0.00846845
524	-0.00892107
525	-0.00925848
526	-0.00950536
527	-0.0097111
528	-0.0100238
529	-0.0104792
530	-0.0108276
531	-0.0110991
532	-0.0114722
533	-0.0119056
534	-0.0122321
535	-0.0127834
536	-0.0131153
537	-0.0132662
538	-0.0137408
539	-0.0142071
540	-0.0144924
541	-0.0147832
542	-0.015244
543	-0.015576
544	-0.0159298
545	-0.016152
546	-0.0165251
547	-0.0168104
548	-0.0172438
549	-0.0174111
550	-0.0177184
551	-0.0180036
552	-0.0181271
553	-0.0183356
554	-0.0187498
555	-0.0191969
556	-0.0195124
557	-0.0197675
558	-0.0201131
559	-0.0205411
560	-0.0209909
561	-0.0214408
562	-0.021781
563	-0.0221019
564	-0.0222144
565	-0.0225381
566	-0.0226615
567	-0.0226972
568	-0.0228892
569	-0.022859
570	-0.0227685
571	-0.0228563
572	-0.0231141
573	-0.023169
574	-0.0232294
575	-0.0234022
576	-0.0235558
577	-0.0236326
578	-0.0238959
579	-0.024173
580	-0.0243348
581	-0.0243623
582	-0.0244446
583	-0.0246997
584	-0.0247875
585	-0.0249767
586	-0.0250837
587	-0.0252593
588	-0.0253087
589	-0.0255391
590	-0.0258107
591	-0.0258244
592	-0.0260027
593	-0.026096
594	-0.0261673
595	-0.0263291
596	-0.0264388
597	-0.0265486
598	-0.0266062
599	-0.02696
600	-0.0270396
601	-0.0273989
602	-0.0276019
603	-0.0277748
604	-0.0279558
605	-0.0280902
606	-0.0282109
607	-0.0284331
608	-0.028691
609	-0.0287184
610	-0.0287019
611	-0.0283755
612	-0.0276129
613	-0.0270094
614	-0.0262743
615	-0.0254486
616	-0.0248506
617	-0.0241401
618	-0.0237204
619	-0.0233007
620	-0.0231251
621	-0.0227767
622	-0.0228069
623	-0.0227164
624	-0.022582
625	-0.0224284
626	-0.0223735
627	-0.0226094
628	-0.0226643
629	-0.0229468
630	-0.0232348
631	-0.0231827
632	-0.0232431
633	-0.0233885
634	-0.0234406
635	-0.0235229
636	-0.0236107
637	-0.0237341
638	-0.0239481
639	-0.0240907
640	-0.0242361
641	-0.024771
642	-0.024771
643	-0.024867
644	-0.0249575
645	-0.0250563
646	-0.0252236
647	-0.0252922
648	-0.025092
649	-0.0248506
650	-0.0247079
651	-0.0244693
652	-0.0241154
653	-0.0238521
654	-0.0234022
655	-0.022881
656	-0.0225271
657	-0.0221074
658	-0.0220635
659	-0.0218934
660	-0.0218221
661	-0.021652
662	-0.0217481
663	-0.0217042
664	-0.0216959
665	-0.021685
666	-0.0218166
667	-0.0216987
668	-0.0217755
669	-0.0218468
670	-0.0217042
671	-0.0213311
672	-0.0209004
673	-0.0207084
674	-0.0203216
675	-0.0199979
676	-0.0196687
677	-0.0195892
678	-0.0194438
679	-0.0193752
680	-0.0193258
681	-0.0195151
682	-0.0196825
683	-0.0196825
684	-0.0198937
685	-0.0198909
686	-0.0199458
687	-0.0201927
688	-0.0203134
689	-0.0204752
690	-0.0206727
691	-0.0207331
692	-0.0208236
693	-0.0207715
694	-0.0209992
695	-0.0211994
696	-0.0214737
697	-0.0216054
698	-0.0218441
699	-0.0220717
700	-0.0224585
701	-0.0224997
702	-0.0227548
703	-0.023158
704	-0.0235805
705	-0.0238521
706	-0.0243376
707	-0.0245735
708	-0.0249466
709	-0.0253471
710	-0.0257311
711	-0.026063
712	-0.0262852
713	-0.0263977
714	-0.0267378
715	-0.0270122
716	-0.0272755
717	-0.0274922
718	-0.0276815
719	-0.0276595
720	-0.0279778
721	-0.0279668
722	-0.0281067
723	-0.0283453
724	-0.028477
725	-0.028691
726	-0.0287733
727	-0.0289433
728	-0.0292423
729	-0.0295798
730	-0.0296538
731	-0.0297361
732	-0.0297635
733	-0.0298842
734	-0.0300763
735	-0.0301366
736	-0.0301668
737	-0.0305015
738	-0.0306386
739	-0.0309239
740	-0.0309952
741	-0.0309568
742	-0.0311077
743	-0.0309788
744	-0.0309458
745	-0.0309678
746	-0.0309623
747	-0.0309458
748	-0.0308498
749	-0.0308306
750	-0.0309157
751	-0.0308663
752	-0.0310446
753	-0.0311049
754	-0.0310693
755	-0.0312476
756	-0.0314094
757	-0.0317222
758	-0.0317276
759	-0.0319279
760	-0.0320788
761	-0.0323147
762	-0.0326493
763	-0.0327646
764	-0.0328853
765	-0.0331129
766	-0.0332885
767	-0.0336588
768	-0.0339304
769	-0.0340346
770	-0.0343254
771	-0.0345284
772	-0.0347012
773	-0.0350523
774	-0.0352581
775	-0.0356366
776	-0.0356504
777	-0.0360179
778	-0.0361743
779	-0.0364157
780	-0.0366928
781	-0.0369232
782	-0.0369671
783	-0.0371646
784	-0.0372332
785	-0.0374883
786	-0.0377379
787	-0.0379272
788	-0.0381823
789	-0.0381384
790	-0.0380369
791	-0.0381603
792	-0.0383469
793	-0.0384566
794	-0.0384182
795	-0.038388
796	-0.038495
797	-0.0382948
798	-0.0383633
799	-0.0384017
800	-0.0384401
801	-0.038399
802	-0.0384127
803	-0.0383496
804	-0.0384017
805	-0.0385663
806	-0.0387611
807	-0.0388544
808	-0.0390601
809	-0.0391534
810	-0.0393262
811	-0.0395155
812	-0.0395401
813	-0.039606
814	-0.039691
815	-0.0397322
816	-0.039916
817	-0.039905
818	-0.0400723
819	-0.0400668
820	-0.0401656
821	-0.0402177
822	-0.0402781
823	-0.0400476
824	-0.0402643
825	-0.0404481
826	-0.0404975
827	-0.0405688
828	-0.0406978
829	-0.0407197
830	-0.0407636
831	-0.0408239
832	-0.0408623
833	-0.041101
834	-0.041197
835	-0.0412107
836	-0.0412711
837	-0.0413753
838	-0.0414439
839	-0.0415975
840	-0.0416853
841	-0.0417456
842	-0.0418554
843	-0.0418307
844	-0.0420748
845	-0.0422339
846	-0.0425988
847	-0.0425549
848	-0.0424753
849	-0.0425302
850	-0.0424808
851	-0.0425796
852	-0.0425604
853	-0.0426509
854	-0.0426701
855	-0.0426509
856	-0.0426783
857	-0.0426399
858	-0.0424808
859	-0.042286
860	-0.0421955
861	-0.0422751
862	-0.0424698
863	-0.042319
864	-0.0422531
865	-0.0421955
866	-0.0422421
867	-0.0422943
868	-0.0425027
869	-0.0425576
870	-0.0426097
871	-0.0427332
872	-0.0428182
873	-0.0429307
874	-0.0428786
875	-0.0430212
876	-0.0429334
877	-0.0428539
878	-0.0428923
879	-0.0430239
880	-0.0430541
881	-0.0429828
882	-0.0429581
883	-0.0429883
884	-0.0429965
885	-0.0431913
886	-0.0434409
887	-0.0434574
888	-0.0433175
889	-0.0433339
890	-0.0433998
891	-0.0434875
892	-0.0436576
893	-0.0439072
894	-0.0438688
895	-0.0439264
896	-0.0438469
897	-0.0439703
898	-0.0440471
899	-0.0441816
900	-0.044017
901	-0.0441624
902	-0.0444586
903	-0.0443763
904	-0.0443873
905	-0.0443434
906	-0.0443653
907	-0.0443681
908	-0.0443407
909	-0.0443297
910	-0.0443571
911	-0.0444147
912	-0.0443653
913	-0.0442721
914	-0.0443818
915	-0.0445354
916	-0.0446945
917	-0.0447768
918	-0.0447851
919	-0.0449853
920	-0.0449387
921	-0.0449496
922	-0.0450484
923	-0.0453392
924	-0.0454077
925	-0.0453858
926	-0.0454955
927	-0.0454434
928	-0.0454379
929	-0.045715
930	-0.0456711
931	-0.0456848
932	-0.0459427
933	-0.0459893
934	-0.0458713
935	-0.0459701
936	-0.0461018
937	-0.0461429
938	-0.0460442
939	-0.0458631
940	-0.0457479
941	-0.0456409
942	-0.0454242
943	-0.0452541
944	-0.0450813
945	-0.045106
946	-0.0451417
947	-0.0450374
948	-0.0449304
949	-0.0448289
950	-0.0448344
951	-0.044807
952	-0.0448536
953	-0.0449442
954	-0.0449469
955	-0.0447768
956	-0.0447576
957	-0.0447082
958	-0.0447137
959	-0.044807
960	-0.0449003
961	-0.0449743
962	-0.0448591
963	-0.0449771
964	-0.0448372
965	-0.0450429
966	-0.045095
967	-0.0450292
968	-0.0450813
969	-0.0451444
970	-0.0451993
971	-0.0454983
972	-0.0455284
973	-0.0457863
974	-0.0459289
975	-0.0458576
976	-0.0459783
977	-0.0460222
978	-0.0461703
979	-0.0460826
980	-0.0460606
981	-0.0462444
982	-0.0461292
983	-0.0461018
984	-0.0459399
985	-0.0459481
986	-0.0459235
987	-0.0458988
988	-0.0457314
989	-0.0456107
990	-0.0457068
991	-0.0455531
992	-0.0455339
993	-0.0454654
994	-0.0453803
995	-0.0452514
996	-0.0450703
997	-0.0450923
998	-0.044999
999	-0.0448564
1000	-0.044818
1001	-0.0447329
1002	-0.0447137
1003	-0.0446177
1004	-0.0445821
1005	-0.0446781
1006	-0.0444723
1007	-0.044294
1008	-0.0444586
1009	-0.0445629
1010	-0.0444888
1011	-0.0442858
1012	-0.0443379
1013	-0.0440691
1014	-0.0439018
1015	-0.0437838
1016	-0.0434683
1017	-0.0433641
1018	-0.0431446
1019	-0.0429993
1020	-0.042917
1021	-0.0428155
1022	-0.042596
1023	-0.0424671
