0	-0.000445042
1	-0.00156111
2	-0.00114259
3	-0.000514797
4	-0.000584551
5	-0.00149136
6	-0.000793815
7	0.000182748
8	0.000461766
9	0.00053152
10	0.00136857
11	0.00220563
12	0.00185685
13	0.00213587
14	0.000182748
15	-0.000235779
16	0.000601275
17	0.00185685
18	0.00053152
19	0.000601275
20	0.000601275
21	0.000950047
22	-0.000166024
23	-0.000863569
24	0.000112993
25	0.00053152
26	-9.627e-05
27	-0.00072406
28	-0.000654306
29	0.000601275
30	-9.627e-05
31	-0.000235779
32	-0.000445042
33	0.000322257
34	0.00136857
35	0.000950047
36	-9.627e-05
37	0.000182748
38	0.000461766
39	-0.000445042
40	-0.000933324
41	-0.000514797
42	0.000461766
43	-0.000584551
44	-0.0014216
45	-0.000863569
46	-0.000793815
47	-0.000863569
48	-0.00135185
49	-0.00114259
50	-0.00107283
51	-0.000863569
52	-0.00149136
53	-0.000445042
54	-0.000933324
55	-0.000654306
56	-0.000933324
57	-0.00114259
58	-0.000654306
59	-0.00072406
60	-0.00114259
61	-0.00197964
62	-0.00135185
63	-0.000584551
64	-0.00114259
65	-0.0012821
66	0.00220563
67	0.0338742
68	0.150783
69	0.381321
70	0.668012
71	0.937683
72	1.15399
73	1.32091
74	1.45122
75	1.54845
76	1.60781
77	1.63111
78	1.62337
79	1.59351
80	1.54608
81	1.48456
82	1.4148
83	1.34045
84	1.2656
85	1.19096
86	1.12086
87	1.05724
88	1.00109
89	0.959307
90	0.932521
91	0.914245
92	0.896388
93	0.877136
94	0.854814
95	0.830121
96	0.805777
97	0.777875
98	0.748439
99	0.718933
100	0.690264
101	0.661176
102	0.632437
103	0.605093
104	0.580958
105	0.5578
106	0.535758
107	0.516017
108	0.500043
109	0.484907
110	0.471025
111	0.458749
112	0.450308
113	0.440822
114	0.429731
115	0.4185
116	0.408107
117	0.397992
118	0.38739
119	0.376229
120	0.364929
121	0.355372
122	0.346235
123	0.335702
124	0.325239
125	0.31638
126	0.307591
127	0.297755
128	0.288617
129	0.281433
130	0.274597
131	0.266157
132	0.258205
133	0.251578
134	0.244672
135	0.238045
136	0.231
137	0.223816
138	0.217817
139	0.211748
140	0.204912
141	0.198983
142	0.192914
143	0.187822
144	0.182172
145	0.175266
146	0.170453
147	0.167663
148	0.163338
149	0.158595
150	0.154619
151	0.15148
152	0.146388
153	0.142063
154	0.138297
155	0.135018
156	0.131949
157	0.12888
158	0.125811
159	0.12309
160	0.119672
161	0.116394
162	0.112348
163	0.109139
164	0.106628
165	0.102931
166	0.0995131
167	0.0964439
168	0.0944908
169	0.0914913
170	0.0882826
171	0.0857715
172	0.0850739
173	0.0842369
174	0.0812374
175	0.0792146
176	0.0774009
177	0.0752386
178	0.0727274
179	0.071123
180	0.070007
181	0.0693094
182	0.067147
183	0.066031
184	0.0659612
185	0.0653334
186	0.0641476
187	0.062613
188	0.0606599
189	0.0597531
190	0.0584277
191	0.0559863
192	0.0534054
193	0.0525684
194	0.0514523
195	0.0497084
196	0.0479646
197	0.047267
198	0.046709
199	0.0450349
200	0.0433608
201	0.0415471
202	0.0406403
203	0.039036
204	0.0372224
205	0.0370131
206	0.0370829
207	0.0366643
208	0.0351995
209	0.034781
210	0.0348507
211	0.0345717
212	0.0326186
213	0.031084
214	0.0308747
215	0.0294796
216	0.0286426
217	0.027666
218	0.0273172
219	0.0262012
220	0.0251548
221	0.023969
222	0.02369
223	0.0236202
224	0.0241085
225	0.0227134
226	0.0216671
227	0.0211788
228	0.0225739
229	0.0212486
230	0.0195047
231	0.0172726
232	0.0176911
233	0.016575
234	0.0153892
235	0.0142731
236	0.0140639
237	0.0124595
238	0.01232
239	0.011762
240	0.011762
241	0.011483
242	0.0112737
243	0.011204
244	0.0104367
245	0.00904156
246	0.00841377
247	0.00834402
248	0.00743721
249	0.00694893
250	0.00673967
251	0.00548409
252	0.00555384
253	0.00569335
254	0.0056236
255	0.00457728
256	0.00422851
257	0.004089
258	0.00339145
259	0.00422851
260	0.00436802
261	0.0025544
262	0.00220563
263	0.00283342
264	0.00192661
265	0.00122906
266	0.00185685
267	0.00185685
268	0.000392011
269	0.000392011
270	-0.000305533
271	0.00053152
272	-2.65156e-05
273	-0.000445042
274	-0.000584551
275	-0.000654306
276	-0.0014216
277	-0.00114259
278	-0.0012821
279	-0.00149136
280	-0.00316547
281	-0.00267719
282	-0.00316547
283	-0.00358399
284	-0.0037235
285	-0.00407227
286	-0.00476982
287	-0.00463031
288	-0.00414203
289	-0.00407227
290	-0.00407227
291	-0.00428154
292	-0.00351424
293	-0.00281669
294	-0.0020494
295	-0.0020494
296	-0.00211915
297	-0.00190989
298	-0.00260743
299	-0.00316547
300	-0.0029562
301	-0.0029562
302	-0.00337473
303	-0.00386301
304	-0.00414203
305	-0.00476982
306	-0.00497908
307	-0.00490933
308	-0.00470006
309	-0.00504884
310	-0.00532785
311	-0.0067927
312	-0.00693221
313	-0.00644393
314	-0.00707172
315	-0.00749024
316	-0.00762975
317	-0.00762975
318	-0.00783902
319	-0.00762975
320	-0.00811803
321	-0.00762975
322	-0.00825754
323	-0.00790877
324	-0.00825754
325	-0.00804828
326	-0.00846681
327	-0.00839705
328	-0.00881558
329	-0.00930386
330	-0.00965263
331	-0.00944337
332	-0.0103502
333	-0.0101409
334	-0.00958288
335	-0.00965263
336	-0.0106989
337	-0.0106292
338	-0.00993165
339	-0.0110477
340	-0.0118848
341	-0.0123033
342	-0.0116755
343	-0.0113267
344	-0.0106292
345	-0.0109082
346	-0.0114662
347	-0.0122335
348	-0.0122335
349	-0.0118848
350	-0.0119545
351	-0.012094
352	-0.0126521
353	-0.0123033
354	-0.0125823
355	-0.0132799
356	-0.0131404
357	-0.0132101
358	-0.0127916
359	-0.0125823
360	-0.0132101
361	-0.0127916
362	-0.0126521
363	-0.0126521
364	-0.0125823
365	-0.0123033
366	-0.012094
367	-0.012094
368	-0.0130008
369	-0.0127916
370	-0.0128613
371	-0.0127916
372	-0.0136984
373	-0.0132799
374	-0.0131404
375	-0.0141169
376	-0.0141867
377	-0.0140472
378	-0.0134194
379	-0.0139077
380	-0.0145354
381	-0.0143262
382	-0.0132799
383	-0.0130706
384	-0.0134194
385	-0.0128613
386	-0.0123731
387	-0.0128613
388	-0.0128613
389	-0.0120243
390	-0.0127916
391	-0.0123731
392	-0.0129311
393	-0.0136286
394	-0.0134891
395	-0.0127916
396	-0.0128613
397	-0.0135589
398	-0.0135589
399	-0.0123033
400	-0.0121638
401	-0.012094
402	-0.0113267
403	-0.00972239
404	-0.0102804
405	-0.0105594
406	-0.0100014
407	-0.00930386
408	-0.0102107
409	-0.0098619
410	-0.0103502
411	-0.0102804
412	-0.0102804
413	-0.0106989
414	-0.0108385
415	-0.0113267
416	-0.0109082
417	-0.0116058
418	-0.0117453
419	-0.011815
420	-0.011815
421	-0.012094
422	-0.0135589
423	-0.0134891
424	-0.0138379
425	-0.0132799
426	-0.0140472
427	-0.0134891
428	-0.0131404
429	-0.0132799
430	-0.0136286
431	-0.0133496
432	-0.0136286
433	-0.0142564
434	-0.0139774
435	-0.0139077
436	-0.0138379
437	-0.0143959
438	-0.0143262
439	-0.0142564
440	-0.0142564
441	-0.0139077
442	-0.0131404
443	-0.0133496
444	-0.0134891
445	-0.0143959
446	-0.0150935
447	-0.0148145
448	-0.0145354
449	-0.014954
450	-0.0141169
451	-0.0133496
452	-0.0137681
453	-0.0147447
454	-0.0150935
455	-0.0143262
456	-0.0148842
457	-0.0153027
458	-0.0154423
459	-0.0154423
460	-0.0156515
461	-0.014954
462	-0.0141867
463	-0.0143959
464	-0.0141867
465	-0.0146052
466	-0.0144657
467	-0.0154423
468	-0.0137681
469	-0.0139077
470	-0.0151632
471	-0.0145354
472	-0.0146052
473	-0.0142564
474	-0.014954
475	-0.015512
476	-0.015512
477	-0.0141169
478	-0.0146052
479	-0.0153027
480	-0.0140472
481	-0.0141867
482	-0.014675
483	-0.015791
484	-0.0156515
485	-0.0154423
486	-0.015233
487	-0.0161398
488	-0.0151632
489	-0.0141867
490	-0.0138379
491	-0.0148145
492	-0.0141867
493	-0.0134194
494	-0.0126521
495	-0.0132101
496	-0.0135589
497	-0.0139774
498	-0.0139774
499	-0.0143262
500	-0.0145354
501	-0.0151632
502	-0.0150935
503	-0.015233
504	-0.0161398
505	-0.01607
506	-0.015791
507	-0.015512
508	-0.0161398
509	-0.0161398
510	-0.0154423
511	-0.014954
512	-0.0148842
513	-0.0163491
514	-0.0154423
515	-0.0153027
516	-0.0151632
517	-0.0159305
518	-0.0158608
519	-0.0150237
520	-0.0151632
521	-0.0150237
522	-0.0141867
523	-0.0138379
524	-0.014675
525	-0.014675
526	-0.0154423
527	-0.014675
528	-0.014675
529	-0.0147447
530	-0.0148145
531	-0.0147447
532	-0.0143959
533	-0.0140472
534	-0.0142564
535	-0.0142564
536	-0.0139077
537	-0.0134891
538	-0.0133496
539	-0.0130706
540	-0.0131404
541	-0.0131404
542	-0.0129311
543	-0.0135589
544	-0.0136984
545	-0.0139077
546	-0.014675
547	-0.0153725
548	-0.015512
549	-0.0150237
550	-0.0162793
551	-0.0166281
552	-0.0164188
553	-0.0155818
554	-0.0159305
555	-0.0173954
556	-0.0171164
557	-0.0162096
558	-0.0164188
559	-0.0166978
560	-0.0162793
561	-0.0165583
562	-0.0166281
563	-0.0163491
564	-0.0167676
565	-0.0165583
566	-0.0162096
567	-0.0159305
568	-0.0164188
569	-0.0165583
570	-0.0163491
571	-0.015791
572	-0.0161398
573	-0.0162096
574	-0.0166281
575	-0.0162793
576	-0.0164886
577	-0.0159305
578	-0.0156515
579	-0.0151632
580	-0.0151632
581	-0.0147447
582	-0.0150935
583	-0.0146052
584	-0.015233
585	-0.015512
586	-0.0150935
587	-0.0155818
588	-0.0139077
589	-0.0135589
590	-0.0144657
591	-0.0139077
592	-0.0143262
593	-0.0146052
594	-0.0143959
595	-0.0148842
596	-0.0150935
597	-0.0141169
598	-0.0144657
599	-0.0153725
600	-0.0150237
601	-0.0154423
602	-0.01607
603	-0.0161398
604	-0.0162793
605	-0.0159305
606	-0.0162793
607	-0.0167676
608	-0.0171164
609	-0.0163491
610	-0.0160003
611	-0.015791
612	-0.0159305
613	-0.0155818
614	-0.0164188
615	-0.0167676
616	-0.0165583
617	-0.01607
618	-0.0162793
619	-0.0160003
620	-0.0150237
621	-0.0151632
622	-0.0147447
623	-0.0148145
624	-0.0153725
625	-0.0157213
626	-0.015233
627	-0.0158608
628	-0.015512
629	-0.01607
630	-0.0166281
631	-0.015233
632	-0.0157213
633	-0.0160003
634	-0.0169071
635	-0.0169071
636	-0.0169071
637	-0.0172559
638	-0.0173954
639	-0.0165583
640	-0.0166281
641	-0.0163491
642	-0.0168373
643	-0.0165583
644	-0.0163491
645	-0.0166281
646	-0.0162096
647	-0.0164188
648	-0.0164886
649	-0.0171164
650	-0.0173256
651	-0.0178837
652	-0.0173954
653	-0.0175349
654	-0.0183719
655	-0.0179534
656	-0.0172559
657	-0.0169071
658	-0.0172559
659	-0.0179534
660	-0.0185812
661	-0.0184417
662	-0.0169769
663	-0.0143262
664	-0.0123033
665	-0.0106292
666	-0.00958288
667	-0.00825754
668	-0.00811803
669	-0.00762975
670	-0.00721123
671	-0.00651368
672	-0.00672294
673	-0.00686245
674	-0.00721123
675	-0.00776926
676	-0.0090946
677	-0.0104199
678	-0.0102804
679	-0.0110477
680	-0.0114662
681	-0.0113965
682	-0.0107687
683	-0.0102804
684	-0.0102107
685	-0.0100014
686	-0.0092341
687	-0.00958288
688	-0.00846681
689	-0.00860631
690	-0.00916435
691	-0.00895509
692	-0.00860631
693	-0.00881558
694	-0.0106292
695	-0.0104199
696	-0.0109082
697	-0.0106989
698	-0.011815
699	-0.0111175
700	-0.0105594
701	-0.0124428
702	-0.0137681
703	-0.0134891
704	-0.0127218
705	-0.0137681
706	-0.0144657
707	-0.014675
708	-0.0137681
709	-0.0128613
710	-0.0135589
711	-0.0143959
712	-0.0141867
713	-0.0142564
714	-0.0141169
715	-0.0144657
716	-0.0148842
717	-0.014954
718	-0.0151632
719	-0.0161398
720	-0.0162096
721	-0.0150935
722	-0.015791
723	-0.0164886
724	-0.0173256
725	-0.0167676
726	-0.0166978
727	-0.0166281
728	-0.0167676
729	-0.015791
730	-0.0153027
731	-0.0155818
732	-0.01607
733	-0.0158608
734	-0.01607
735	-0.0159305
736	-0.0167676
737	-0.0165583
738	-0.0164886
739	-0.0168373
740	-0.0167676
741	-0.0160003
742	-0.0153725
743	-0.0150935
744	-0.0156515
745	-0.0153027
746	-0.015512
747	-0.0138379
748	-0.0141867
749	-0.0144657
750	-0.0147447
751	-0.014954
752	-0.0148842
753	-0.0161398
754	-0.0161398
755	-0.0164886
756	-0.01607
757	-0.0164188
758	-0.0171164
759	-0.0171861
760	-0.0172559
761	-0.0172559
762	-0.0180929
763	-0.0180929
764	-0.0180929
765	-0.0172559
766	-0.0176744
767	-0.0183022
768	-0.0175349
769	-0.0170466
770	-0.0169071
771	-0.0170466
772	-0.0171861
773	-0.0166978
774	-0.0167676
775	-0.0172559
776	-0.0174651
777	-0.0173256
778	-0.0173954
779	-0.0171164
780	-0.0169769
781	-0.0171164
782	-0.0169071
783	-0.0171861
784	-0.0184417
785	-0.0187905
786	-0.0178837
787	-0.0172559
788	-0.0183719
789	-0.018651
790	-0.0178837
791	-0.0178139
792	-0.0184417
793	-0.0185812
794	-0.0183022
795	-0.0173954
796	-0.0181627
797	-0.0190695
798	-0.019209
799	-0.01893
800	-0.0187905
801	-0.0181627
802	-0.018651
803	-0.0183022
804	-0.0181627
805	-0.0185114
806	-0.0185114
807	-0.0178139
808	-0.0175349
809	-0.0183719
810	-0.0185812
811	-0.0187207
812	-0.0181627
813	-0.0187207
814	-0.0179534
815	-0.0177441
816	-0.0179534
817	-0.01893
818	-0.0178837
819	-0.0181627
820	-0.0175349
821	-0.0187905
822	-0.0189997
823	-0.0187905
824	-0.0183022
825	-0.0183022
826	-0.0185114
827	-0.0183719
828	-0.0171164
829	-0.0171861
830	-0.0175349
831	-0.0173256
832	-0.0163491
833	-0.0168373
834	-0.0170466
835	-0.0169769
836	-0.0164886
837	-0.0171164
838	-0.0173256
839	-0.0167676
840	-0.0173256
841	-0.0179534
842	-0.0182324
843	-0.0187207
844	-0.0183719
845	-0.0177441
846	-0.0177441
847	-0.0175349
848	-0.0173954
849	-0.0173954
850	-0.0168373
851	-0.0180929
852	-0.0171861
853	-0.0170466
854	-0.0159305
855	-0.0171861
856	-0.0161398
857	-0.0160003
858	-0.0169071
859	-0.0177441
860	-0.0169769
861	-0.0162793
862	-0.0173954
863	-0.0177441
864	-0.0166281
865	-0.0172559
866	-0.0172559
867	-0.0174651
868	-0.0166281
869	-0.0177441
870	-0.0183719
871	-0.0185114
872	-0.0179534
873	-0.0182324
874	-0.0173256
875	-0.0179534
876	-0.0184417
877	-0.0176744
878	-0.0171861
879	-0.0167676
880	-0.0164188
881	-0.0164188
882	-0.0166281
883	-0.0172559
884	-0.0162096
885	-0.0162096
886	-0.0162793
887	-0.0168373
888	-0.0170466
889	-0.0166281
890	-0.0165583
891	-0.0175349
892	-0.0166281
893	-0.01607
894	-0.01607
895	-0.0168373
896	-0.0175349
897	-0.0167676
898	-0.0164886
899	-0.0176046
900	-0.0178139
901	-0.0180232
902	-0.0188602
903	-0.0179534
904	-0.0177441
905	-0.0171861
906	-0.0170466
907	-0.0169769
908	-0.0176744
909	-0.0183719
910	-0.0183719
911	-0.0180232
912	-0.0180232
913	-0.0182324
914	-0.0182324
915	-0.0178837
916	-0.0180929
917	-0.018651
918	-0.0185114
919	-0.0181627
920	-0.01893
921	-0.0183719
922	-0.0183022
923	-0.0182324
924	-0.0187905
925	-0.0183022
926	-0.018651
927	-0.0183022
928	-0.0177441
929	-0.0178139
930	-0.0183022
931	-0.0187207
932	-0.0179534
933	-0.0180929
934	-0.0187905
935	-0.0188602
936	-0.0185812
937	-0.0185114
938	-0.0183719
939	-0.0185114
940	-0.018651
941	-0.0183719
942	-0.0173954
943	-0.0176046
944	-0.0171861
945	-0.0168373
946	-0.0166978
947	-0.0162096
948	-0.0172559
949	-0.0168373
950	-0.0168373
951	-0.0176046
952	-0.0173256
953	-0.0165583
954	-0.0162793
955	-0.0166281
956	-0.0166978
957	-0.0166978
958	-0.0161398
959	-0.0169769
960	-0.0167676
961	-0.0162793
962	-0.01607
963	-0.0174651
964	-0.0164886
965	-0.0153027
966	-0.0148842
967	-0.0145354
968	-0.0140472
969	-0.0134891
970	-0.0129311
971	-0.0126521
972	-0.0123731
973	-0.0117453
974	-0.0121638
975	-0.011815
976	-0.0125126
977	-0.0126521
978	-0.0127218
979	-0.0124428
980	-0.0132101
981	-0.0143262
982	-0.0140472
983	-0.0131404
984	-0.0132101
985	-0.0136286
986	-0.012094
987	-0.012094
988	-0.0122335
989	-0.0127218
990	-0.0127218
991	-0.0123731
992	-0.0131404
993	-0.0134891
994	-0.0134194
995	-0.0128613
996	-0.0132101
997	-0.0143262
998	-0.0143262
999	-0.0146052
1000	-0.0139774
1001	-0.0139077
1002	-0.0150237
1003	-0.0150935
1004	-0.015233
1005	-0.015512
1006	-0.0160003
1007	-0.015791
1008	-0.0148145
1009	-0.0150935
1010	-0.01607
1011	-0.0162096
1012	-0.01607
1013	-0.0154423
1014	-0.015233
1015	-0.015512
1016	-0.0157213
1017	-0.015512
1018	-0.0153027
1019	-0.015233
1020	-0.0136984
1021	-0.014675
1022	-0.014954
1023	-0.0154423
