0	6.496e-05
1	0.000141768
2	6.77032e-05
3	-4.47661e-05
4	-0.000217585
5	-0.000201126
6	-0.000165465
7	2.9299e-05
8	-1.73346e-05
9	-0.000198383
10	7.31895e-05
11	0.00021309
12	0.00010885
13	0.000240522
14	0.000128053
15	6.22169e-05
16	0.00026521
17	0.000380423
18	0.000361221
19	0.000180172
20	-0.000132547
21	-0.000198383
22	-0.000118831
23	-0.000231301
24	-0.000124318
25	-0.000127061
26	-0.000245016
27	-0.000228557
28	-2.00777e-05
29	6.77032e-05
30	0.00021309
31	0.000106107
32	0.000114337
33	0.000152741
34	0.000136282
35	0.000355734
36	0.000240522
37	0.000240522
38	0.000278926
39	0.000166457
40	4.02716e-05
41	6.77032e-05
42	-2.00777e-05
43	-0.000179181
44	-0.000330054
45	-0.000458982
46	-0.000406862
47	-0.00023953
48	-0.000365715
49	-0.000225814
50	-0.000354742
51	-0.000552249
52	-0.000642773
53	-0.000489157
54	-0.000456239
55	-0.000242273
56	-0.000305366
57	-0.000231301
58	-0.000162722
59	0.00042157
60	0.00312083
61	0.0119456
62	0.036291
63	0.0991531
64	0.23938
65	0.492477
66	0.863667
67	1.31375
68	1.77523
69	2.1864
70	2.50948
71	2.73281
72	2.86474
73	2.92354
74	2.93041
75	2.9039
76	2.85764
77	2.80102
78	2.74173
79	2.68475
80	2.63289
81	2.58773
82	2.54889
83	2.51537
84	2.4869
85	2.46295
86	2.44202
87	2.42296
88	2.40525
89	2.38833
90	2.37184
91	2.35576
92	2.33926
93	2.32234
94	2.30524
95	2.28795
96	2.27046
97	2.25324
98	2.23618
99	2.21942
100	2.20245
101	2.18567
102	2.16797
103	2.14959
104	2.1308
105	2.11219
106	2.09444
107	2.07741
108	2.06083
109	2.0439
110	2.02656
111	2.00929
112	1.99169
113	1.97433
114	1.95693
115	1.93971
116	1.92181
117	1.90348
118	1.88534
119	1.86776
120	1.85031
121	1.83292
122	1.8154
123	1.79837
124	1.78178
125	1.76548
126	1.74923
127	1.7329
128	1.71622
129	1.6995
130	1.6828
131	1.6661
132	1.64946
133	1.6328
134	1.61617
135	1.59959
136	1.5835
137	1.56743
138	1.55177
139	1.53642
140	1.5208
141	1.50527
142	1.49011
143	1.47586
144	1.46184
145	1.44725
146	1.43195
147	1.41666
148	1.40151
149	1.38683
150	1.37243
151	1.35836
152	1.34452
153	1.33073
154	1.31714
155	1.3037
156	1.29035
157	1.27673
158	1.26263
159	1.24826
160	1.23432
161	1.22113
162	1.20828
163	1.19563
164	1.183
165	1.17025
166	1.15743
167	1.14504
168	1.13302
169	1.12115
170	1.10935
171	1.09845
172	1.08792
173	1.07712
174	1.06579
175	1.05391
176	1.04186
177	1.03036
178	1.01966
179	1.009
180	0.998235
181	0.987649
182	0.977371
183	0.967358
184	0.957678
185	0.94783
186	0.937677
187	0.927958
188	0.91847
189	0.909044
190	0.899051
191	0.889055
192	0.879333
193	0.869765
194	0.860795
195	0.852003
196	0.842929
197	0.833539
198	0.824879
199	0.816523
200	0.807559
201	0.798292
202	0.789158
203	0.781205
204	0.775779
205	0.772858
206	0.77232
207	0.772029
208	0.770781
209	0.768077
210	0.762074
211	0.755313
212	0.748715
213	0.741783
214	0.734369
215	0.727042
216	0.718601
217	0.710108
218	0.701766
219	0.693444
220	0.685165
221	0.677314
222	0.669718
223	0.662539
224	0.655942
225	0.649452
226	0.643131
227	0.636866
228	0.630617
229	0.624552
230	0.618898
231	0.614257
232	0.610395
233	0.607213
234	0.604409
235	0.601792
236	0.599098
237	0.596199
238	0.592751
239	0.588984
240	0.584752
241	0.580149
242	0.575244
243	0.570397
244	0.565064
245	0.559932
246	0.55509
247	0.550273
248	0.545146
249	0.540164
250	0.534749
251	0.529598
252	0.524487
253	0.519555
254	0.514598
255	0.5096
256	0.504358
257	0.498795
258	0.493468
259	0.488568
260	0.483587
261	0.478844
262	0.474222
263	0.469591
264	0.465128
265	0.461175
266	0.457527
267	0.45392
268	0.450551
269	0.446765
270	0.442755
271	0.438621
272	0.434671
273	0.430743
274	0.426576
275	0.422914
276	0.419641
277	0.41627
278	0.4132
279	0.409991
280	0.406592
281	0.403147
282	0.399498
283	0.395938
284	0.392646
285	0.389593
286	0.387313
287	0.385187
288	0.383256
289	0.381105
290	0.378472
291	0.375518
292	0.372558
293	0.369477
294	0.366229
295	0.36294
296	0.359659
297	0.356359
298	0.353024
299	0.349458
300	0.345661
301	0.341834
302	0.338128
303	0.334521
304	0.331024
305	0.327806
306	0.324613
307	0.321722
308	0.318822
309	0.315969
310	0.312869
311	0.310118
312	0.307364
313	0.304538
314	0.301913
315	0.299134
316	0.296353
317	0.293341
318	0.290365
319	0.287556
320	0.28473
321	0.281877
322	0.279033
323	0.276287
324	0.273763
325	0.271259
326	0.268902
327	0.266828
328	0.264368
329	0.262033
330	0.259737
331	0.257521
332	0.255442
333	0.253296
334	0.25148
335	0.249574
336	0.247506
337	0.245478
338	0.243273
339	0.241298
340	0.239087
341	0.236725
342	0.234511
343	0.232377
344	0.229903
345	0.227845
346	0.225552
347	0.223371
348	0.221218
349	0.219369
350	0.217449
351	0.215803
352	0.214352
353	0.212903
354	0.211798
355	0.211376
356	0.211397
357	0.212166
358	0.213106
359	0.213811
360	0.214228
361	0.214141
362	0.213523
363	0.212517
364	0.211104
365	0.209656
366	0.208067
367	0.206232
368	0.204084
369	0.201862
370	0.199745
371	0.197876
372	0.196099
373	0.194703
374	0.194042
375	0.194766
376	0.197487
377	0.201909
378	0.207343
379	0.212415
380	0.21616
381	0.218222
382	0.218675
383	0.218083
384	0.216467
385	0.214165
386	0.211507
387	0.208822
388	0.20618
389	0.20356
390	0.201198
391	0.199018
392	0.197092
393	0.195495
394	0.193888
395	0.192069
396	0.190256
397	0.188481
398	0.186761
399	0.185044
400	0.183338
401	0.181845
402	0.180246
403	0.178441
404	0.176502
405	0.174469
406	0.172631
407	0.170719
408	0.168972
409	0.167482
410	0.166336
411	0.165277
412	0.164435
413	0.163568
414	0.162504
415	0.161656
416	0.160624
417	0.159563
418	0.158501
419	0.157171
420	0.155604
421	0.153912
422	0.152409
423	0.151152
424	0.149948
425	0.149059
426	0.148264
427	0.147178
428	0.146176
429	0.145329
430	0.145046
431	0.144917
432	0.14486
433	0.144788
434	0.144547
435	0.144157
436	0.143441
437	0.142424
438	0.141431
439	0.140547
440	0.140462
441	0.141387
442	0.143109
443	0.145208
444	0.14681
445	0.147564
446	0.147529
447	0.146695
448	0.145672
449	0.144404
450	0.143033
451	0.141782
452	0.140816
453	0.14109
454	0.143178
455	0.147186
456	0.15223
457	0.156795
458	0.160334
459	0.162443
460	0.163241
461	0.163269
462	0.162514
463	0.161253
464	0.1595
465	0.157692
466	0.155679
467	0.154079
468	0.153273
469	0.153292
470	0.154537
471	0.156156
472	0.15798
473	0.159039
474	0.159459
475	0.159535
476	0.158924
477	0.158046
478	0.156715
479	0.155407
480	0.154269
481	0.152944
482	0.151528
483	0.150129
484	0.148725
485	0.147438
486	0.146206
487	0.145197
488	0.144234
489	0.143326
490	0.142262
491	0.141041
492	0.140152
493	0.139464
494	0.139091
495	0.138849
496	0.138638
497	0.138249
498	0.137659
499	0.136792
500	0.136177
501	0.135566
502	0.134995
503	0.13443
504	0.133868
505	0.133341
506	0.132795
507	0.131991
508	0.131212
509	0.130189
510	0.129177
511	0.128137
512	0.127174
513	0.126165
514	0.125087
515	0.123987
516	0.122654
517	0.121425
518	0.120053
519	0.118739
520	0.117425
521	0.116196
522	0.11528
523	0.114443
524	0.113596
525	0.112578
526	0.111709
527	0.110929
528	0.109972
529	0.109231
530	0.108562
531	0.10814
532	0.107874
533	0.107457
534	0.106935
535	0.106318
536	0.105739
537	0.105122
538	0.104198
539	0.10307
540	0.102212
541	0.101575
542	0.101353
543	0.101663
544	0.102919
545	0.104253
546	0.105726
547	0.106848
548	0.107328
549	0.107221
550	0.106645
551	0.105778
552	0.10481
553	0.103748
554	0.102813
555	0.101789
556	0.100799
557	0.0998197
558	0.0989008
559	0.0980202
560	0.0972796
561	0.0964155
562	0.0957187
563	0.0948464
564	0.0937272
565	0.0926409
566	0.0916479
567	0.0904957
568	0.0896755
569	0.0891242
570	0.0886606
571	0.0884987
572	0.0885728
573	0.088795
574	0.0889075
575	0.0891022
576	0.0890117
577	0.0892833
578	0.0892394
579	0.0891077
580	0.0889431
581	0.0886633
582	0.0886057
583	0.0887374
584	0.0888279
585	0.0889376
586	0.0890282
587	0.0890858
588	0.089105
589	0.088699
590	0.0882244
591	0.0876977
592	0.0872671
593	0.086979
594	0.0865703
595	0.0865072
596	0.0864633
597	0.0863755
598	0.0861451
599	0.085879
600	0.0854291
601	0.0848887
602	0.0838628
603	0.0827985
604	0.0819206
605	0.081287
606	0.0804064
607	0.0796521
608	0.0789416
609	0.0781927
610	0.077463
611	0.0770954
612	0.0763767
613	0.0759077
614	0.0774877
615	0.0833992
616	0.0949643
617	0.109462
618	0.112145
619	0.111357
620	0.110696
621	0.109956
622	0.109262
623	0.108683
624	0.108074
625	0.107363
626	0.106381
627	0.105737
628	0.105284
629	0.104653
630	0.104126
631	0.10363
632	0.103125
633	0.102508
634	0.102231
635	0.10174
636	0.101054
637	0.100618
638	0.100201
639	0.0998444
640	0.0993479
641	0.0989227
642	0.0985442
643	0.0982918
644	0.0982259
645	0.0991915
646	0.101298
647	0.104694
648	0.108672
649	0.112537
650	0.116007
651	0.119008
652	0.121296
653	0.122813
654	0.123606
655	0.12394
656	0.12391
657	0.123381
658	0.122308
659	0.121466
660	0.120511
661	0.119842
662	0.119132
663	0.118525
664	0.118021
665	0.117513
666	0.116967
667	0.116613
668	0.11643
669	0.116218
670	0.115922
671	0.115195
672	0.114841
673	0.114427
674	0.114408
675	0.114482
676	0.114605
677	0.114759
678	0.114696
679	0.114726
680	0.114737
681	0.114572
682	0.114186
683	0.113758
684	0.11316
685	0.112589
686	0.111969
687	0.11119
688	0.110244
689	0.109393
690	0.108757
691	0.10834
692	0.107772
693	0.107226
694	0.106565
695	0.105923
696	0.105303
697	0.104936
698	0.104587
699	0.104198
700	0.103731
701	0.102994
702	0.102313
703	0.101677
704	0.101268
705	0.10078
706	0.0999925
707	0.0994604
708	0.0988212
709	0.0984262
710	0.0980806
711	0.0976499
712	0.0970244
713	0.0964539
714	0.0958586
715	0.0954389
716	0.095
717	0.0947531
718	0.0945227
719	0.0942484
720	0.0938671
721	0.0933843
722	0.0930304
723	0.0927972
724	0.0924187
725	0.0925257
726	0.0926683
727	0.0932389
728	0.0942703
729	0.0957571
730	0.0975072
731	0.0992903
732	0.100983
733	0.102629
734	0.104255
735	0.105781
736	0.106856
737	0.107827
738	0.108381
739	0.108773
740	0.108738
741	0.108642
742	0.10797
743	0.107624
744	0.10803
745	0.109182
746	0.110688
747	0.112378
748	0.113854
749	0.114885
750	0.115722
751	0.115804
752	0.115538
753	0.115277
754	0.114476
755	0.113596
756	0.112592
757	0.111346
758	0.110194
759	0.109157
760	0.108233
761	0.107276
762	0.10637
763	0.105344
764	0.104483
765	0.103915
766	0.103611
767	0.103177
768	0.10264
769	0.102453
770	0.102105
771	0.10183
772	0.10126
773	0.100747
774	0.100245
775	0.0997237
776	0.0991614
777	0.0984591
778	0.0978035
779	0.097008
780	0.096591
781	0.0963469
782	0.0959766
783	0.0957132
784	0.0952935
785	0.0953072
786	0.095491
787	0.0953731
788	0.0952606
789	0.0948574
790	0.0943773
791	0.0937354
792	0.0931456
793	0.0927534
794	0.0920621
795	0.0914202
796	0.0910663
797	0.0912419
798	0.0928823
799	0.0962234
800	0.101013
801	0.106486
802	0.11119
803	0.114989
804	0.117373
805	0.118435
806	0.118372
807	0.117527
808	0.116342
809	0.114959
810	0.113686
811	0.112068
812	0.110957
813	0.109733
814	0.108505
815	0.107251
816	0.10642
817	0.105635
818	0.105144
819	0.105054
820	0.104631
821	0.104253
822	0.104201
823	0.104587
824	0.105202
825	0.105792
826	0.10614
827	0.106126
828	0.105953
829	0.105468
830	0.104906
831	0.104061
832	0.103314
833	0.102552
834	0.101809
835	0.100843
836	0.0997292
837	0.0986786
838	0.0977678
839	0.096602
840	0.0954416
841	0.0942319
842	0.0931264
843	0.0920539
844	0.0909484
845	0.0898346
846	0.0888334
847	0.0880022
848	0.0873
849	0.0873987
850	0.0882107
851	0.0901501
852	0.0924928
853	0.0945282
854	0.0960067
855	0.0967913
856	0.0970738
857	0.0967776
858	0.0959985
859	0.0950713
860	0.0937711
861	0.0925257
862	0.0910992
863	0.0899745
864	0.0891489
865	0.0884932
866	0.0878843
867	0.087289
868	0.0870366
869	0.0868281
870	0.0863783
871	0.0859311
872	0.0853249
873	0.0846254
874	0.0841316
875	0.0841399
876	0.0842084
877	0.0843648
878	0.0843895
879	0.0844773
880	0.0843182
881	0.0840192
882	0.0837723
883	0.0835034
884	0.0829192
885	0.0821182
886	0.0814927
887	0.0810072
888	0.0803845
889	0.0794216
890	0.0781625
891	0.0769446
892	0.0759653
893	0.0752301
894	0.0745635
895	0.0739682
896	0.0732468
897	0.0724568
898	0.0717134
899	0.0710715
900	0.0704488
901	0.0700318
902	0.06956
903	0.0689428
904	0.0681637
905	0.067873
906	0.0675383
907	0.0671378
908	0.066869
909	0.0666742
910	0.0663176
911	0.0659884
912	0.0656702
913	0.0650557
914	0.0644468
915	0.0636128
916	0.0631191
917	0.0624196
918	0.0618325
919	0.0615088
920	0.0610782
921	0.0608916
922	0.0604802
923	0.0602223
924	0.0601044
925	0.059841
926	0.0595146
927	0.0591305
928	0.0585846
929	0.0581677
930	0.057822
931	0.0573008
932	0.056744
933	0.0560664
934	0.0556714
935	0.0550597
936	0.0543492
937	0.0537814
938	0.0530599
939	0.0525113
940	0.0518008
941	0.0513811
942	0.0507859
943	0.0501604
944	0.0497023
945	0.0494143
946	0.049022
947	0.0487998
948	0.048926
949	0.0487175
950	0.0485447
951	0.0483472
952	0.0480701
953	0.047719
954	0.0473075
955	0.0469208
956	0.0463035
957	0.0459744
958	0.0455464
959	0.0449731
960	0.0443038
961	0.0435906
962	0.0430886
963	0.0425399
964	0.0420571
965	0.0416073
966	0.0409983
967	0.040521
968	0.0400272
969	0.0396157
970	0.0393524
971	0.0389025
972	0.0386968
973	0.0384554
974	0.038107
975	0.0377696
976	0.0374514
977	0.0369412
978	0.0366065
979	0.0364721
980	0.0363157
981	0.0358659
982	0.0352925
983	0.0346013
984	0.0343599
985	0.0343928
986	0.0347905
987	0.0353748
988	0.0358988
989	0.036527
990	0.0371442
991	0.0381152
992	0.0389601
993	0.0398023
994	0.0407212
995	0.0417115
996	0.0429075
997	0.0441173
998	0.0449704
999	0.0457138
1000	0.0461828
1001	0.0465449
1002	0.0467836
1003	0.0467205
1004	0.0465285
1005	0.0459881
1006	0.045541
1007	0.0451953
1008	0.045017
1009	0.045113
1010	0.0455684
1011	0.0463447
1012	0.0472664
1013	0.0479165
1014	0.0485666
1015	0.0487065
1016	0.0487203
1017	0.0485502
1018	0.0480729
1019	0.0478178
1020	0.0472335
1021	0.0468083
1022	0.0461801
1023	0.0456205
