0	0.000640363
1	0.000456572
2	0.000193229
3	4.23555e-05
4	-6.73707e-05
5	-0.000163381
6	-5.36549e-05
7	-8.10864e-05
8	-0.000100288
9	0.000217917
10	0.00038525
11	0.000505948
12	0.000654079
13	0.000601959
14	0.000412681
15	0.00022889
16	9.99617e-05
17	-0.00023196
18	-0.000251162
19	-0.000519991
20	-0.000648919
21	-0.000539193
22	-5.36549e-05
23	0.000116421
24	-0.000122234
25	-0.000492559
26	-0.000646176
27	-0.000594056
28	-0.000440439
29	-0.000481587
30	-0.000429467
31	-0.000199042
32	-0.000218244
33	-0.000240189
34	-0.000407522
35	-0.000119491
36	0.000305698
37	0.000549839
38	0.000409938
39	0.000678767
40	0.000714428
41	0.000442856
42	0.00013288
43	-0.000168867
44	-0.000382833
45	-0.000413008
46	-0.000415751
47	-0.000100288
48	0.000248092
49	0.000544352
50	0.000555325
51	0.000344102
52	0.000322157
53	0.000226147
54	-0.000264878
55	-0.000426724
56	0.000217917
57	0.00208875
58	0.00715809
59	0.0221439
60	0.0602162
61	0.137192
62	0.253652
63	0.394607
64	0.543639
65	0.688475
66	0.822522
67	0.94299
68	1.04871
69	1.13931
70	1.21441
71	1.27437
72	1.32033
73	1.35386
74	1.37675
75	1.39157
76	1.40105
77	1.40914
78	1.41696
79	1.42462
80	1.43196
81	1.43848
82	1.4433
83	1.44442
84	1.44271
85	1.43996
86	1.43824
87	1.43814
88	1.43927
89	1.44134
90	1.44311
91	1.44271
92	1.43823
93	1.43018
94	1.4199
95	1.40865
96	1.39852
97	1.3904
98	1.38567
99	1.38348
100	1.38169
101	1.37799
102	1.37163
103	1.36189
104	1.34851
105	1.33329
106	1.31905
107	1.30711
108	1.29793
109	1.29114
110	1.28564
111	1.27924
112	1.27049
113	1.25912
114	1.24596
115	1.23212
116	1.21907
117	1.20801
118	1.19893
119	1.19119
120	1.18346
121	1.17428
122	1.16302
123	1.15004
124	1.13669
125	1.1246
126	1.11528
127	1.10935
128	1.10634
129	1.10348
130	1.09843
131	1.08926
132	1.075
133	1.05672
134	1.0368
135	1.01806
136	1.00349
137	0.994638
138	0.991481
139	0.991508
140	0.991865
141	0.989199
142	0.981145
143	0.966875
144	0.947135
145	0.924581
146	0.903097
147	0.886141
148	0.876134
149	0.872829
150	0.874291
151	0.877525
152	0.87888
153	0.875062
154	0.865263
155	0.849912
156	0.831552
157	0.812183
158	0.79523
159	0.782798
160	0.775779
161	0.773173
162	0.772879
163	0.772424
164	0.770087
165	0.764943
166	0.756593
167	0.745371
168	0.732843
169	0.720027
170	0.708124
171	0.697505
172	0.688708
173	0.681494
174	0.675884
175	0.671424
176	0.668033
177	0.665114
178	0.661913
179	0.657241
180	0.650159
181	0.640599
182	0.628474
183	0.614827
184	0.600576
185	0.588298
186	0.579651
187	0.575559
188	0.576074
189	0.578903
190	0.581031
191	0.580016
192	0.574453
193	0.563922
194	0.549274
195	0.532818
196	0.517461
197	0.50628
198	0.501532
199	0.503331
200	0.509975
201	0.518101
202	0.524714
203	0.526818
204	0.522885
205	0.513256
206	0.500204
207	0.485995
208	0.473623
209	0.465627
210	0.462864
211	0.464919
212	0.469662
213	0.474257
214	0.47585
215	0.473362
216	0.466708
217	0.456777
218	0.445102
219	0.433557
220	0.423914
221	0.417084
222	0.413249
223	0.411858
224	0.41222
225	0.412788
226	0.412418
227	0.410723
228	0.407239
229	0.40181
230	0.394944
231	0.387332
232	0.379758
233	0.372782
234	0.366761
235	0.362849
236	0.361403
237	0.361727
238	0.363683
239	0.36565
240	0.366654
241	0.365502
242	0.361365
243	0.35389
244	0.344453
245	0.334836
246	0.326148
247	0.320514
248	0.318967
249	0.321117
250	0.324996
251	0.329125
252	0.331017
253	0.329119
254	0.323128
255	0.31384
256	0.30239
257	0.291475
258	0.283276
259	0.279059
260	0.278977
261	0.282252
262	0.286935
263	0.290361
264	0.29057
265	0.286899
266	0.27935
267	0.269209
268	0.25859
269	0.249927
270	0.24418
271	0.24246
272	0.243931
273	0.247168
274	0.250495
275	0.252451
276	0.252198
277	0.249165
278	0.243552
279	0.23634
280	0.228525
281	0.221695
282	0.217037
283	0.214475
284	0.21389
285	0.214483
286	0.215832
287	0.216952
288	0.217103
289	0.216271
290	0.213803
291	0.209674
292	0.204196
293	0.198644
294	0.193849
295	0.190258
296	0.188107
297	0.187792
298	0.188574
299	0.189923
300	0.191262
301	0.191542
302	0.189934
303	0.186697
304	0.181623
305	0.175678
306	0.17025
307	0.165699
308	0.162991
309	0.162297
310	0.163364
311	0.165191
312	0.16687
313	0.166618
314	0.164673
315	0.161076
316	0.156213
317	0.150499
318	0.145152
319	0.141353
320	0.139688
321	0.139592
322	0.140785
323	0.142066
324	0.142352
325	0.141076
326	0.138374
327	0.134509
328	0.130134
329	0.125915
330	0.122574
331	0.120042
332	0.118903
333	0.118884
334	0.119452
335	0.119767
336	0.119682
337	0.118772
338	0.116917
339	0.114533
340	0.111793
341	0.108348
342	0.105429
343	0.102762
344	0.10101
345	0.100283
346	0.100472
347	0.101032
348	0.101394
349	0.101235
350	0.100414
351	0.0988507
352	0.0966891
353	0.0936223
354	0.0908709
355	0.0889946
356	0.0879549
357	0.0877958
358	0.0886627
359	0.0899986
360	0.0907831
361	0.0912248
362	0.090517
363	0.0880976
364	0.0848442
365	0.0812891
366	0.0778245
367	0.07549
368	0.0740883
369	0.0744092
370	0.0756107
371	0.0772786
372	0.0789217
373	0.0793908
374	0.0785212
375	0.0761731
376	0.0728072
377	0.0691369
378	0.066177
379	0.0642623
380	0.0635409
381	0.0641471
382	0.0654117
383	0.0671042
384	0.0679848
385	0.0678421
386	0.0667147
387	0.0643885
388	0.0611241
389	0.0575169
390	0.0546037
391	0.053051
392	0.0523598
393	0.052752
394	0.0537012
395	0.0547847
396	0.0553169
397	0.0546805
398	0.0533281
399	0.0512872
400	0.0489171
401	0.0463029
402	0.0440809
403	0.0429096
404	0.0423006
405	0.0423445
406	0.042468
407	0.0428685
408	0.0433869
409	0.0433403
410	0.0426463
411	0.0414695
412	0.0397906
413	0.0381228
414	0.0360188
415	0.034052
416	0.032919
417	0.0322168
418	0.0323924
419	0.032727
420	0.0336268
421	0.0343729
422	0.0344607
423	0.0337859
424	0.0322223
425	0.0300936
426	0.0274574
427	0.0247335
428	0.0228901
429	0.0222674
430	0.0230711
431	0.0242617
432	0.0256854
433	0.0270871
434	0.0281816
435	0.0280061
436	0.026843
437	0.0251011
438	0.0232796
439	0.0218833
440	0.02162
441	0.0223003
442	0.0236499
443	0.025208
444	0.0261928
445	0.0266592
446	0.0264479
447	0.0254604
448	0.0238063
449	0.0218422
450	0.0204404
451	0.0198589
452	0.0199192
453	0.0203664
454	0.0213018
455	0.0221604
456	0.0224594
457	0.0223634
458	0.0221522
459	0.0215377
460	0.020627
461	0.0198177
462	0.0188933
463	0.0183419
464	0.0188549
465	0.0207038
466	0.023724
467	0.02774
468	0.0320138
469	0.0361697
470	0.0401006
471	0.043472
472	0.0459765
473	0.0472328
474	0.0477293
475	0.00252491
476	0.00154012
477	0.00114236
478	0.00138101
479	0.00221493
480	0.00336431
481	0.00434911
482	0.00456856
483	0.00397604
484	0.00301045
485	0.00132615
486	-0.000566625
487	-0.00233322
488	-0.00327137
489	-0.00333995
490	-0.00234693
491	-0.00108234
492	0.000204201
493	0.00102715
494	0.000807695
495	-0.000108518
496	-0.00166389
497	0.0414146
498	0.0396864
499	0.0382956
500	0.0377689
501	0.0379911
502	0.0384876
503	0.0388031
504	0.0393984
505	0.0392969
506	0.0386714
507	0.0375687
508	0.0364193
509	0.0350176
510	0.033731
511	0.0326639
512	0.032022
513	0.0318602
514	0.031937
515	0.0316764
516	0.031542
517	0.0313856
518	0.0312841
519	0.0306175
520	0.0298412
521	0.0291061
522	0.0281076
523	0.0267936
524	0.025411
525	0.0243796
526	0.0238227
527	0.0234003
528	0.0235375
529	0.0241711
530	0.024536
531	0.0245497
532	0.02382
533	0.0227639
534	0.02131
535	0.01973
536	0.0184105
537	0.0176123
538	0.0177028
539	0.0181965
540	0.018907
541	0.0194364
542	0.0196504
543	0.0196394
544	0.0187781
545	0.0174998
546	0.0162132
547	0.0152367
548	0.0145646
549	0.0144823
550	0.0150913
551	0.016194
552	0.0169127
553	0.016995
554	0.0165781
555	0.0154287
556	0.0140077
557	0.0124606
558	0.0115554
559	0.0111576
560	0.0109244
561	0.0106968
562	0.0106693
563	0.0107873
564	0.0109683
565	0.0108312
566	0.0104718
567	0.0101893
568	0.0100137
569	0.00987107
570	0.00952544
571	0.00924289
572	0.00919077
573	0.00931421
574	0.00907281
575	0.00887256
576	0.00855985
577	0.0081182
578	0.00753665
579	0.00714712
580	0.00643116
581	0.00595385
582	0.00573988
583	0.0055314
584	0.00497454
585	0.00452467
586	0.00416531
587	0.00448352
588	0.00569325
589	0.00702094
590	0.00809077
591	0.00918254
592	0.0101893
593	0.0112289
594	0.0122165
595	0.0133741
596	0.014507
597	0.0152833
598	0.0158319
599	0.0163339
600	0.0164409
601	0.016216
602	0.0158018
603	0.0150337
604	0.0142766
605	0.0136786
606	0.012702
607	0.0124606
608	0.0124551
609	0.0123262
610	0.0125045
611	0.0123811
612	0.0123399
613	0.0128337
614	0.0130339
615	0.013012
616	0.0126526
617	0.012595
618	0.0128145
619	0.013001
620	0.0133631
621	0.0139255
622	0.0146112
623	0.0149925
624	0.0151571
625	0.0149459
626	0.0147594
627	0.0139172
628	0.0131958
629	0.0125484
630	0.0118461
631	0.0112893
632	0.0112838
633	0.0116733
634	0.0123975
635	0.0127486
636	0.0126801
637	0.0122192
638	0.0117145
639	0.0108421
640	0.00983815
641	0.0087985
642	0.00831845
643	0.00896857
644	0.0103786
645	0.011923
646	0.013802
647	0.0157579
648	0.0170856
649	0.0176808
650	0.0181225
651	0.018394
652	0.0182624
653	0.0179661
654	0.018032
655	0.0180374
656	0.0180539
657	0.0181197
658	0.0182514
659	0.018394
660	0.0180786
661	0.0176177
662	0.0173242
663	0.0166247
664	0.0159801
665	0.0153299
666	0.0147978
667	0.0144549
668	0.0145619
669	0.0147018
670	0.0146688
671	0.0145015
672	0.014208
673	0.0137993
674	0.0129544
675	0.0122494
676	0.0114237
677	0.0103402
678	0.00920723
679	0.00880947
680	0.00895212
681	0.00918803
682	0.00965436
683	0.0100439
684	0.0103539
685	0.00995885
686	0.00909476
687	0.0076985
688	0.00624737
689	0.00495809
690	0.00410771
691	0.00378127
692	0.00423115
693	0.00467005
694	0.00488128
695	0.00484836
696	0.00453564
697	0.00418452
698	0.00331768
699	0.00204486
700	0.00068151
701	-4.54254e-05
702	-0.000618744
703	-0.000956152
704	-0.000725727
705	-0.000459642
706	-0.000374604
707	-0.000111261
708	-0.000256648
709	-0.000706525
710	-0.00157336
711	-0.00273372
712	-0.00389407
713	-0.00498584
714	-0.0057841
715	-0.00630256
716	-0.0066674
717	-0.00657962
718	-0.00658236
719	-0.00654944
720	-0.00657139
721	-0.00643972
722	-0.00625318
723	-0.00629981
724	-0.0066043
725	-0.00696366
726	-0.00748486
727	-0.00794571
728	-0.00822002
729	-0.00780306
730	-0.00693623
731	-0.00582251
732	-0.00473896
733	-0.00391876
734	-0.00372948
735	-0.00406963
736	-0.00499407
737	-0.0062669
738	-0.00728461
739	-0.00767139
740	-0.00741902
741	-0.00682101
742	-0.00585542
743	0.000804952
744	0.0164162
745	-0.0143565
746	-0.0148667
747	-0.0154537
748	-0.0164138
749	-0.0175659
750	-0.0181722
751	-0.0187482
752	-0.0191323
753	-0.0192694
754	-0.0190034
755	-0.0186138
756	-0.0183093
757	-0.0187647
758	-0.0193298
759	-0.0198702
760	-0.0206931
761	-0.0214804
762	-0.0219413
763	-0.0224789
764	-0.0225503
765	-0.0227286
766	-0.0226161
767	-0.0228959
768	-0.0229727
769	-0.0230742
770	-0.0235104
771	-0.0238587
772	-0.0242099
773	-0.0247146
774	-0.0251041
775	-0.0256802
776	-0.0258393
777	-0.0259737
778	-0.0262672
779	-0.0264044
780	-0.026569
781	-0.0269256
782	-0.0276443
783	-0.0279186
784	-0.0280832
785	-0.0283328
786	-0.0288101
787	-0.0290049
788	-0.0289665
789	-0.0288952
790	-0.0293588
791	-0.0297099
792	-0.0302695
793	-0.0306014
794	-0.030884
795	-0.0302064
796	-0.0277568
797	-0.0232388
798	-0.0177909
799	-0.0120467
800	-0.00639857
801	-0.00121675
802	0.00347678
803	-0.0413628
804	-0.0417084
805	-0.0417496
806	-0.0420623
807	-0.0424162
808	-0.0426658
809	-0.0428496
810	-0.0427371
811	-0.0426905
812	-0.0427673
813	-0.0427536
814	-0.0427591
815	-0.0429044
816	-0.0432199
817	-0.0435518
818	-0.0439167
819	-0.0442897
820	-0.0445778
821	-0.0443528
822	-0.044073
823	-0.0435491
824	-0.0432748
825	-0.043187
826	-0.043272
827	-0.0436917
828	-0.0440429
829	-0.0443693
830	-0.0448493
831	-0.0454748
832	-0.045494
833	-0.0455296
834	-0.045184
835	-0.044885
836	-0.0441773
837	-0.0439715
838	-0.0441663
839	-0.0446546
840	-0.0453157
841	-0.0461523
842	-0.0465144
843	-0.0451429
844	-0.0411955
845	-0.0353553
846	-0.0287086
847	-0.0215984
848	-0.0145402
849	-0.0545327
850	-0.054497
851	-0.0547082
852	-0.0553803
853	-0.0560716
854	-0.056719
855	-0.0574733
856	-0.057712
857	-0.0575611
858	-0.0570454
859	-0.0563953
860	-0.0558905
861	-0.055405
862	-0.0551581
863	-0.0554324
864	-0.055992
865	-0.056719
866	-0.0571661
867	-0.0574541
868	-0.0574569
869	-0.0573142
870	-0.0569439
871	-0.0566559
872	-0.0564803
873	-0.0560195
874	-0.0557808
875	-0.0559015
876	-0.0561758
877	-0.0564255
878	-0.0566586
879	-0.056793
880	-0.0121537
881	-0.0125789
882	-0.0123924
883	-0.0123018
884	-0.012247
885	-0.0121263
886	-0.0121235
887	-0.012738
888	-0.013742
889	-0.0147652
890	-0.015248
891	-0.0157802
892	-0.0161944
893	-0.0164275
894	-0.016455
895	-0.0165071
896	-0.0166086
897	-0.0166004
898	-0.0166113
899	-0.0167457
900	-0.0173437
901	-0.0181502
902	-0.0189375
903	-0.0195986
904	-0.020364
905	-0.0210086
906	-0.0212335
907	-0.0214118
908	-0.0210196
909	-0.0208084
910	-0.020962
911	-0.0212747
912	-0.0216368
913	-0.0222512
914	-0.0229288
915	-0.0236311
916	-0.0241577
917	-0.0245939
918	-0.0250493
919	-0.0251151
920	-0.0250191
921	-0.0248655
922	-0.025063
923	-0.0251316
924	-0.0256363
925	-0.0263056
926	-0.0269667
927	0.0171349
928	0.016194
929	0.0155933
930	0.0150693
931	0.0149514
932	0.0151489
933	0.0152449
934	0.0150748
935	0.014806
936	0.0140489
937	0.0131025
938	0.0125456
939	0.0115828
940	0.0107187
941	0.0101673
942	0.00977232
943	0.00942394
944	0.00919077
945	0.00900149
946	0.00896309
947	0.00854613
948	0.008099
949	0.00752842
950	0.00690572
951	0.00623639
952	0.00583315
953	0.00538327
954	0.00487305
955	0.00434911
956	0.0040693
957	0.00339723
958	0.00307354
959	0.00292267
960	0.00243713
961	0.00174585
962	0.00117528
963	0.000802208
964	0.000245348
965	-0.000487074
966	-0.00119481
967	-0.00187237
968	-0.00230304
969	-0.00272
970	-0.00289282
971	-0.00331801
972	-0.00405317
973	-0.00485143
974	-0.00550704
975	-0.0061462
976	-0.00678261
977	-0.00728735
978	-0.00778935
979	-0.00821728
980	-0.00871379
981	-0.00934746
982	-0.00992078
983	-0.0104749
984	-0.0111909
985	-0.0116188
986	-0.0119535
987	-0.0121647
988	-0.0121071
989	-0.0123896
990	-0.0124198
991	-0.0126639
992	-0.0133223
993	-0.0136158
994	-0.0140355
995	-0.0146116
996	-0.0149956
997	-0.0154098
998	-0.0153522
999	-0.015344
1000	-0.0155168
1001	-0.0156787
1002	-0.0159393
1003	-0.0164577
1004	-0.0169926
1005	-0.0178951
1006	-0.0184657
1007	-0.01874
1008	-0.0186934
1009	-0.0187153
1010	-0.0185809
1011	-0.018249
1012	0.0258637
1013	0.0168167
1014	0.00611844
1015	-0.00563049
1016	-0.0176126
1017	-0.0201143
1018	-0.0205423
1019	-0.0209839
1020	-0.0211759
1021	-0.0217931
1022	-0.0221498
1023	-0.0224158
