0	-0.00025582
1	-0.000206444
2	-0.000157067
3	-0.000497218
4	-0.000524649
5	-0.000447841
6	-0.000549338
7	-0.000554824
8	-7.20292e-05
9	0.000479345
10	0.000473858
11	0.000391564
12	0.000155653
13	-3.91114e-05
14	4.86695e-05
15	0.000671365
16	0.0010362
17	0.00105541
18	0.000728972
19	0.000698797
20	0.000654906
21	0.000822239
22	0.000855157
23	0.000904533
24	0.000986828
25	0.00103072
26	0.00064942
27	0.000161139
28	2.03593e-06
29	-2.53956e-05
30	-0.000124149
31	-0.000445098
32	-0.000478016
33	-0.000478016
34	-0.000162553
35	0.000114505
36	0.000331214
37	-3.63682e-05
38	-0.000513677
39	-0.000713927
40	-0.000650835
41	-0.000392978
42	-0.000354574
43	-0.000483502
44	-0.000667293
45	-0.000878516
46	-0.000670037
47	-0.000535622
48	-0.000730386
49	-0.000606944
50	-0.000478016
51	-0.000582256
52	-0.000563054
53	-0.000700211
54	-0.000936122
55	-0.000870287
56	-0.000815424
57	-0.000700211
58	-0.00051642
59	0.00035316
60	0.00327187
61	0.0139537
62	0.0459718
63	0.126332
64	0.28808
65	0.551859
66	0.908153
67	1.31708
68	1.72291
69	2.08025
70	2.36358
71	2.56664
72	2.69513
73	2.76169
74	2.78178
75	2.76959
76	2.73669
77	2.69138
78	2.64042
79	2.58785
80	2.53698
81	2.49069
82	2.44926
83	2.41237
84	2.37982
85	2.35085
86	2.32451
87	2.29964
88	2.27652
89	2.25581
90	2.23796
91	2.22206
92	2.20565
93	2.1882
94	2.17151
95	2.15439
96	2.13645
97	2.11773
98	2.0987
99	2.07906
100	2.05889
101	2.03781
102	2.01632
103	1.99532
104	1.97422
105	1.95245
106	1.93082
107	1.90992
108	1.88991
109	1.87004
110	1.85087
111	1.83193
112	1.81333
113	1.79518
114	1.77772
115	1.76041
116	1.74424
117	1.72824
118	1.712
119	1.69527
120	1.67841
121	1.66187
122	1.64578
123	1.63131
124	1.61875
125	1.60742
126	1.59663
127	1.58503
128	1.57234
129	1.55897
130	1.54463
131	1.52976
132	1.51454
133	1.49905
134	1.48285
135	1.46582
136	1.449
137	1.43272
138	1.41628
139	1.39963
140	1.38292
141	1.36637
142	1.35049
143	1.33517
144	1.32031
145	1.30585
146	1.29212
147	1.27904
148	1.26594
149	1.25266
150	1.23957
151	1.2264
152	1.21309
153	1.19952
154	1.18627
155	1.17313
156	1.16012
157	1.14765
158	1.13543
159	1.12369
160	1.11259
161	1.10157
162	1.09068
163	1.0799
164	1.06945
165	1.05909
166	1.04899
167	1.03915
168	1.02932
169	1.01905
170	1.00912
171	0.999039
172	0.989224
173	0.978381
174	0.966769
175	0.955678
176	0.945361
177	0.935173
178	0.925418
179	0.916476
180	0.907728
181	0.898906
182	0.890616
183	0.882697
184	0.875071
185	0.867074
186	0.858587
187	0.850454
188	0.842106
189	0.832949
190	0.823458
191	0.813832
192	0.804558
193	0.795783
194	0.786892
195	0.777554
196	0.768617
197	0.761082
198	0.754122
199	0.747275
200	0.740703
201	0.734207
202	0.727558
203	0.720508
204	0.713598
205	0.707228
206	0.70195
207	0.696738
208	0.691194
209	0.685148
210	0.679363
211	0.673076
212	0.667112
213	0.661505
214	0.656271
215	0.651111
216	0.646212
217	0.641102
218	0.635456
219	0.630335
220	0.62492
221	0.619085
222	0.612872
223	0.607161
224	0.601419
225	0.595807
226	0.590375
227	0.584785
228	0.578942
229	0.573856
230	0.571264
231	0.571675
232	0.574443
233	0.577921
234	0.577663
235	0.572715
236	0.568189
237	0.563849
238	0.559567
239	0.555452
240	0.551203
241	0.546748
242	0.542046
243	0.536832
244	0.53236
245	0.527845
246	0.523179
247	0.518153
248	0.51315
249	0.508618
250	0.503974
251	0.499577
252	0.494771
253	0.49014
254	0.486034
255	0.481867
256	0.47775
257	0.473333
258	0.468587
259	0.46368
260	0.459346
261	0.455972
262	0.452257
263	0.44882
264	0.445496
265	0.442168
266	0.43914
267	0.436177
268	0.432874
269	0.429336
270	0.426296
271	0.423589
272	0.420621
273	0.416824
274	0.413039
275	0.409201
276	0.406389
277	0.405097
278	0.406919
279	0.411072
280	0.41602
281	0.418744
282	0.414484
283	0.410435
284	0.406858
285	0.403841
286	0.402568
287	0.402557
288	0.402612
289	0.402061
290	0.401136
291	0.400124
292	0.398527
293	0.396289
294	0.393952
295	0.391689
296	0.389006
297	0.38578
298	0.382773
299	0.379536
300	0.376379
301	0.372492
302	0.368495
303	0.36468
304	0.361138
305	0.357739
306	0.354944
307	0.352105
308	0.34903
309	0.345661
310	0.342186
311	0.33848
312	0.334837
313	0.331778
314	0.328964
315	0.326259
316	0.323971
317	0.32167
318	0.318836
319	0.31592
320	0.313086
321	0.31028
322	0.307383
323	0.304484
324	0.30187
325	0.298795
326	0.295651
327	0.292798
328	0.290107
329	0.287191
330	0.284239
331	0.281622
332	0.279433
333	0.277505
334	0.275716
335	0.273769
336	0.271805
337	0.27037
338	0.26921
339	0.268
340	0.267051
341	0.265622
342	0.264615
343	0.263227
344	0.260917
345	0.25875
346	0.256309
347	0.253618
348	0.251343
349	0.249352
350	0.24758
351	0.245597
352	0.244661
353	0.246507
354	0.253135
355	0.265844
356	0.267937
357	0.265822
358	0.263825
359	0.261913
360	0.25996
361	0.258314
362	0.256531
363	0.255277
364	0.254037
365	0.252778
366	0.251673
367	0.250101
368	0.248526
369	0.246932
370	0.244672
371	0.24251
372	0.240533
373	0.23932
374	0.241679
375	0.250688
376	0.266776
377	0.26992
378	0.269901
379	0.270266
380	0.270713
381	0.271185
382	0.271154
383	0.270428
384	0.269319
385	0.267687
386	0.266148
387	0.264626
388	0.262549
389	0.260451
390	0.258363
391	0.256429
392	0.254509
393	0.252564
394	0.251091
395	0.249368
396	0.247308
397	0.24544
398	0.243254
399	0.241438
400	0.239965
401	0.238102
402	0.236259
403	0.234629
404	0.233088
405	0.231639
406	0.229958
407	0.228071
408	0.226869
409	0.226255
410	0.226167
411	0.22671
412	0.226998
413	0.226444
414	0.225681
415	0.225267
416	0.22462
417	0.224343
418	0.223536
419	0.222793
420	0.22135
421	0.220071
422	0.219369
423	0.219142
424	0.218607
425	0.217564
426	0.21653
427	0.215375
428	0.214009
429	0.212923
430	0.212292
431	0.211606
432	0.210662
433	0.209746
434	0.209198
435	0.208605
436	0.208912
437	0.210682
438	0.213713
439	0.218099
440	0.222911
441	0.227061
442	0.229684
443	0.230945
444	0.229999
445	0.228907
446	0.22705
447	0.225231
448	0.22372
449	0.222902
450	0.221953
451	0.221909
452	0.227335
453	0.241004
454	0.253225
455	0.253395
456	0.253332
457	0.252822
458	0.252092
459	0.251132
460	0.250027
461	0.249015
462	0.247958
463	0.246617
464	0.245564
465	0.244782
466	0.243879
467	0.24284
468	0.241622
469	0.240994
470	0.240549
471	0.240179
472	0.240102
473	0.240563
474	0.241095
475	0.241015
476	0.2409
477	0.240908
478	0.240766
479	0.240695
480	0.23997
481	0.239194
482	0.238327
483	0.23723
484	0.236316
485	0.23517
486	0.233645
487	0.232226
488	0.231028
489	0.229972
490	0.228855
491	0.227409
492	0.226301
493	0.226219
494	0.22699
495	0.228224
496	0.229088
497	0.22914
498	0.229138
499	0.229357
500	0.229091
501	0.227818
502	0.225668
503	0.223802
504	0.222702
505	0.221484
506	0.220233
507	0.218645
508	0.217188
509	0.215652
510	0.214275
511	0.212659
512	0.211164
513	0.210235
514	0.20889
515	0.207667
516	0.206849
517	0.205884
518	0.204842
519	0.203346
520	0.20155
521	0.199385
522	0.197855
523	0.197054
524	0.196552
525	0.195098
526	0.193781
527	0.193932
528	0.195295
529	0.196667
530	0.197235
531	0.197243
532	0.196952
533	0.1967
534	0.196308
535	0.195465
536	0.194283
537	0.193556
538	0.192796
539	0.191861
540	0.190684
541	0.18993
542	0.189373
543	0.18911
544	0.189189
545	0.18948
546	0.189911
547	0.190558
548	0.190994
549	0.190544
550	0.189598
551	0.187952
552	0.186824
553	0.185826
554	0.184888
555	0.183623
556	0.182699
557	0.181719
558	0.181086
559	0.180444
560	0.17978
561	0.179116
562	0.178329
563	0.177544
564	0.177352
565	0.177018
566	0.177509
567	0.179698
568	0.183985
569	0.189439
570	0.195202
571	0.200568
572	0.204756
573	0.207118
574	0.206685
575	0.206356
576	0.206268
577	0.206433
578	0.206932
579	0.209288
580	0.213343
581	0.218179
582	0.223237
583	0.227261
584	0.23021
585	0.228696
586	0.226916
587	0.225237
588	0.223884
589	0.222121
590	0.220258
591	0.218395
592	0.216659
593	0.215167
594	0.214048
595	0.213666
596	0.212421
597	0.211022
598	0.209845
599	0.208857
600	0.207722
601	0.206347
602	0.204359
603	0.202724
604	0.201555
605	0.200321
606	0.199437
607	0.199075
608	0.198099
609	0.197048
610	0.195808
611	0.194826
612	0.196223
613	0.201627
614	0.212435
615	0.221802
616	0.220154
617	0.218576
618	0.217139
619	0.215644
620	0.21393
621	0.211848
622	0.210064
623	0.208737
624	0.207664
625	0.206463
626	0.205083
627	0.203484
628	0.201832
629	0.20017
630	0.198894
631	0.198118
632	0.197462
633	0.196231
634	0.194401
635	0.192999
636	0.192209
637	0.191392
638	0.190585
639	0.189982
640	0.189612
641	0.189164
642	0.188287
643	0.188152
644	0.189395
645	0.191474
646	0.194511
647	0.198305
648	0.202971
649	0.207867
650	0.212841
651	0.217323
652	0.221679
653	0.225097
654	0.228194
655	0.230002
656	0.230679
657	0.230391
658	0.230013
659	0.228915
660	0.227459
661	0.225733
662	0.224013
663	0.222368
664	0.220724
665	0.218925
666	0.216906
667	0.214725
668	0.213268
669	0.212347
670	0.212144
671	0.212254
672	0.212701
673	0.213455
674	0.214514
675	0.214566
676	0.213507
677	0.212232
678	0.210726
679	0.208786
680	0.207332
681	0.205478
682	0.203643
683	0.202241
684	0.200782
685	0.199045
686	0.197325
687	0.195712
688	0.194176
689	0.192453
690	0.190467
691	0.188778
692	0.187069
693	0.185689
694	0.184386
695	0.182899
696	0.181558
697	0.180348
698	0.179127
699	0.178011
700	0.17687
701	0.175493
702	0.173723
703	0.172245
704	0.170818
705	0.169595
706	0.16838
707	0.167148
708	0.165979
709	0.164893
710	0.163428
711	0.162164
712	0.16119
713	0.160575
714	0.160287
715	0.159974
716	0.159327
717	0.158831
718	0.158619
719	0.158219
720	0.157632
721	0.156773
722	0.156584
723	0.156348
724	0.156746
725	0.15806
726	0.160954
727	0.164846
728	0.169216
729	0.173273
730	0.176069
731	0.178129
732	0.179256
733	0.180987
734	0.185036
735	0.191296
736	0.198914
737	0.206188
738	0.204466
739	0.20234
740	0.200159
741	0.198568
742	0.196552
743	0.194741
744	0.193123
745	0.191781
746	0.190278
747	0.189186
748	0.188723
749	0.188388
750	0.187431
751	0.186344
752	0.184457
753	0.182433
754	0.180905
755	0.1795
756	0.1784
757	0.177171
758	0.175635
759	0.174349
760	0.173037
761	0.171855
762	0.171507
763	0.170788
764	0.16991
765	0.168909
766	0.168067
767	0.16709
768	0.166243
769	0.165859
770	0.164841
771	0.163154
772	0.161626
773	0.160013
774	0.158518
775	0.157187
776	0.155731
777	0.154291
778	0.152944
779	0.151882
780	0.150821
781	0.149839
782	0.149756
783	0.149262
784	0.149199
785	0.148878
786	0.148171
787	0.147499
788	0.146626
789	0.145301
790	0.144075
791	0.142767
792	0.14156
793	0.140874
794	0.139982
795	0.139039
796	0.138465
797	0.139862
798	0.14371
799	0.149808
800	0.156858
801	0.163598
802	0.164556
803	0.16345
804	0.162556
805	0.161777
806	0.16038
807	0.158984
808	0.15789
809	0.157171
810	0.156631
811	0.156129
812	0.155158
813	0.153619
814	0.151855
815	0.150275
816	0.14864
817	0.147553
818	0.146936
819	0.147175
820	0.148925
821	0.151553
822	0.15428
823	0.156795
824	0.158153
825	0.158548
826	0.158392
827	0.157536
828	0.156762
829	0.155048
830	0.153487
831	0.152178
832	0.150609
833	0.149188
834	0.147987
835	0.146923
836	0.145496
837	0.143919
838	0.142819
839	0.141562
840	0.140155
841	0.138652
842	0.137099
843	0.135739
844	0.134696
845	0.133651
846	0.132381
847	0.131251
848	0.130357
849	0.129937
850	0.12972
851	0.129517
852	0.129674
853	0.129682
854	0.129257
855	0.128862
856	0.128502
857	0.127921
858	0.126944
859	0.125954
860	0.124884
861	0.123617
862	0.122964
863	0.122934
864	0.123521
865	0.124242
866	0.124448
867	0.124196
868	0.123581
869	0.122983
870	0.121861
871	0.120484
872	0.118849
873	0.118257
874	0.119727
875	0.122648
876	0.125754
877	0.128324
878	0.130225
879	0.130867
880	0.130656
881	0.130134
882	0.129328
883	0.128483
884	0.127712
885	0.126958
886	0.126706
887	0.126431
888	0.126338
889	0.12594
890	0.124478
891	0.123543
892	0.122566
893	0.121433
894	0.120311
895	0.118811
896	0.117467
897	0.116273
898	0.11497
899	0.113719
900	0.112929
901	0.112128
902	0.111017
903	0.110277
904	0.10989
905	0.109885
906	0.109799
907	0.11034
908	0.111028
909	0.111851
910	0.112872
911	0.113407
912	0.112998
913	0.111882
914	0.110677
915	0.109854
916	0.10904
917	0.107643
918	0.106181
919	0.104952
920	0.103658
921	0.102782
922	0.102377
923	0.102363
924	0.102061
925	0.102088
926	0.10239
927	0.102152
928	0.101765
929	0.101469
930	0.100434
931	0.099285
932	0.0984072
933	0.0971563
934	0.0955927
935	0.0943775
936	0.0934421
937	0.0927837
938	0.0918483
939	0.0909513
940	0.0900954
941	0.0890036
942	0.0878707
943	0.0871163
944	0.0862961
945	0.0855143
946	0.0848148
947	0.0839864
948	0.0831662
949	0.0820004
950	0.0813832
951	0.0803161
952	0.0795206
953	0.0790186
954	0.078042
955	0.0772218
956	0.076536
957	0.0758914
958	0.0752083
959	0.0744786
960	0.0740535
961	0.0740123
962	0.0738889
963	0.0734088
964	0.0728218
965	0.072317
966	0.0715435
967	0.0708138
968	0.0698564
969	0.0689128
970	0.0685754
971	0.0684437
972	0.0678731
973	0.0676729
974	0.0671956
975	0.0665592
976	0.0656676
977	0.0649873
978	0.0644277
979	0.0640601
980	0.063624
981	0.0629409
982	0.062129
983	0.0615145
984	0.0608863
985	0.0604337
986	0.0596272
987	0.0595477
988	0.0604063
989	0.0624143
990	0.0650971
991	0.0686357
992	0.0717794
993	0.0746432
994	0.0766293
995	0.0779076
996	0.0781929
997	0.0784343
998	0.0785001
999	0.0795206
1000	0.0800198
1001	0.0804532
1002	0.0803682
1003	0.0801734
1004	0.0796577
1005	0.0809909
1006	0.0849931
1007	0.0915987
1008	0.0998336
1009	0.108332
1010	0.108864
1011	0.108439
1012	0.108455
1013	0.10769
1014	0.106938
1015	0.105882
1016	0.105526
1017	0.1056
1018	0.105383
1019	0.104694
1020	0.104064
1021	0.103737
1022	0.103249
1023	0.103002
