0	0.000157511
1	0.000245292
2	0.000294669
3	0.000440056
4	0.000640306
5	0.000429083
6	0.000456515
7	0.000371477
8	0.000289183
9	0.000297412
10	0.000212374
11	0.000431827
12	0.00038245
13	0.000184943
14	3.95557e-05
15	-2.628e-05
16	-0.000133263
17	-0.000451469
18	-0.000580397
19	-0.000673664
20	-0.000764188
21	-0.000942493
22	-0.000736757
23	-0.000451469
24	-0.000413065
25	-0.000385633
26	-0.000284136
27	-0.000349972
28	-0.000506332
29	-0.000607828
30	-0.000555709
31	-0.000295109
32	-0.000393862
33	-0.000750472
34	-0.000613315
35	-0.000380147
36	-0.000286879
37	-0.000421294
38	-0.000308825
39	-8.1143e-05
40	-0.000201842
41	-8.93725e-05
42	9.44188e-05
43	0.000300155
44	0.000648536
45	0.000994173
46	0.00114779
47	0.00111213
48	0.00113956
49	0.00137547
50	0.00126026
51	0.00088719
52	0.000654022
53	0.000629334
54	0.000544296
55	0.000333073
56	0.000357761
57	0.00023432
58	0.0003221
59	0.00093108
60	0.00191313
61	0.00815655
62	0.0364851
63	0.132948
64	0.375275
65	0.832732
66	1.50459
67	2.29717
68	3.07236
69	3.71577
70	4.17053
71	4.4355
72	4.54541
73	4.54993
74	4.49332
75	4.40696
76	4.31315
77	4.2264
78	4.15296
79	4.09363
80	4.04714
81	4.01104
82	3.98129
83	3.95595
84	3.93424
85	3.91391
86	3.89267
87	3.86987
88	3.84568
89	3.82158
90	3.79764
91	3.77482
92	3.75216
93	3.72979
94	3.70825
95	3.68731
96	3.66703
97	3.64681
98	3.62585
99	3.60459
100	3.58301
101	3.56027
102	3.5361
103	3.51072
104	3.48421
105	3.45651
106	3.42784
107	3.39961
108	3.37261
109	3.3468
110	3.32108
111	3.29504
112	3.26879
113	3.24283
114	3.21693
115	3.19111
116	3.16471
117	3.13803
118	3.11144
119	3.08516
120	3.05945
121	3.03391
122	3.00816
123	2.98236
124	2.95574
125	2.92908
126	2.90241
127	2.87672
128	2.85137
129	2.82628
130	2.80107
131	2.77528
132	2.74895
133	2.72242
134	2.69614
135	2.67011
136	2.64447
137	2.61858
138	2.59269
139	2.56785
140	2.54479
141	2.52242
142	2.50033
143	2.47845
144	2.45713
145	2.4361
146	2.41467
147	2.39275
148	2.37058
149	2.34761
150	2.32357
151	2.29951
152	2.27536
153	2.25155
154	2.22805
155	2.20516
156	2.183
157	2.16112
158	2.13919
159	2.11735
160	2.09548
161	2.07403
162	2.05285
163	2.03182
164	2.01095
165	1.99094
166	1.9718
167	1.95326
168	1.93501
169	1.91716
170	1.89935
171	1.88125
172	1.86235
173	1.84324
174	1.82456
175	1.80654
176	1.78903
177	1.77157
178	1.75368
179	1.73562
180	1.71782
181	1.7004
182	1.68345
183	1.66628
184	1.64881
185	1.63105
186	1.61389
187	1.59786
188	1.58273
189	1.56802
190	1.55275
191	1.5373
192	1.52192
193	1.50694
194	1.49251
195	1.47843
196	1.46424
197	1.44997
198	1.43548
199	1.42155
200	1.40846
201	1.39593
202	1.38405
203	1.37323
204	1.36295
205	1.35253
206	1.3421
207	1.33142
208	1.32
209	1.30737
210	1.29374
211	1.27969
212	1.26612
213	1.25414
214	1.24369
215	1.2342
216	1.22494
217	1.21469
218	1.20399
219	1.19253
220	1.18094
221	1.16935
222	1.15766
223	1.14665
224	1.1364
225	1.12651
226	1.11662
227	1.1062
228	1.09567
229	1.08511
230	1.07398
231	1.06246
232	1.05136
233	1.04097
234	1.03175
235	1.0232
236	1.01521
237	1.00783
238	1.00084
239	0.994007
240	0.987021
241	0.979189
242	0.970241
243	0.960994
244	0.951584
245	0.942513
246	0.933853
247	0.924817
248	0.91574
249	0.906333
250	0.896768
251	0.887337
252	0.878425
253	0.869904
254	0.861656
255	0.853758
256	0.846297
257	0.838418
258	0.830153
259	0.821496
260	0.813009
261	0.804653
262	0.796668
263	0.788855
264	0.78129
265	0.7734
266	0.766471
267	0.760049
268	0.753757
269	0.747346
270	0.741064
271	0.734522
272	0.727529
273	0.720723
274	0.71403
275	0.70717
276	0.700701
277	0.694568
278	0.689443
279	0.685896
280	0.68399
281	0.682882
282	0.681134
283	0.677738
284	0.673239
285	0.667857
286	0.661776
287	0.655382
288	0.648927
289	0.642417
290	0.635735
291	0.629415
292	0.623619
293	0.61847
294	0.614234
295	0.610495
296	0.606309
297	0.601103
298	0.595625
299	0.590144
300	0.584685
301	0.579492
302	0.574478
303	0.569332
304	0.564136
305	0.558973
306	0.553446
307	0.54794
308	0.542501
309	0.537758
310	0.533185
311	0.528834
312	0.524371
313	0.519738
314	0.514995
315	0.510261
316	0.50574
317	0.501367
318	0.496781
319	0.492013
320	0.487569
321	0.482821
322	0.478064
323	0.473579
324	0.469281
325	0.464864
326	0.460793
327	0.456506
328	0.452402
329	0.448449
330	0.444408
331	0.440568
332	0.437005
333	0.4332
334	0.42877
335	0.4242
336	0.419805
337	0.415833
338	0.412045
339	0.408473
340	0.404641
341	0.401503
342	0.398617
343	0.395852
344	0.392821
345	0.389304
346	0.385664
347	0.382539
348	0.379297
349	0.376123
350	0.37251
351	0.369054
352	0.366058
353	0.363546
354	0.361085
355	0.358347
356	0.355643
357	0.353846
358	0.353673
359	0.354312
360	0.355503
361	0.356446
362	0.356831
363	0.355802
364	0.353462
365	0.349989
366	0.346291
367	0.342437
368	0.338687
369	0.335234
370	0.331999
371	0.328963
372	0.326091
373	0.323293
374	0.320618
375	0.318297
376	0.316295
377	0.315488
378	0.317702
379	0.322851
380	0.329328
381	0.335445
382	0.339804
383	0.342053
384	0.342404
385	0.340731
386	0.337996
387	0.334397
388	0.330472
389	0.326305
390	0.322585
391	0.319066
392	0.3159
393	0.313102
394	0.310759
395	0.308823
396	0.306817
397	0.304829
398	0.302944
399	0.301375
400	0.299002
401	0.296152
402	0.292992
403	0.29009
404	0.287179
405	0.284315
406	0.28189
407	0.27957
408	0.277542
409	0.275872
410	0.274407
411	0.272981
412	0.271708
413	0.270602
414	0.269233
415	0.267297
416	0.264896
417	0.262899
418	0.260636
419	0.25836
420	0.256497
421	0.254632
422	0.252791
423	0.250794
424	0.248325
425	0.246073
426	0.244227
427	0.242035
428	0.23998
429	0.238079
430	0.237037
431	0.236946
432	0.236856
433	0.23611
434	0.234818
435	0.233219
436	0.232338
437	0.235803
438	0.247604
439	0.264104
440	0.26223
441	0.260285
442	0.258505
443	0.256656
444	0.25481
445	0.252563
446	0.250339
447	0.248048
448	0.246051
449	0.244158
450	0.242422
451	0.240801
452	0.239382
453	0.239174
454	0.240406
455	0.243692
456	0.248141
457	0.252407
458	0.254928
459	0.255751
460	0.255268
461	0.25439
462	0.253246
463	0.251669
464	0.249513
465	0.247099
466	0.245423
467	0.244825
468	0.24612
469	0.249562
470	0.254031
471	0.258055
472	0.260908
473	0.26223
474	0.262417
475	0.261525
476	0.260444
477	0.25884
478	0.256862
479	0.254785
480	0.252607
481	0.250503
482	0.248588
483	0.246693
484	0.244992
485	0.24364
486	0.242474
487	0.240716
488	0.238779
489	0.23699
490	0.235413
491	0.235128
492	0.238409
493	0.246191
494	0.257482
495	0.26815
496	0.267088
497	0.265486
498	0.263936
499	0.262875
500	0.261879
501	0.260834
502	0.259594
503	0.258637
504	0.257874
505	0.256886
506	0.25614
507	0.255583
508	0.255282
509	0.254651
510	0.253628
511	0.252344
512	0.251013
513	0.249746
514	0.248569
515	0.247231
516	0.245955
517	0.244959
518	0.24398
519	0.242688
520	0.241338
521	0.240027
522	0.239018
523	0.238228
524	0.237372
525	0.236206
526	0.234823
527	0.233405
528	0.232267
529	0.231213
530	0.230264
531	0.229222
532	0.228563
533	0.228026
534	0.227387
535	0.226619
536	0.225708
537	0.224761
538	0.22342
539	0.221881
540	0.220298
541	0.219209
542	0.218477
543	0.218252
544	0.218367
545	0.218485
546	0.218323
547	0.217967
548	0.217736
549	0.216968
550	0.216013
551	0.214532
552	0.212955
553	0.211435
554	0.209671
555	0.208083
556	0.206624
557	0.205055
558	0.203688
559	0.202399
560	0.201307
561	0.200092
562	0.199072
563	0.198145
564	0.197588
565	0.196855
566	0.195991
567	0.195037
568	0.194902
569	0.195289
570	0.196046
571	0.19764
572	0.199368
573	0.20072
574	0.201469
575	0.201502
576	0.200989
577	0.200109
578	0.198992
579	0.197884
580	0.196715
581	0.195366
582	0.193832
583	0.192184
584	0.190497
585	0.189306
586	0.188851
587	0.189136
588	0.189663
589	0.190269
590	0.190631
591	0.190132
592	0.189078
593	0.187764
594	0.187356
595	0.188028
596	0.18989
597	0.19194
598	0.193369
599	0.194153
600	0.194074
601	0.193355
602	0.192156
603	0.190307
604	0.188203
605	0.186204
606	0.18436
607	0.182487
608	0.180591
609	0.178921
610	0.177036
611	0.175684
612	0.175845
613	0.179667
614	0.190011
615	0.207148
616	0.207471
617	0.206207
618	0.204901
619	0.203834
620	0.202734
621	0.202059
622	0.201107
623	0.200158
624	0.19925
625	0.197678
626	0.196304
627	0.195305
628	0.194491
629	0.193358
630	0.192137
631	0.191095
632	0.189805
633	0.188442
634	0.187114
635	0.185455
636	0.184078
637	0.182975
638	0.182051
639	0.180937
640	0.179214
641	0.177277
642	0.175791
643	0.174446
644	0.173138
645	0.172696
646	0.177736
647	0.193029
648	0.2105
649	0.211238
650	0.21287
651	0.215531
652	0.219305
653	0.223313
654	0.226767
655	0.22917
656	0.230319
657	0.230541
658	0.229812
659	0.229153
660	0.228723
661	0.228525
662	0.228714
663	0.228755
664	0.228687
665	0.228223
666	0.227277
667	0.226273
668	0.225027
669	0.223741
670	0.222136
671	0.220526
672	0.218705
673	0.216908
674	0.215204
675	0.214752
676	0.215756
677	0.218471
678	0.222188
679	0.226004
680	0.22836
681	0.229227
682	0.229065
683	0.22841
684	0.227537
685	0.226265
686	0.225354
687	0.224665
688	0.224224
689	0.222926
690	0.221453
691	0.220145
692	0.219179
693	0.218117
694	0.217103
695	0.215802
696	0.214664
697	0.213605
698	0.212467
699	0.211855
700	0.211122
701	0.210278
702	0.209542
703	0.208807
704	0.20816
705	0.207491
706	0.206583
707	0.205406
708	0.204566
709	0.203949
710	0.203582
711	0.202874
712	0.202218
713	0.201467
714	0.200463
715	0.199667
716	0.198811
717	0.197659
718	0.196342
719	0.195144
720	0.194236
721	0.193478
722	0.192532
723	0.191802
724	0.19158
725	0.191268
726	0.190905
727	0.191144
728	0.191997
729	0.192741
730	0.193454
731	0.194115
732	0.194493
733	0.194598
734	0.194842
735	0.195722
736	0.197064
737	0.198677
738	0.19995
739	0.201039
740	0.201697
741	0.201541
742	0.200613
743	0.199335
744	0.197991
745	0.196814
746	0.19564
747	0.194576
748	0.193772
749	0.194348
750	0.195739
751	0.197788
752	0.198844
753	0.198869
754	0.197939
755	0.196392
756	0.194806
757	0.193511
758	0.191983
759	0.190491
760	0.18895
761	0.187904
762	0.18653
763	0.185381
764	0.184248
765	0.18286
766	0.181362
767	0.179809
768	0.178512
769	0.177277
770	0.176243
771	0.175099
772	0.174062
773	0.17277
774	0.171813
775	0.170612
776	0.169632
777	0.16868
778	0.167767
779	0.166834
780	0.165987
781	0.165317
782	0.164618
783	0.163913
784	0.16351
785	0.163065
786	0.162602
787	0.161973
788	0.161194
789	0.16036
790	0.159392
791	0.158682
792	0.157845
793	0.156849
794	0.156128
795	0.155401
796	0.154715
797	0.155047
798	0.158753
799	0.170211
800	0.189537
801	0.190439
802	0.189468
803	0.188428
804	0.187246
805	0.185842
806	0.184528
807	0.183482
808	0.182673
809	0.181782
810	0.181063
811	0.180465
812	0.180117
813	0.179667
814	0.178901
815	0.178166
816	0.177343
817	0.176408
818	0.175552
819	0.174704
820	0.173903
821	0.173643
822	0.173275
823	0.173448
824	0.173758
825	0.17403
826	0.173755
827	0.173089
828	0.172535
829	0.171887
830	0.171072
831	0.170222
832	0.169676
833	0.169053
834	0.168508
835	0.168129
836	0.167624
837	0.167185
838	0.166829
839	0.16662
840	0.166201
841	0.165614
842	0.165101
843	0.164568
844	0.163713
845	0.162851
846	0.16241
847	0.162909
848	0.164818
849	0.167764
850	0.170823
851	0.172932
852	0.174337
853	0.17468
854	0.174526
855	0.173637
856	0.172406
857	0.171116
858	0.169706
859	0.168145
860	0.166714
861	0.165657
862	0.164393
863	0.163737
864	0.163381
865	0.164006
866	0.16504
867	0.165973
868	0.166371
869	0.166486
870	0.166346
871	0.166286
872	0.166011
873	0.165597
874	0.164546
875	0.16368
876	0.163342
877	0.162939
878	0.162467
879	0.161828
880	0.160808
881	0.159749
882	0.158514
883	0.157436
884	0.156572
885	0.155615
886	0.154496
887	0.153769
888	0.153195
889	0.152496
890	0.15187
891	0.151294
892	0.150312
893	0.149075
894	0.147857
895	0.146864
896	0.146307
897	0.14625
898	0.146033
899	0.145287
900	0.144499
901	0.143836
902	0.14346
903	0.142544
904	0.141386
905	0.140431
906	0.139896
907	0.139916
908	0.139831
909	0.139449
910	0.138917
911	0.137974
912	0.136997
913	0.136185
914	0.135595
915	0.134734
916	0.133612
917	0.13229
918	0.130786
919	0.129623
920	0.128707
921	0.127887
922	0.126872
923	0.125629
924	0.124713
925	0.123849
926	0.122977
927	0.122255
928	0.121729
929	0.121133
930	0.120214
931	0.11929
932	0.118404
933	0.117589
934	0.116887
935	0.115757
936	0.114934
937	0.114415
938	0.114119
939	0.113469
940	0.112314
941	0.111047
942	0.110021
943	0.109404
944	0.108836
945	0.108578
946	0.107928
947	0.107519
948	0.107291
949	0.106732
950	0.105613
951	0.104249
952	0.102836
953	0.101868
954	0.101188
955	0.10056
956	0.0994514
957	0.0982033
958	0.0968975
959	0.0960362
960	0.0952105
961	0.0941023
962	0.0930187
963	0.0920394
964	0.0915073
965	0.0909394
966	0.0902207
967	0.0896145
968	0.0892496
969	0.0886791
970	0.0880042
971	0.087206
972	0.0864352
973	0.0855382
974	0.0842928
975	0.0834287
976	0.0827127
977	0.0817773
978	0.0809818
979	0.0798818
980	0.0789738
981	0.077989
982	0.0773992
983	0.0768808
984	0.0763074
985	0.0757698
986	0.075276
987	0.0752102
988	0.0750044
989	0.0750566
990	0.0747164
991	0.0743625
992	0.0743708
993	0.0739428
994	0.0733915
995	0.0731034
996	0.0727989
997	0.0727112
998	0.0729718
999	0.0734902
1000	0.0740059
1001	0.0745738
1002	0.0752184
1003	0.0755037
1004	0.0754159
1005	0.0753419
1006	0.074796
1007	0.0743461
1008	0.0744366
1009	0.0746972
1010	0.0753748
1011	0.0765022
1012	0.0775364
1013	0.0784444
1014	0.0788915
1015	0.079207
1016	0.0792371
1017	0.07927
1018	0.079292
1019	0.0792234
1020	0.0790177
1021	0.0786007
1022	0.0783675
1023	0.0781865
