0	-0.000574414
1	-0.000851472
2	-0.000796609
3	-0.00069237
4	-0.000401595
5	-0.00033576
6	-0.000659452
7	-0.000552469
8	-0.000541496
9	-0.000234263
10	-0.000313814
11	-0.000352219
12	-0.000108078
13	0.000210128
14	1.26208e-05
15	-0.000439999
16	-0.000574414
17	-0.000108078
18	1.53639e-05
19	2.35934e-05
20	8.94291e-05
21	0.000207385
22	0.000278707
23	0.00033357
24	0.000465241
25	0.000558508
26	0.000210128
27	-0.000256208
28	-0.000659452
29	-0.000478404
30	-0.000261695
31	4.00523e-05
32	-0.000228777
33	-8.61327e-05
34	0.000467984
35	0.000720354
36	0.000665491
37	0.00062983
38	0.000764245
39	0.000580453
40	0.000259505
41	2.08502e-05
42	0.000136063
43	0.000292422
44	0.000402149
45	0.000226587
46	0.000127833
47	0.000328083
48	0.000714868
49	0.000725841
50	0.000750529
51	0.000805392
52	0.000865741
53	0.000605142
54	0.000646289
55	0.00123058
56	0.00203707
57	0.00391613
58	0.00873036
59	0.0232581
60	0.0602852
61	0.137579
62	0.259391
63	0.41345
64	0.582724
65	0.752893
66	0.915164
67	1.0641
68	1.19591
69	1.30867
70	1.40237
71	1.47742
72	1.53467
73	1.57585
74	1.6036
75	1.6216
76	1.63283
77	1.64
78	1.64518
79	1.64854
80	1.65005
81	1.65031
82	1.64966
83	1.64822
84	1.64649
85	1.64457
86	1.64276
87	1.64087
88	1.63942
89	1.63818
90	1.63624
91	1.63293
92	1.6272
93	1.61851
94	1.60824
95	1.59734
96	1.58721
97	1.57865
98	1.57145
99	1.56498
100	1.55754
101	1.5489
102	1.53857
103	1.52713
104	1.51501
105	1.50258
106	1.49028
107	1.47865
108	1.4681
109	1.45812
110	1.44773
111	1.43651
112	1.42466
113	1.41279
114	1.4012
115	1.38995
116	1.37936
117	1.36923
118	1.35827
119	1.34644
120	1.33379
121	1.32035
122	1.30691
123	1.29349
124	1.28052
125	1.26893
126	1.25939
127	1.25144
128	1.24397
129	1.23583
130	1.22571
131	1.2122
132	1.19635
133	1.17999
134	1.16466
135	1.15096
136	1.13901
137	1.12883
138	1.12023
139	1.11288
140	1.10588
141	1.09842
142	1.0892
143	1.07725
144	1.06269
145	1.04598
146	1.02924
147	1.0143
148	1.00236
149	0.993723
150	0.987358
151	0.982424
152	0.976954
153	0.970419
154	0.962163
155	0.951654
156	0.938305
157	0.922294
158	0.905464
159	0.889911
160	0.877248
161	0.868659
162	0.863659
163	0.860271
164	0.856211
165	0.850659
166	0.842846
167	0.832754
168	0.821601
169	0.809682
170	0.797604
171	0.785937
172	0.775222
173	0.765662
174	0.757674
175	0.751445
176	0.746126
177	0.74056
178	0.734185
179	0.726721
180	0.717989
181	0.708308
182	0.697564
183	0.686435
184	0.674924
185	0.664092
186	0.654672
187	0.647517
188	0.642794
189	0.640105
190	0.637604
191	0.633851
192	0.627874
193	0.619216
194	0.608142
195	0.595683
196	0.583004
197	0.572188
198	0.564622
199	0.561728
200	0.562943
201	0.566326
202	0.569477
203	0.570284
204	0.567785
205	0.562312
206	0.554464
207	0.545664
208	0.536927
209	0.530157
210	0.525946
211	0.523771
212	0.523096
213	0.522863
214	0.522323
215	0.520093
216	0.515265
217	0.50822
218	0.499426
219	0.490085
220	0.481398
221	0.474301
222	0.468606
223	0.464519
224	0.461573
225	0.459192
226	0.457324
227	0.455313
228	0.452641
229	0.448579
230	0.442656
231	0.435483
232	0.427415
233	0.419592
234	0.413263
235	0.409014
236	0.406611
237	0.405552
238	0.405294
239	0.405207
240	0.404049
241	0.400946
242	0.395778
243	0.388712
244	0.380439
245	0.3727
246	0.365842
247	0.360422
248	0.357314
249	0.356313
250	0.356343
251	0.356052
252	0.354732
253	0.35183
254	0.347205
255	0.340742
256	0.332988
257	0.325521
258	0.319659
259	0.315346
260	0.312968
261	0.312186
262	0.312952
263	0.313374
264	0.312941
265	0.310354
266	0.305775
267	0.299428
268	0.292079
269	0.284917
270	0.279016
271	0.275
272	0.272896
273	0.272284
274	0.272707
275	0.273458
276	0.272926
277	0.270874
278	0.267234
279	0.262305
280	0.25667
281	0.251192
282	0.246389
283	0.243015
284	0.240988
285	0.240115
286	0.240036
287	0.239978
288	0.239213
289	0.237545
290	0.23472
291	0.230876
292	0.226095
293	0.22121
294	0.216837
295	0.21377
296	0.211452
297	0.209864
298	0.208528
299	0.207771
300	0.207258
301	0.206539
302	0.20508
303	0.202762
304	0.199681
305	0.195863
306	0.191627
307	0.187839
308	0.185453
309	0.184073
310	0.183294
311	0.182937
312	0.182992
313	0.182358
314	0.180534
315	0.177404
316	0.17355
317	0.169284
318	0.165181
319	0.161615
320	0.159376
321	0.158213
322	0.157681
323	0.157664
324	0.157278
325	0.156249
326	0.154449
327	0.151838
328	0.148277
329	0.144593
330	0.141392
331	0.1388
332	0.136822
333	0.135736
334	0.134989
335	0.134339
336	0.133459
337	0.132447
338	0.131064
339	0.12921
340	0.126428
341	0.123339
342	0.120067
343	0.11773
344	0.115785
345	0.114251
346	0.113338
347	0.113099
348	0.112852
349	0.112172
350	0.111061
351	0.109741
352	0.107769
353	0.105435
354	0.103013
355	0.100925
356	0.0995726
357	0.0990596
358	0.0993395
359	0.10002
360	0.100368
361	0.100198
362	0.0992654
363	0.0974823
364	0.0949916
365	0.0921935
366	0.0891898
367	0.0867456
368	0.0851436
369	0.084381
370	0.084392
371	0.0845456
372	0.0845676
373	0.0844908
374	0.0837995
375	0.0827406
376	0.0809686
377	0.0791498
378	0.0772187
379	0.0752683
380	0.0738994
381	0.0739049
382	0.0748568
383	0.0758965
384	0.0765356
385	0.0762695
386	0.0754384
387	0.0737842
388	0.0714992
389	0.069077
390	0.0669291
391	0.0651982
392	0.0640186
393	0.0635276
394	0.0637717
395	0.0642353
396	0.064452
397	0.0641805
398	0.0630859
399	0.0620189
400	0.0605348
401	0.058974
402	0.0573884
403	0.0559592
404	0.0547138
405	0.0536769
406	0.0530707
407	0.0530844
408	0.0529692
409	0.0528073
410	0.0523053
411	0.0515647
412	0.0503714
413	0.0491891
414	0.0478587
415	0.0464048
416	0.0451402
417	0.0439662
418	0.0429018
419	0.0426604
420	0.0428278
421	0.043338
422	0.0433736
423	0.0429677
424	0.0415769
425	0.0392425
426	0.03693
427	0.0346806
428	0.0331252
429	0.0325821
430	0.0327357
431	0.0334818
432	0.0344803
433	0.0352621
434	0.0357148
435	0.0357669
436	0.0354322
437	0.0346449
438	0.0338439
439	0.03332
440	0.0329497
441	0.0334325
442	0.0339207
443	0.0343459
444	0.0345901
445	0.034708
446	0.0342883
447	0.0337808
448	0.0327302
449	0.0313175
450	0.0302696
451	0.0293205
452	0.0289392
453	0.0289419
454	0.029005
455	0.0290297
456	0.0289858
457	0.0290763
458	0.0291394
459	0.0291614
460	0.0287115
461	0.0279132
462	0.0269367
463	0.0262893
464	0.0265252
465	0.0290352
466	0.0330758
467	0.0379175
468	0.0428003
469	0.0473649
470	0.0514111
471	0.0548208
472	0.0571443
473	0.0587655
474	0.0130728
475	0.0118768
476	0.0108645
477	0.0102309
478	0.0101349
479	0.0102364
480	0.01039
481	0.00993461
482	0.00939969
483	0.0086947
484	0.00787998
485	0.00676352
486	0.00575678
487	0.00496676
488	0.00412186
489	0.003565
490	0.00313433
491	0.00318919
492	0.00347448
493	0.003768
494	0.00383658
495	0.00359244
496	0.00307672
497	0.00245403
498	0.00205627
499	0.00117023
500	0.000361001
501	-0.000343989
502	-0.000505835
503	-0.000300099
504	-0.000258951
505	0.0445834
506	0.0443502
507	0.0438509
508	0.0427647
509	0.0416455
510	0.0403836
511	0.0394125
512	0.0389105
513	0.0383592
514	0.0377804
515	0.0372317
516	0.0370068
517	0.0366803
518	0.036236
519	0.0354322
520	0.0344721
521	0.0332404
522	0.0321816
523	0.0311364
524	0.0303107
525	0.029795
526	0.0293808
527	0.0289666
528	0.0284673
529	0.0279516
530	0.0275319
531	0.0271616
532	0.0262234
533	0.0252606
534	0.0244514
535	0.0233541
536	0.0222788
537	0.0213681
538	0.0209676
539	0.020578
540	0.0206192
541	0.0207755
542	0.0207207
543	0.0207646
544	0.0206631
545	0.0201309
546	0.0193546
547	0.0187429
548	0.0185701
549	0.0187456
550	0.0189349
551	0.0194424
552	0.0196893
553	0.0197386
554	0.0189047
555	0.0181037
556	0.0172094
557	0.0164715
558	0.0159421
559	0.0151658
560	0.0142414
561	0.0136351
562	0.0135007
563	0.013284
564	0.0132566
565	0.0131221
566	0.0129137
567	0.0125461
568	0.0119453
569	0.0116792
570	0.011597
571	0.0114598
572	0.011169
573	0.0109112
574	0.0106423
575	0.0105463
576	0.0103708
577	0.0103241
578	0.0099977
579	0.00959994
580	0.00872487
581	0.00790467
582	0.00760018
583	0.00737524
584	0.00717499
585	0.00693908
586	0.00695554
587	0.00696651
588	0.00694457
589	0.00680192
590	0.00732038
591	0.00810492
592	0.00934483
593	0.0107246
594	0.0122855
595	0.0136626
596	0.0153112
597	0.0166471
598	0.0175743
599	0.0183506
600	0.0189321
601	0.0192037
602	0.0188937
603	0.0183204
604	0.0175469
605	0.0166965
606	0.0159723
607	0.0156102
608	0.0155059
609	0.0155389
610	0.0158598
611	0.0163399
612	0.0171107
613	0.0178651
614	0.0184768
615	0.0191077
616	0.0196371
617	0.0200157
618	0.0201446
619	0.0201556
620	0.0203202
621	0.0206905
622	0.0209539
623	0.0209648
624	0.0212282
625	0.0214421
626	0.0209621
627	0.0201501
628	0.0191955
629	0.0185481
630	0.0178075
631	0.0172863
632	0.0168967
633	0.0166279
634	0.016178
635	0.0158406
636	0.0153057
637	0.0145568
638	0.0138189
639	0.0130618
640	0.0122087
641	0.0112513
642	0.0110812
643	0.0117177
644	0.0128396
645	0.0142194
646	0.0157995
647	0.0173493
648	0.0187319
649	0.0196124
650	0.0203696
651	0.0209593
652	0.0212967
653	0.0213736
654	0.0216369
655	0.0216287
656	0.0217658
657	0.0219496
658	0.0222761
659	0.0226628
660	0.0223199
661	0.0215052
662	0.0205314
663	0.0194232
664	0.018603
665	0.0181037
666	0.017802
667	0.0175907
668	0.0174563
669	0.017385
670	0.017374
671	0.0175661
672	0.0177142
673	0.017289
674	0.0164304
675	0.0154154
676	0.0143154
677	0.0133745
678	0.0127107
679	0.0123129
680	0.012077
681	0.0118713
682	0.0116738
683	0.0113693
684	0.0110374
685	0.0105354
686	0.00987974
687	0.00916104
688	0.00818722
689	0.00744931
690	0.00682661
691	0.00657699
692	0.00654407
693	0.00654956
694	0.00626152
695	0.00569095
696	0.0053316
697	0.00490641
698	0.00377623
699	0.00278869
700	0.00185876
701	0.000676464
702	-0.00021506
703	-0.000305584
704	-0.000286382
705	-3.40122e-05
706	-3.83747e-06
707	-0.000105334
708	-0.000341245
709	-0.000626533
710	-0.00118065
711	-0.00230534
712	-0.0035041
713	-0.00433253
714	-0.0049086
715	-0.00519937
716	-0.00528441
717	-0.00543254
718	-0.0056465
719	-0.00587144
720	-0.00615673
721	-0.0065106
722	-0.00723479
723	-0.00796173
724	-0.00846098
725	-0.00890537
726	-0.00929215
727	-0.00941285
728	-0.00957196
729	-0.00938816
730	-0.00885599
731	-0.00797544
732	-0.00730885
733	-0.00697693
734	-0.00662307
735	-0.00705648
736	-0.00748716
737	-0.00767918
738	-0.00791783
739	-0.00761609
740	-0.00201183
741	0.014672
742	-0.0160047
743	-0.0157523
744	-0.0156316
745	-0.0156069
746	-0.0164134
747	-0.01725
748	-0.018468
749	-0.0194446
750	-0.0203224
751	-0.0207832
752	-0.0211124
753	-0.02117
754	-0.0211755
755	-0.0215431
756	-0.0218613
757	-0.0220423
758	-0.0224401
759	-0.0227117
760	-0.0235401
761	-0.0242835
762	-0.0246044
763	-0.0246812
764	-0.0246236
765	-0.0243054
766	-0.0242259
767	-0.0245084
768	-0.0250324
769	-0.0256688
770	-0.026094
771	-0.0264506
772	-0.0271062
773	-0.0278578
774	-0.0285381
775	-0.0289688
776	-0.0293775
777	-0.0294653
778	-0.0294653
779	-0.0295833
780	-0.0298082
781	-0.0304089
782	-0.0307052
783	-0.0305653
784	-0.0307793
785	-0.0315309
786	-0.031786
787	-0.0320494
788	-0.0321755
789	-0.0322743
790	-0.0322386
791	-0.0324142
792	-0.0328229
793	-0.0334785
794	-0.0330314
795	-0.0302828
796	-0.0253725
797	-0.018778
798	-0.0119009
799	-0.00496346
800	0.00151038
801	-0.0434197
802	-0.0436995
803	-0.0438257
804	-0.0438531
805	-0.0439107
806	-0.0444539
807	-0.0448105
808	-0.0452384
809	-0.0455457
810	-0.0458337
811	-0.046023
812	-0.0460696
813	-0.046226
814	-0.0466347
815	-0.0471641
816	-0.0472793
817	-0.0473507
818	-0.0473616
819	-0.0476606
820	-0.0479295
821	-0.0478143
822	-0.04771
823	-0.0477786
824	-0.0478197
825	-0.0475783
826	-0.0477265
827	-0.0481654
828	-0.0485576
829	-0.0487881
830	-0.0488621
831	-0.04881
832	-0.0491419
833	-0.0493779
834	-0.0496522
835	-0.0497098
836	-0.0495808
837	-0.0496
838	-0.0497482
839	-0.0499347
840	-0.0503023
841	-0.0506315
842	-0.0503188
843	-0.0481379
844	-0.0436858
845	-0.0369404
846	-0.0286149
847	-0.020284
848	-0.0584275
849	-0.0586332
850	-0.0587101
851	-0.0587457
852	-0.0592806
853	-0.0598786
854	-0.0604053
855	-0.0605205
856	-0.0604821
857	-0.0606934
858	-0.0605178
859	-0.05995
860	-0.0593602
861	-0.0592093
862	-0.0594452
863	-0.0597991
864	-0.0597771
865	-0.0601365
866	-0.0607866
867	-0.0610308
868	-0.0608305
869	-0.0605672
870	-0.0604794
871	-0.0603559
872	-0.059747
873	-0.0598238
874	-0.0599088
875	-0.0601008
876	-0.06012
877	-0.0603587
878	-0.0608936
879	-0.0612557
880	-0.061135
881	-0.0609128
882	-0.0608333
883	-0.0608579
884	-0.0610555
885	-0.0607784
886	-0.0604794
887	-0.060847
888	-0.0609622
889	-0.0611432
890	-0.0611816
891	-0.0615931
892	-0.0171458
893	-0.0173899
894	-0.0173433
895	-0.017283
896	-0.0178124
897	-0.0181388
898	-0.0181141
899	-0.0185777
900	-0.0192306
901	-0.0201057
902	-0.0206625
903	-0.021554
904	-0.022185
905	-0.0224812
906	-0.022388
907	-0.0221905
908	-0.0225224
909	-0.0226321
910	-0.0229201
911	-0.0229531
912	-0.023883
913	-0.0246428
914	-0.0252162
915	-0.0258087
916	-0.0264643
917	-0.0271611
918	-0.0276
919	-0.027364
920	-0.027493
921	-0.0277618
922	-0.0283516
923	-0.0287247
924	-0.0291389
925	-0.0295394
926	-0.0300715
927	-0.030206
928	-0.0303513
929	-0.0304858
930	-0.030878
931	-0.0309411
932	-0.0308561
933	-0.0307326
934	-0.0308341
935	-0.0308369
936	-0.0307244
937	-0.0308561
938	0.0134404
939	0.012398
940	0.0116683
941	0.0112129
942	0.0108536
943	0.0106122
944	0.0103653
945	0.0105052
946	0.0106149
947	0.0103324
948	0.00975081
949	0.00877974
950	0.00770442
951	0.00676352
952	0.00588297
953	0.00527947
954	0.0048488
955	0.004067
956	0.00335927
957	0.00295054
958	0.00286001
959	0.00262684
960	0.00221811
961	0.00160091
962	0.00102484
963	0.000317109
964	-0.000390624
965	-0.00109561
966	-0.00185547
967	-0.00236021
968	-0.00288415
969	-0.00328191
970	-0.00354799
971	-0.00381134
972	-0.00423652
973	-0.0050869
974	-0.00595648
975	-0.00691659
976	-0.00772307
977	-0.00853779
978	-0.0093333
979	-0.00990937
980	-0.0102303
981	-0.0106802
982	-0.0108228
983	-0.0110779
984	-0.0112755
985	-0.0114538
986	-0.0121039
987	-0.0127622
988	-0.0131381
989	-0.0137223
990	-0.0141283
991	-0.0145316
992	-0.0147867
993	-0.014965
994	-0.0152585
995	-0.0157358
996	-0.0161144
997	-0.0163832
998	-0.0165615
999	-0.0166328
1000	-0.0168057
1001	-0.0170114
1002	-0.0174448
1003	-0.0179166
1004	-0.0183254
1005	-0.0187012
1006	-0.019066
1007	-0.0196229
1008	-0.0199136
1009	-0.0198725
1010	-0.0198121
1011	-0.0197134
1012	-0.0198423
1013	-0.0199658
1014	-0.0200398
1015	-0.0201468
1016	-0.0204623
1017	-0.0209204
1018	-0.021181
1019	-0.0216199
1020	-0.0219436
1021	-0.0223358
1022	0.0197606
1023	0.00895256
