0	1.20845
1	1.18715
2	1.17836
3	1.05057
4	1.00424
5	1.14242
6	1.12618
7	0.874584
8	0.689546
9	0.609142
10	0.781666
11	0.927832
12	0.827459
13	0.685287
14	0.578258
15	0.519685
16	0.425436
17	0.309089
18	0.452858
19	0.503178
20	0.303497
21	0.232145
22	0.245989
23	0.204722
24	0.123519
25	0.096096
26	0.179696
27	0.105414
28	-0.0575249
29	-0.046609
30	0.00823656
31	0.0508351
32	0.143221
33	0.0769267
34	-0.0194525
35	0.0306008
36	-0.00507547
37	-0.0117315
38	0.0119639
39	0.0207499
40	0.00184678
41	-0.145384
42	-0.386066
43	-0.332019
44	-0.231646
45	-0.333084
46	-0.43319
47	-0.503212
48	-0.532232
49	-0.607844
50	-0.44171
51	-0.227919
52	-0.199964
53	-0.375683
54	-0.503744
55	-0.544745
56	-0.687983
57	-0.650443
58	-0.423872
59	-0.340539
60	-0.353851
61	-0.558057
62	-0.636066
63	-0.511998
64	-0.494426
65	-0.478984
66	-0.575895
67	-0.646982
68	-0.592402
69	-0.56498
70	-0.567908
71	-0.599058
72	-0.648047
73	-0.686918
74	-0.82909
75	-0.712743
76	-0.559389
77	-0.697035
78	-0.748153
79	-0.644852
80	-0.535959
81	-0.546077
82	-0.546609
83	-0.460081
84	-0.511998
85	-0.653372
86	-0.755874
87	-0.672807
88	-0.59826
89	-0.557791
90	-0.657099
91	-0.800336
92	-0.915619
93	-0.891657
94	-0.988569
95	-1.14006
96	-1.04049
97	-0.910826
98	-0.865299
99	-0.865299
100	-0.971795
101	-1.05486
102	-1.04661
103	-1.03223
104	-1.00161
105	-1.02637
106	-1.09214
107	-1.06817
108	-0.875416
109	-0.781433
110	-0.893787
111	-1.09506
112	-1.13953
113	-1.06019
114	-0.975523
115	-0.961146
116	-1.04581
117	-0.996023
118	-0.838409
119	-0.7604
120	-0.819239
121	-0.792615
122	-0.757205
123	-0.743893
124	-0.759602
125	-0.740965
126	-0.795544
127	-0.965406
128	-1.0341
129	-1.00082
130	-0.973659
131	-0.972328
132	-0.969932
133	-0.91056
134	-0.870358
135	-0.866897
136	-0.870091
137	-1.02265
138	-1.10145
139	-1.12888
140	-1.10918
141	-0.997088
142	-0.884468
143	-0.809122
144	-1.0104
145	-1.23165
146	-1.25454
147	-1.05965
148	-0.928664
149	-0.976055
150	-1.12595
151	-1.32936
152	-1.37888
153	-1.27078
154	-1.23697
155	-1.36956
156	-1.50428
157	-1.48298
158	-1.19757
159	-1.00215
160	-0.977386
161	-1.03063
162	-1.23511
163	-1.40204
164	-1.4087
165	-1.40124
166	-1.3219
167	-1.2415
168	-1.10545
169	-1.01945
170	-1.0948
171	-1.27824
172	-1.22366
173	-1.24389
174	-1.25561
175	-1.24709
176	-1.32243
177	-1.48218
178	-1.46088
179	-1.32776
180	-1.15976
181	-1.25401
182	-1.42307
183	-1.41349
184	-1.33362
185	-1.22845
186	-1.22339
187	-1.27211
188	-1.31152
189	-1.43
190	-1.31951
191	-1.1342
192	-0.988036
193	-0.945438
194	-1.03569
195	-1.09719
196	-1.11131
197	-0.984309
198	-0.783829
199	-0.661625
200	-0.457152
201	-0.301401
202	-0.122488
203	-0.12089
204	-0.0330307
205	0.109941
206	0.263561
207	0.274477
208	0.185819
209	0.287523
210	0.26649
211	0.305095
212	0.321069
213	0.433955
214	0.554296
215	0.627246
216	0.621921
217	0.762763
218	1.10675
219	1.11899
220	0.945936
221	0.851421
222	0.803764
223	0.855414
224	1.00877
225	1.10435
226	1.00185
227	0.889759
228	0.91665
229	0.997054
230	1.08119
231	1.2601
232	1.37112
233	1.29285
234	1.29445
235	1.37884
236	1.4454
237	1.49226
238	1.6166
239	1.62938
240	1.62059
241	1.62565
242	1.78033
243	1.88683
244	1.75983
245	1.57533
246	1.5716
247	1.66958
248	1.71164
249	1.59902
250	1.74945
251	2.69461
252	4.78513
253	8.08412
254	11.7106
255	15.0274
256	17.4025
257	18.9888
258	19.6733
259	19.8775
260	19.6451
261	19.2718
262	18.562
263	17.7662
264	17.0602
265	16.308
266	15.5897
267	14.8378
268	14.1097
269	13.5785
270	12.9332
271	12.6573
272	12.226
273	11.9577
274	11.5575
275	11.3804
276	11.1193
277	11.0021
278	10.6778
279	10.2936
280	10.1571
281	9.81628
282	9.43688
283	9.25664
284	9.06867
285	8.89242
286	8.37858
287	8.23987
288	8.14003
289	8.27048
290	8.14322
291	7.92996
292	7.64934
293	7.71111
294	7.56947
295	7.31654
296	7.20472
297	7.0519
298	7.0101
299	6.8224
300	6.60062
301	6.55217
302	6.30616
303	6.35249
304	6.3642
305	6.56601
306	6.39189
307	6.22655
308	5.97496
309	6.04711
310	5.94594
311	5.75398
312	5.71324
313	5.51463
314	5.38736
315	5.46218
316	5.35914
317	5.29471
318	5.1158
319	5.21005
320	5.16345
321	5.09982
322	4.99998
323	5.14242
324	4.87059
325	4.84184
326	4.65201
327	4.44194
328	4.32267
329	4.25185
330	4.38577
331	4.42916
332	4.23241
333	4.07826
334	3.9683
335	4.35302
336	4.40786
337	4.30802
338	3.81175
339	3.66266
340	3.59663
341	3.67251
342	3.64375
343	3.58172
344	3.67677
345	3.78087
346	3.67783
347	3.53912
348	3.53672
349	3.61207
350	3.45073
351	3.54232
352	3.33092
353	3.36846
354	3.36926
355	3.30456
356	2.98907
357	2.8429
358	2.82852
359	2.87139
360	3.074
361	3.06042
362	3.02687
363	2.9864
364	2.93609
365	3.06495
366	2.79871
367	2.74359
368	2.66825
369	2.82639
370	2.66905
371	2.65147
372	2.71111
373	3.01596
374	2.9249
375	2.5953
376	2.57533
377	2.4715
378	2.44487
379	2.45392
380	2.44008
381	2.54152
382	2.53726
383	2.67277
384	2.55856
385	2.62804
386	2.5756
387	2.55616
388	2.25504
389	2.45233
390	2.68955
391	2.6576
392	2.7412
393	2.75211
394	2.64136
395	2.66692
396	2.84769
397	2.96431
398	2.68129
399	2.69886
400	2.64695
401	2.73561
402	2.64721
403	2.6323
404	2.41851
405	2.50983
406	2.44647
407	2.43848
408	2.47442
409	2.38843
410	2.28912
411	2.18955
412	2.07826
413	2.06495
414	1.99253
415	2.25158
416	2.22309
417	2.25584
418	2.05217
419	2.05643
420	2.06361
421	2.37804
422	2.49093
423	2.42943
424	2.36926
425	2.12379
426	1.97709
427	1.92277
428	1.96511
429	2.26915
430	2.2585
431	2.24013
432	1.91345
433	1.98348
434	1.99173
435	2.01782
436	1.78193
437	1.72975
438	1.70233
439	1.6592
440	1.79178
441	1.85515
442	1.85648
443	1.96963
444	1.94594
445	1.85914
446	1.60462
447	1.63151
448	1.49439
449	1.46058
450	1.42171
451	1.36473
452	1.1781
453	1.37911
454	1.3863
455	1.39216
456	1.58012
457	1.50478
458	1.4896
459	1.63071
460	1.56122
461	1.37831
462	1.32134
463	1.67517
464	1.76117
465	1.91905
466	1.79365
467	1.69461
468	1.54684
469	1.62938
470	1.52075
471	1.37565
472	1.4068
473	1.38417
474	1.37405
475	1.47895
476	1.44993
477	1.27927
478	0.960047
479	1.06228
480	1.29258
481	1.50238
482	1.37778
483	1.33199
484	1.14455
485	1.23747
486	1.22762
487	1.20419
488	1.32506
489	1.31681
490	1.18795
491	1.08678
492	0.935819
493	1.02607
494	0.925169
495	1.05856
496	1.04258
497	1.10621
498	0.970164
499	1.0495
500	1.02741
501	1.18475
502	1.03672
503	0.717235
504	0.660526
505	0.793114
506	0.921176
507	0.882571
508	0.849823
509	1.01117
510	0.864999
511	0.959248
512	0.833583
513	0.943806
514	1.06282
515	1.1339
516	0.928897
517	1.0077
518	0.822933
519	0.501048
520	0.587044
521	0.724956
522	0.858609
523	0.717768
524	0.528205
525	0.601687
526	0.801101
527	1.16958
528	1.05909
529	0.952592
530	0.730281
531	0.671975
532	0.623519
533	0.902273
534	1.0101
535	1.00717
536	1.01569
537	0.815478
538	0.720697
539	0.892954
540	0.929429
541	0.905734
542	0.690079
543	0.725223
544	0.612869
545	0.776341
546	0.84157
547	0.817874
548	0.504775
549	0.618993
550	0.6142
551	0.497853
552	0.532731
553	0.600622
554	0.675968
555	0.759834
556	0.629909
557	0.501847
558	0.365265
559	0.542848
560	0.569738
561	0.774211
562	0.846895
563	0.789387
564	0.456586
565	0.492528
566	0.568939
567	0.511964
568	0.472827
569	0.33092
570	0.332251
571	0.548705
572	0.737204
573	0.835446
574	0.623253
575	0.668247
576	0.632305
577	0.823466
578	0.803764
579	0.785926
580	0.534062
581	0.679163
582	0.783263
583	0.707385
584	0.599557
585	0.435819
586	0.447001
587	0.661591
588	0.787523
589	0.792049
590	0.556426
591	0.632038
592	0.596895
593	0.63763
594	0.528205
595	0.507172
596	0.367928
597	0.56255
598	0.620324
599	0.652273
600	0.625649
601	0.559355
602	0.620324
603	0.732411
604	0.656266
605	0.712177
606	0.601687
607	0.797108
608	0.713242
609	0.70419
610	0.559355
611	0.672773
612	0.636298
613	0.654403
614	0.608077
615	0.562816
616	0.628045
617	0.492528
618	0.450196
619	0.493327
620	0.375116
621	0.325862
622	0.313082
623	0.460846
624	0.298705
625	0.348492
626	0.454722
627	0.790718
628	0.825862
629	0.703391
630	0.282464
631	0.190079
632	0.47256
633	0.572134
634	0.582784
635	0.617928
636	0.4683
637	0.368993
638	0.33092
639	0.703657
640	0.683423
641	0.536724
642	0.239333
643	0.240398
644	0.155734
645	0.440079
646	0.571336
647	0.453391
648	0.331187
649	0.306959
650	0.35222
651	0.284328
652	0.256107
653	0.393753
654	0.246256
655	0.310686
656	0.166117
657	0.222827
658	0.172507
659	0.232677
660	0.19354
661	0.219365
662	0.220697
663	0.169312
664	0.434488
665	0.529802
666	0.410526
667	0.30829
668	0.144019
669	0.144552
670	0.144818
671	0.367928
672	0.303497
673	0.359142
674	0.365532
675	0.411857
676	0.201261
677	0.242795
678	0.29977
679	0.190345
680	0.337843
681	0.280867
682	0.176234
683	0.243061
684	0.271016
685	0.217235
686	-0.103052
687	-0.0785579
688	0.0359256
689	0.277938
690	0.187949
691	0.191943
692	-0.107844
693	-0.110241
694	-0.00347803
695	0.111272
696	0.342635
697	0.0923686
698	-0.10252
699	-0.0652459
700	0.126181
701	0.19993
702	-0.0290371
703	-0.0766942
704	-0.133936
705	0.0947648
706	0.171442
707	0.261964
708	0.0851801
709	0.0577573
710	-0.12728
711	-0.131274
712	-0.0114652
713	-0.0218486
714	-0.137663
715	-0.170411
716	-0.149112
717	-0.01892
718	-0.069772
719	0.0947648
720	-0.0261085
721	-0.125416
722	-0.160028
723	0.0899725
724	0.115532
725	0.179429
726	0.0415166
727	0.0180875
728	0.0689394
729	-0.142722
730	-0.322434
731	-0.282232
732	-0.168281
733	-0.0181213
734	-0.267589
735	-0.353318
736	-0.523712
737	-0.353851
738	-0.251082
739	-0.18958
740	-0.358111
741	-0.0713694
742	0.0489714
743	-0.0703044
744	-0.0404855
745	-0.105981
746	-0.424671
747	-0.642189
748	-0.735107
749	-0.623819
750	-0.675736
751	-0.361039
752	-0.329623
753	-0.377014
754	-0.623286
755	-0.461146
756	-0.431327
757	-0.29368
758	-0.175203
759	-0.0705707
760	0.1142
761	-0.0708369
762	-0.126215
763	-0.0191862
764	0.108343
765	0.252113
766	0.030867
767	0.00637288
768	-0.263595
769	-0.257738
770	-0.252946
771	-0.263861
772	-0.369293
773	-0.177333
774	-0.0958635
775	0.0303345
776	0.166117
777	0.066277
778	-0.193308
779	-0.29794
780	-0.236172
781	0.0271396
782	-0.0732331
783	-0.114234
784	-0.334948
785	-0.294213
786	-0.332552
787	-0.133936
788	-0.23777
789	-0.226854
790	-0.217536
791	-0.0591223
792	0.0620172
793	-0.0202512
794	-0.224458
795	-0.301401
796	-0.304596
797	-0.0695057
798	-0.0825515
799	-0.0274397
800	-0.301668
801	-0.261731
802	-0.351455
803	-0.374085
804	-0.453425
805	-0.0495377
806	0.0353931
807	-0.0910712
808	-0.104916
809	-0.237504
810	-0.199431
811	0.052965
812	0.134967
813	0.0763942
814	-0.14991
815	-0.0503364
816	-0.00827036
817	0.031932
818	0.0287371
819	0.112337
820	0.0976934
821	0.174637
822	0.0670758
823	-0.159229
824	-0.177333
825	-0.171742
826	-0.00933532
827	0.198332
828	0.125649
829	0.181559
830	0.109142
831	0.184488
832	0.0636146
833	0.0628159
834	-0.0913375
835	0.0298021
836	0.0814527
837	0.173572
838	0.0300683
839	-0.191976
840	-0.144852
841	-0.140592
842	-0.0695057
843	0.188482
844	0.197001
845	0.068407
846	-0.280102
847	-0.279303
848	-0.393787
849	-0.456087
850	-0.626747
851	-0.511731
852	-0.395118
853	-0.215406
854	-0.342669
855	-0.609708
856	-0.507205
857	-0.40204
858	-0.323766
859	-0.262264
860	-0.333616
861	-0.355714
862	-0.542349
863	-0.457152
864	-0.46088
865	-0.159761
866	-0.202094
867	-0.177333
868	-0.126481
869	-0.0197187
870	-0.0556612
871	-0.174138
872	-0.0159913
873	0.0590885
874	-0.0319658
875	0.0138276
876	-0.00321179
877	0.080654
878	-0.0354269
879	0.00797032
880	-0.0902725
881	0.0282046
882	-0.0740318
883	-0.107312
884	-0.255608
885	-0.019985
886	-0.0559274
887	-0.22712
888	-0.113968
889	-0.0828178
890	-0.17547
891	-0.205022
892	-0.194905
893	-0.183457
894	-0.300336
895	-0.189847
896	-0.318707
897	-0.151242
898	-0.0527326
899	-0.0482065
900	-0.214074
901	0.00903528
902	-0.0748305
903	-0.172807
904	0.0556274
905	0.138961
906	0.154136
907	0.330654
908	0.209781
909	0.117661
910	-0.0306346
911	0.0497701
912	-0.0114652
913	0.104616
914	-0.110507
915	-0.097461
916	-0.118228
917	-0.00241307
918	-0.136865
919	-0.363435
920	-0.248952
921	-0.160294
922	-0.148845
923	-0.163222
924	-0.280901
925	-0.295012
926	-0.230049
927	0.0441791
928	-0.0894738
929	-0.287291
930	-0.380475
931	-0.230581
932	-0.213542
933	-0.0431479
934	-0.105182
935	-0.233244
936	-0.19384
937	-0.216471
938	-0.302466
939	-0.413222
940	-0.462743
941	-0.338675
942	-0.284362
943	-0.128079
944	-0.318707
945	-0.398047
946	-0.48138
947	-0.461678
948	-0.539953
949	-0.364767
950	-0.29155
951	-0.329623
952	-0.318441
953	-0.338409
954	-0.328558
955	-0.291284
956	-0.103318
957	-0.0242448
958	-0.203691
959	-0.0514014
960	-0.148047
961	-0.0439466
962	-0.15843
963	-0.239101
964	-0.413755
965	-0.239634
966	-0.159229
967	-0.22073
968	-0.0721681
969	0.00983401
970	-0.0482065
971	-0.151774
972	-0.19171
973	-0.174405
974	-0.452094
975	-0.475257
976	-0.489101
977	-0.334681
978	-0.259335
979	-0.132072
980	-0.293947
981	-0.141657
982	-0.12728
983	-0.141657
984	0.137363
985	0.0633484
986	-0.0274397
987	0.0545624
988	-0.10252
989	-0.222594
990	-0.211412
991	0.158396
992	0.323466
993	0.267023
994	0.010899
995	0.1978
996	0.255574
997	0.395883
998	0.342635
999	0.256905
1000	0.38124
1001	0.274743
1002	0.0274059
1003	0.00956776
1004	0.159994
1005	0.335446
1006	0.251581
1007	0.390292
1008	0.260899
1009	0.395883
1010	0.467235
1011	0.498918
1012	0.343167
1013	0.458716
1014	0.485606
1015	0.593434
1016	0.779536
1017	0.73534
1018	0.624317
1019	0.70419
1020	0.793114
1021	0.778737
1022	0.719898
1023	1.19035
