0	0.484333
1	0.379669
2	0.330035
3	0.296825
4	0.26985
5	0.207867
6	0.145524
7	0.0913343
8	0.0618414
9	0.0273132
10	-0.0398251
11	-0.113317
12	-0.168107
13	-0.19796
14	-0.206352
15	-0.233567
16	-0.279365
17	-0.302264
18	-0.356454
19	-0.376835
20	-0.45884
21	-0.456082
22	-0.442535
23	-0.478741
24	-0.519983
25	-0.530893
26	-0.606664
27	-0.615655
28	-0.629682
29	-0.65402
30	-0.64287
31	-0.68675
32	-0.707491
33	-0.69778
34	-0.710968
35	-0.744177
36	-0.760242
37	-0.774989
38	-0.786378
39	-0.863707
40	-0.892241
41	-0.887205
42	-0.858792
43	-0.883968
44	-0.907946
45	-0.887445
46	-0.90387
47	-0.923172
48	-0.944513
49	-0.931685
50	-0.916938
51	-0.912862
52	-0.922453
53	-0.950867
54	-0.972207
55	-0.942235
56	-0.94751
57	-0.976403
58	-1.03863
59	-1.01213
60	-0.989951
61	-0.984436
62	-1.02052
63	-1.05097
64	-1.02292
65	-1.02676
66	-1.04558
67	-1.07783
68	-1.08466
69	-1.15372
70	-1.12878
71	-1.15276
72	-1.17458
73	-1.23021
74	-1.2145
75	-1.22086
76	-1.25071
77	-1.30406
78	-1.3091
79	-1.30886
80	-1.29411
81	-1.32996
82	-1.36401
83	-1.3549
84	-1.36365
85	-1.35046
86	-1.32121
87	-1.2645
88	-1.27984
89	-1.33008
90	-1.34387
91	-1.33032
92	-1.30394
93	-1.32372
94	-1.34434
95	-1.3537
96	-1.33523
97	-1.34099
98	-1.36952
99	-1.35885
100	-1.37564
101	-1.37923
102	-1.3706
103	-1.37156
104	-1.31545
105	-1.32205
106	-1.35849
107	-1.34458
108	-1.35322
109	-1.38487
110	-1.37432
111	-1.35633
112	-1.34363
113	-1.34123
114	-1.31773
115	-1.33907
116	-1.33523
117	-1.31593
118	-1.3085
119	-1.36916
120	-1.36137
121	-1.3881
122	-1.36964
123	-1.34674
124	-1.36389
125	-1.36281
126	-1.37911
127	-1.37312
128	-1.35358
129	-1.34123
130	-1.29699
131	-1.30286
132	-1.31545
133	-1.29351
134	-1.31269
135	-1.31749
136	-1.31989
137	-1.34662
138	-1.3465
139	-1.34518
140	-1.36916
141	-1.40357
142	-1.43378
143	-1.42024
144	-1.40633
145	-1.40849
146	-1.40777
147	-1.3694
148	-1.38834
149	-1.411
150	-1.39074
151	-1.32624
152	-1.32852
153	-1.35082
154	-1.37767
155	-1.39722
156	-1.40093
157	-1.39194
158	-1.38031
159	-1.3893
160	-1.41268
161	-1.41856
162	-1.41724
163	-1.42779
164	-1.40165
165	-1.3664
166	-1.42047
167	-1.42683
168	-1.43438
169	-1.43726
170	-1.43115
171	-1.41928
172	-1.46555
173	-1.49145
174	-1.461
175	-1.44289
176	-1.49708
177	-1.52142
178	-1.5219
179	-1.51051
180	-1.50883
181	-1.52502
182	-1.52598
183	-1.53677
184	-1.54636
185	-1.5695
186	-1.60259
187	-1.58544
188	-1.53821
189	-1.46531
190	-1.47898
191	-1.48797
192	-1.46064
193	-1.42695
194	-1.3929
195	-1.34938
196	-1.33931
197	-1.30178
198	-1.17902
199	-1.10085
200	-1.00326
201	-0.886606
202	-0.812634
203	-0.751131
204	-0.669246
205	-0.53413
206	-0.452366
207	-0.321686
208	-0.285359
209	-0.221818
210	-0.146527
211	-0.101209
212	-0.0840644
213	-0.0490566
214	0.0468552
215	0.12862
216	0.175137
217	0.223333
218	0.298144
219	0.343342
220	0.461194
221	0.528092
222	0.559623
223	0.550871
224	0.547754
225	0.565258
226	0.638151
227	0.703731
228	0.720276
229	0.721475
230	0.719676
231	0.749649
232	0.783577
233	0.828056
234	0.838367
235	0.838607
236	0.808874
237	0.768232
238	0.840885
239	0.886563
240	0.932241
241	0.961134
242	0.958137
243	0.962932
244	0.996262
245	1.03007
246	1.01341
247	1.06963
248	1.0857
249	1.14421
250	1.19228
251	1.66441
252	3.15524
253	5.66944
254	8.61873
255	11.2948
256	13.2334
257	14.6307
258	15.3448
259	15.6166
260	15.4548
261	15.1237
262	14.5066
263	13.8595
264	13.2458
265	12.6055
266	12.022
267	11.5016
268	10.9701
269	10.585
270	10.1412
271	9.87589
272	9.56514
273	9.36972
274	9.08702
275	8.85971
276	8.5251
277	8.41803
278	8.21302
279	8.03403
280	7.90539
281	7.69438
282	7.5438
283	7.41168
284	7.21938
285	7.01029
286	6.75157
287	6.65853
288	6.45748
289	6.3461
290	6.18137
291	6.0797
292	5.95394
293	5.89819
294	5.74821
295	5.61142
296	5.51802
297	5.40856
298	5.35245
299	5.28903
300	5.15727
301	5.10236
302	5.01221
303	5.0363
304	4.92085
305	4.85311
306	4.69246
307	4.6885
308	4.56838
309	4.57341
310	4.4335
311	4.27321
312	4.22393
313	4.14612
314	4.07287
315	3.95742
316	3.84436
317	3.79748
318	3.63563
319	3.66417
320	3.56526
321	3.51718
322	3.39813
323	3.38458
324	3.29838
325	3.30714
326	3.23652
327	3.18149
328	3.18701
329	3.13833
330	3.09361
331	3.08534
332	3.01688
333	3.01484
334	2.91606
335	3.0152
336	2.90479
337	2.86678
338	2.7849
339	2.76691
340	2.69042
341	2.68359
342	2.60242
343	2.52797
344	2.53073
345	2.49165
346	2.43374
347	2.4383
348	2.37979
349	2.37643
350	2.28639
351	2.35257
352	2.31325
353	2.41024
354	2.35569
355	2.34718
356	2.21434
357	2.22201
358	2.20127
359	2.12095
360	2.13066
361	2.09949
362	2.01592
363	1.96665
364	1.95802
365	1.9724
366	1.83957
367	1.86055
368	1.77495
369	1.83273
370	1.8048
371	1.85
372	1.81751
373	1.8422
374	1.78358
375	1.72543
376	1.7349
377	1.7198
378	1.72723
379	1.74186
380	1.7626
381	1.80732
382	1.77614
383	1.8295
384	1.74821
385	1.75277
386	1.69114
387	1.69846
388	1.59871
389	1.6457
390	1.63384
391	1.62448
392	1.71716
393	1.75061
394	1.72123
395	1.73598
396	1.70601
397	1.73406
398	1.6891
399	1.73814
400	1.6987
401	1.75684
402	1.72028
403	1.76847
404	1.72915
405	1.81355
406	1.77854
407	1.68611
408	1.70481
409	1.66321
410	1.6698
411	1.64522
412	1.64379
413	1.66668
414	1.6312
415	1.74905
416	1.71932
417	1.74497
418	1.7186
419	1.7204
420	1.6517
421	1.70661
422	1.74174
423	1.72099
424	1.7765
425	1.75648
426	1.75313
427	1.80696
428	1.83405
429	1.87913
430	1.81978
431	1.85395
432	1.78729
433	1.81163
434	1.79485
435	1.85935
436	1.75972
437	1.82086
438	1.78466
439	1.72975
440	1.7831
441	1.7638
442	1.74653
443	1.74653
444	1.69642
445	1.69941
446	1.63551
447	1.74305
448	1.6915
449	1.72135
450	1.69953
451	1.71764
452	1.59955
453	1.67004
454	1.70253
455	1.72843
456	1.76164
457	1.70877
458	1.66932
459	1.67748
460	1.65841
461	1.61837
462	1.50375
463	1.53912
464	1.46719
465	1.5149
466	1.46635
467	1.42966
468	1.33063
469	1.39046
470	1.40592
471	1.38782
472	1.416
473	1.37955
474	1.31517
475	1.32164
476	1.30258
477	1.28556
478	1.17646
479	1.25055
480	1.16615
481	1.14528
482	1.08534
483	1.06124
484	0.96521
485	1.01041
486	0.995662
487	0.935238
488	0.930083
489	0.893516
490	0.890879
491	0.927085
492	0.887522
493	0.902268
494	0.808754
495	0.866901
496	0.783697
497	0.752766
498	0.6282
499	0.657573
500	0.619928
501	0.728908
502	0.771469
503	0.773267
504	0.819065
505	0.805158
506	0.755763
507	0.720755
508	0.646184
509	0.668004
510	0.570294
511	0.648941
512	0.551351
513	0.615492
514	0.560223
515	0.621846
516	0.634435
517	0.724592
518	0.761038
519	0.713322
520	0.720635
521	0.703851
522	0.670282
523	0.697497
524	0.69342
525	0.665006
526	0.612495
527	0.703971
528	0.709486
529	0.765594
530	0.750128
531	0.776264
532	0.701933
533	0.744134
534	0.70517
535	0.636473
536	0.6933
537	0.663927
538	0.638631
539	0.636713
540	0.603863
541	0.634674
542	0.590075
543	0.666445
544	0.587438
545	0.607579
546	0.58564
547	0.626402
548	0.5848
549	0.653737
550	0.602064
551	0.547515
552	0.618849
553	0.583601
554	0.49788
555	0.494164
556	0.490927
557	0.516223
558	0.434818
559	0.468267
560	0.460115
561	0.511787
562	0.507112
563	0.553629
564	0.412279
565	0.408562
566	0.358928
567	0.298624
568	0.347059
569	0.338547
570	0.31289
571	0.337228
572	0.31325
573	0.351375
574	0.284596
575	0.352094
576	0.247431
577	0.262177
578	0.242395
579	0.278362
580	0.20451
581	0.256782
582	0.250788
583	0.206668
584	0.254144
585	0.244314
586	0.207268
587	0.232564
588	0.19372
589	0.257981
590	0.180053
591	0.244913
592	0.185088
593	0.265054
594	0.209905
595	0.245872
596	0.178015
597	0.244913
598	0.256063
599	0.231246
600	0.268891
601	0.222014
602	0.191202
603	0.19432
604	0.175497
605	0.183649
606	0.135693
607	0.219376
608	0.188565
609	0.186527
610	0.11747
611	0.164347
612	0.114353
613	0.175976
614	0.116032
615	0.0643591
616	0.100806
617	0.0921735
618	0.100446
619	0.149121
620	0.136892
621	0.194919
622	0.149481
623	0.229207
624	0.175857
625	0.245153
626	0.268172
627	0.328956
628	0.281959
629	0.332672
630	0.310373
631	0.245273
632	0.318525
633	0.279681
634	0.241916
635	0.241676
636	0.218537
637	0.285795
638	0.260858
639	0.322601
640	0.218657
641	0.21602
642	0.145524
643	0.212543
644	0.170701
645	0.207747
646	0.190363
647	0.194799
648	0.251267
649	0.195758
650	0.168783
651	0.207148
652	0.192761
653	0.161829
654	0.0727514
655	0.164347
656	0.136772
657	0.223573
658	0.173698
659	0.1936
660	0.0912144
661	0.161829
662	0.182331
663	0.191802
664	0.256782
665	0.257022
666	0.163148
667	0.124304
668	0.0789856
669	0.134974
670	0.0648386
671	0.177175
672	0.122985
673	0.167584
674	0.133056
675	0.149241
676	0.0877376
677	0.133775
678	0.11759
679	0.0614817
680	0.114233
681	0.119988
682	0.134614
683	0.104522
684	0.0613618
685	0.0913343
686	0.0185612
687	0.123944
688	0.121307
689	0.167224
690	0.13905
691	0.153437
692	0.0653182
693	0.152598
694	0.147802
695	0.125623
696	0.185807
697	0.149601
698	0.116991
699	0.113154
700	0.103203
701	0.133775
702	0.0595635
703	0.153677
704	0.17202
705	0.208347
706	0.211344
707	0.275365
708	0.20439
709	0.238079
710	0.163748
711	0.105241
712	0.181132
713	0.125143
714	0.110637
715	0.107399
716	0.0497325
717	0.0580049
718	-0.0175256
719	0.0333076
720	-0.00697529
721	0.0138855
722	-0.0229206
723	0.0828221
724	0.0536889
725	0.151279
726	0.123944
727	0.0518906
728	0.107879
729	0.0942116
730	0.0775469
731	0.0888166
732	0.012327
733	0.018801
734	-0.0265173
735	0.0933724
736	0.0349861
737	0.0955304
738	0.0257546
739	0.051411
740	-0.00877364
741	0.0870182
742	0.0925332
743	0.0572856
744	0.0780265
745	0.0381032
746	0.00789103
747	-0.0118908
748	0.00285566
749	0.0907348
750	0.0120872
751	0.0877376
752	0.0339071
753	0.0456563
754	0.0192806
755	0.0582447
756	0.0264739
757	0.122985
758	0.149361
759	0.116391
760	0.164227
761	0.12826
762	0.148881
763	0.187366
764	0.187126
765	0.18245
766	0.0901354
767	0.129699
768	0.100566
769	0.160391
770	0.147563
771	0.219257
772	0.188685
773	0.273207
774	0.259659
775	0.220815
776	0.254504
777	0.246711
778	0.211704
779	0.21518
780	0.241196
781	0.288313
782	0.228368
783	0.355451
784	0.349097
785	0.405325
786	0.3678
787	0.360607
788	0.290111
789	0.386263
790	0.376432
791	0.331353
792	0.371636
793	0.304378
794	0.31373
795	0.286874
796	0.317446
797	0.305697
798	0.195039
799	0.282199
800	0.255343
801	0.311692
802	0.29191
803	0.33543
804	0.243714
805	0.310373
806	0.336389
807	0.318285
808	0.398012
809	0.404606
810	0.357969
811	0.376552
812	0.395375
813	0.424148
814	0.358928
815	0.44357
816	0.399211
817	0.403287
818	0.337588
819	0.334351
820	0.221774
821	0.260019
822	0.278122
823	0.24851
824	0.33495
825	0.307735
826	0.281839
827	0.260259
828	0.238918
829	0.259779
830	0.196837
831	0.294427
832	0.225851
833	0.21554
834	0.161829
835	0.255463
836	0.232444
837	0.305577
838	0.263136
839	0.210984
840	0.243834
841	0.257262
842	0.213862
843	0.192042
844	0.148402
845	0.195758
846	0.158233
847	0.290231
848	0.239878
849	0.282319
850	0.247071
851	0.311811
852	0.234842
853	0.254864
854	0.23688
855	0.208347
856	0.238439
857	0.222494
858	0.189764
859	0.198396
860	0.218777
861	0.268172
862	0.225611
863	0.278122
864	0.21542
865	0.220455
866	0.151399
867	0.176816
868	0.136533
869	0.192641
870	0.163148
871	0.1502
872	0.20439
873	0.144805
874	0.133416
875	0.195638
876	0.213142
877	0.264575
878	0.195878
879	0.209066
880	0.162429
881	0.257262
882	0.26985
883	0.317806
884	0.281359
885	0.365282
886	0.342024
887	0.264575
888	0.293468
889	0.250428
890	0.246951
891	0.264815
892	0.308335
893	0.324999
894	0.254744
895	0.327277
896	0.292269
897	0.366241
898	0.323441
899	0.316127
900	0.229447
901	0.319364
902	0.307136
903	0.284716
904	0.30294
905	0.301261
906	0.351375
907	0.398372
908	0.390219
909	0.398012
910	0.300901
911	0.384345
912	0.317566
913	0.307735
914	0.211823
915	0.234962
916	0.185687
917	0.267932
918	0.231246
919	0.229207
920	0.248989
921	0.261578
922	0.272008
923	0.34646
924	0.357609
925	0.37907
926	0.342383
927	0.446567
928	0.413598
929	0.393217
930	0.363844
931	0.431701
932	0.385544
933	0.365762
934	0.308335
935	0.27021
936	0.351495
937	0.395494
938	0.380868
939	0.391298
940	0.371037
941	0.436617
942	0.371516
943	0.461314
944	0.44405
945	0.453641
946	0.355331
947	0.406644
948	0.357969
949	0.428824
950	0.428104
951	0.427865
952	0.492605
953	0.492965
954	0.463112
955	0.481935
956	0.456518
957	0.46599
958	0.372476
959	0.405445
960	0.342263
961	0.421271
962	0.403047
963	0.509989
964	0.474382
965	0.504714
966	0.472464
967	0.437696
968	0.502796
969	0.468747
970	0.460475
971	0.439254
972	0.403647
973	0.449085
974	0.38962
975	0.452562
976	0.374634
977	0.392138
978	0.364803
979	0.434099
980	0.397413
981	0.44333
982	0.409162
983	0.340585
984	0.40017
985	0.403167
986	0.450883
987	0.494763
988	0.49836
989	0.504115
990	0.392018
991	0.460355
992	0.428704
993	0.485412
994	0.525575
995	0.571133
996	0.492365
997	0.623525
998	0.663688
999	0.674358
1000	0.747371
1001	0.761997
1002	0.777103
1003	0.801561
1004	0.826138
1005	0.860427
1006	0.82386
1007	0.950344
1008	0.905625
1009	0.950464
1010	0.86762
1011	0.926366
1012	0.893876
1013	0.994703
1014	0.993384
1015	0.932361
1016	1.00369
1017	1.06508
1018	1.13282
1019	1.17586
1020	1.16854
1021	1.22453
1022	1.29671
1023	1.5601
