0	-0.00111624
1	-0.000715202
2	-0.000749056
3	-0.000673536
4	-0.00048864
5	-0.000618848
6	-0.000782911
7	-0.000970411
8	-0.000853223
9	-0.000608431
10	-0.000530306
11	-0.000767286
12	-0.000749056
13	-0.000837598
14	-0.000178744
15	-4.26483e-06
16	8.6881e-05
17	0.000240527
18	6.08393e-05
19	-0.000350619
20	-0.000683952
21	-0.000618848
22	-0.000241244
23	-0.000282911
24	-0.000657911
25	-0.000504265
26	0.000274381
27	0.000560839
28	0.000396777
29	0.000513964
30	0.000665006
31	0.000805631
32	0.00108428
33	0.000951464
34	0.000610319
35	0.000271777
36	0.00032386
37	0.000714485
38	0.000904589
39	0.000857714
40	0.00060511
41	0.000594694
42	0.00122751
43	0.00117282
44	0.000138964
45	-0.000160515
46	0.000435839
47	0.000735319
48	0.000430631
49	-0.00051989
50	-0.0010902
51	-0.000944369
52	-0.00104593
53	-0.00119697
54	-0.000881869
55	-0.000618848
56	-0.000879265
57	-0.00154072
58	-0.00150166
59	-0.000491244
60	0.00372751
61	0.0189306
62	0.0638629
63	0.17303
64	0.383686
65	0.708847
66	1.12613
67	1.58514
68	2.02956
69	2.41549
70	2.71799
71	2.93198
72	3.06536
73	3.13151
74	3.14646
75	3.12536
76	3.08188
77	3.0265
78	2.96647
79	2.90714
80	2.85174
81	2.80248
82	2.75999
83	2.72362
84	2.69156
85	2.66336
86	2.63823
87	2.61549
88	2.59426
89	2.5719
90	2.54703
91	2.52483
92	2.51352
93	2.50738
94	2.49721
95	2.48125
96	2.46188
97	2.44138
98	2.42056
99	2.39957
100	2.37859
101	2.3582
102	2.33826
103	2.31928
104	2.30086
105	2.28259
106	2.26439
107	2.24595
108	2.22679
109	2.20663
110	2.18614
111	2.16543
112	2.14492
113	2.12408
114	2.10232
115	2.08202
116	2.06693
117	2.05468
118	2.04036
119	2.02306
120	2.00407
121	1.98535
122	1.96771
123	1.95069
124	1.9337
125	1.91654
126	1.89859
127	1.88071
128	1.86322
129	1.84605
130	1.82838
131	1.81057
132	1.79267
133	1.77411
134	1.75552
135	1.73677
136	1.7181
137	1.70026
138	1.68297
139	1.6656
140	1.64946
141	1.6355
142	1.62314
143	1.61046
144	1.59685
145	1.58278
146	1.56847
147	1.55369
148	1.53862
149	1.52278
150	1.50667
151	1.49096
152	1.47537
153	1.45944
154	1.44382
155	1.42864
156	1.41432
157	1.40063
158	1.38739
159	1.37495
160	1.3638
161	1.35478
162	1.34758
163	1.34099
164	1.33295
165	1.31995
166	1.30752
167	1.29454
168	1.2807
169	1.26719
170	1.25397
171	1.24151
172	1.23005
173	1.21978
174	1.20936
175	1.19836
176	1.18753
177	1.17678
178	1.166
179	1.15457
180	1.14291
181	1.13112
182	1.1192
183	1.10694
184	1.09434
185	1.08192
186	1.06989
187	1.05878
188	1.04837
189	1.03846
190	1.02963
191	1.02147
192	1.01399
193	1.00666
194	0.999402
195	0.991853
196	0.983397
197	0.9743
198	0.965277
199	0.956761
200	0.948376
201	0.939688
202	0.930186
203	0.920485
204	0.910478
205	0.901423
206	0.891991
207	0.882657
208	0.873459
209	0.864225
210	0.855454
211	0.847254
212	0.838975
213	0.830392
214	0.821498
215	0.812938
216	0.805311
217	0.797199
218	0.788759
219	0.780931
220	0.773464
221	0.76642
222	0.759332
223	0.752363
224	0.746053
225	0.739621
226	0.732813
227	0.726199
228	0.719493
229	0.712892
230	0.707121
231	0.701116
232	0.694532
233	0.687962
234	0.680894
235	0.673524
236	0.666259
237	0.659053
238	0.652139
239	0.645743
240	0.640793
241	0.640191
242	0.645808
243	0.648868
244	0.643722
245	0.639407
246	0.636287
247	0.633243
248	0.629621
249	0.626248
250	0.622467
251	0.617712
252	0.612415
253	0.606894
254	0.602089
255	0.598694
256	0.596175
257	0.594527
258	0.592683
259	0.5908
260	0.589089
261	0.588097
262	0.588798
263	0.591649
264	0.596399
265	0.598118
266	0.59241
267	0.587152
268	0.582269
269	0.576993
270	0.572014
271	0.567084
272	0.562233
273	0.55792
274	0.553597
275	0.549144
276	0.545074
277	0.540985
278	0.537084
279	0.533082
280	0.528256
281	0.522772
282	0.518061
283	0.514345
284	0.510066
285	0.505847
286	0.502118
287	0.497944
288	0.493866
289	0.489892
290	0.486449
291	0.483946
292	0.481282
293	0.478402
294	0.475475
295	0.472733
296	0.469735
297	0.466248
298	0.462418
299	0.458535
300	0.455238
301	0.452392
302	0.449329
303	0.446616
304	0.443308
305	0.439649
306	0.436178
307	0.432967
308	0.430366
309	0.427415
310	0.424225
311	0.42111
312	0.417701
313	0.414295
314	0.411889
315	0.40973
316	0.407131
317	0.405168
318	0.403678
319	0.402793
320	0.402063
321	0.400136
322	0.398014
323	0.39578
324	0.392925
325	0.389595
326	0.385504
327	0.382006
328	0.379204
329	0.376165
330	0.37273
331	0.369358
332	0.366241
333	0.363941
334	0.3608
335	0.3578
336	0.354605
337	0.350863
338	0.347155
339	0.344366
340	0.343847
341	0.344579
342	0.34473
343	0.344321
344	0.343967
345	0.343855
346	0.344436
347	0.3461
348	0.351438
349	0.362839
350	0.360149
351	0.357152
352	0.35441
353	0.352506
354	0.350558
355	0.348165
356	0.346251
357	0.344571
358	0.342964
359	0.340923
360	0.338131
361	0.335496
362	0.332923
363	0.330894
364	0.329196
365	0.327384
366	0.325334
367	0.32398
368	0.322665
369	0.320933
370	0.319131
371	0.317251
372	0.314837
373	0.313188
374	0.311751
375	0.309144
376	0.306277
377	0.304105
378	0.302816
379	0.301392
380	0.299579
381	0.298004
382	0.295707
383	0.294618
384	0.294092
385	0.291954
386	0.289446
387	0.287842
388	0.286428
389	0.285201
390	0.283571
391	0.282152
392	0.280936
393	0.279558
394	0.277285
395	0.274832
396	0.274363
397	0.278946
398	0.290324
399	0.296478
400	0.294782
401	0.292751
402	0.290105
403	0.288022
404	0.286464
405	0.28491
406	0.282522
407	0.279756
408	0.277983
409	0.276537
410	0.274519
411	0.272194
412	0.270121
413	0.269108
414	0.268506
415	0.267707
416	0.267595
417	0.267248
418	0.266298
419	0.264933
420	0.263428
421	0.261853
422	0.260313
423	0.259454
424	0.257608
425	0.25542
426	0.253696
427	0.252524
428	0.251282
429	0.250063
430	0.248866
431	0.247451
432	0.245399
433	0.243618
434	0.242535
435	0.241535
436	0.239384
437	0.237269
438	0.236295
439	0.237764
440	0.245748
441	0.260334
442	0.25917
443	0.257438
444	0.256241
445	0.255704
446	0.25411
447	0.252264
448	0.250907
449	0.249774
450	0.248532
451	0.247803
452	0.247212
453	0.246353
454	0.246342
455	0.246436
456	0.245446
457	0.243975
458	0.242381
459	0.241337
460	0.240347
461	0.239199
462	0.237912
463	0.236053
464	0.2341
465	0.232376
466	0.231657
467	0.231621
468	0.230938
469	0.229897
470	0.228912
471	0.228061
472	0.22716
473	0.225777
474	0.224264
475	0.223488
476	0.222511
477	0.22403
478	0.233089
479	0.248188
480	0.24842
481	0.247303
482	0.246248
483	0.244772
484	0.243152
485	0.242116
486	0.240819
487	0.239079
488	0.237866
489	0.236535
490	0.235368
491	0.233834
492	0.232524
493	0.231222
494	0.229728
495	0.228866
496	0.228321
497	0.227207
498	0.225759
499	0.224511
500	0.22354
501	0.222793
502	0.222118
503	0.220868
504	0.220199
505	0.219407
506	0.218168
507	0.217105
508	0.216108
509	0.215097
510	0.213991
511	0.212902
512	0.212397
513	0.212243
514	0.211488
515	0.210321
516	0.209238
517	0.20861
518	0.208194
519	0.207876
520	0.206754
521	0.204975
522	0.203631
523	0.202371
524	0.20148
525	0.202222
526	0.204509
527	0.207806
528	0.212589
529	0.217407
530	0.222777
531	0.231425
532	0.245425
533	0.25592
534	0.255048
535	0.253918
536	0.252186
537	0.25085
538	0.24942
539	0.24835
540	0.247274
541	0.246457
542	0.247188
543	0.252431
544	0.264714
545	0.270951
546	0.269634
547	0.268014
548	0.267793
549	0.269894
550	0.275464
551	0.284558
552	0.291532
553	0.290358
554	0.289358
555	0.288392
556	0.287376
557	0.28623
558	0.284881
559	0.283704
560	0.283019
561	0.281899
562	0.281431
563	0.281228
564	0.281082
565	0.280493
566	0.279623
567	0.278621
568	0.278048
569	0.277735
570	0.276933
571	0.275248
572	0.273811
573	0.273155
574	0.272686
575	0.272605
576	0.272087
577	0.271527
578	0.270436
579	0.269587
580	0.269113
581	0.26897
582	0.268425
583	0.266446
584	0.264629
585	0.263537
586	0.262616
587	0.262147
588	0.26217
589	0.262082
590	0.261603
591	0.261282
592	0.261097
593	0.260967
594	0.260464
595	0.259587
596	0.258988
597	0.258342
598	0.257441
599	0.256207
600	0.254668
601	0.253313
602	0.252668
603	0.25203
604	0.251425
605	0.250511
606	0.249207
607	0.248376
608	0.247644
609	0.24673
610	0.245918
611	0.245485
612	0.24504
613	0.244694
614	0.244371
615	0.244379
616	0.244152
617	0.243774
618	0.242524
619	0.241006
620	0.239045
621	0.238423
622	0.238405
623	0.238084
624	0.236868
625	0.235488
626	0.234511
627	0.233402
628	0.232441
629	0.231928
630	0.231954
631	0.23092
632	0.22998
633	0.229415
634	0.22891
635	0.228472
636	0.227912
637	0.227084
638	0.22617
639	0.22542
640	0.224933
641	0.223897
642	0.222371
643	0.22111
644	0.220287
645	0.219853
646	0.218923
647	0.218256
648	0.217592
649	0.216785
650	0.215498
651	0.214243
652	0.213545
653	0.212931
654	0.212074
655	0.211303
656	0.2098
657	0.208644
658	0.207545
659	0.208155
660	0.211897
661	0.218751
662	0.228519
663	0.233438
664	0.232256
665	0.231084
666	0.229839
667	0.228524
668	0.227285
669	0.226652
670	0.226717
671	0.225936
672	0.224915
673	0.223975
674	0.223056
675	0.222235
676	0.221868
677	0.222131
678	0.222199
679	0.222954
680	0.224162
681	0.225418
682	0.226342
683	0.22672
684	0.227076
685	0.226621
686	0.225668
687	0.224813
688	0.224485
689	0.224079
690	0.222629
691	0.220845
692	0.219017
693	0.217647
694	0.216853
695	0.216491
696	0.215832
697	0.215373
698	0.215022
699	0.213983
700	0.212717
701	0.211678
702	0.211415
703	0.211389
704	0.210967
705	0.209681
706	0.208785
707	0.208444
708	0.208087
709	0.20728
710	0.205813
711	0.204613
712	0.20385
713	0.20323
714	0.202808
715	0.202467
716	0.201293
717	0.199644
718	0.198204
719	0.19735
720	0.196686
721	0.19567
722	0.194649
723	0.193868
724	0.192905
725	0.192014
726	0.191168
727	0.190514
728	0.190144
729	0.190037
730	0.18941
731	0.18835
732	0.187308
733	0.186847
734	0.186228
735	0.18578
736	0.185311
737	0.184714
738	0.184746
739	0.184941
740	0.18517
741	0.184725
742	0.18367
743	0.182274
744	0.181199
745	0.179941
746	0.178389
747	0.177256
748	0.176524
749	0.175673
750	0.1743
751	0.172964
752	0.171691
753	0.170371
754	0.168991
755	0.167743
756	0.167235
757	0.166436
758	0.165386
759	0.164311
760	0.163608
761	0.163165
762	0.161751
763	0.160306
764	0.159725
765	0.158938
766	0.157498
767	0.155988
768	0.154478
769	0.153675
770	0.153246
771	0.152738
772	0.151774
773	0.150933
774	0.150214
775	0.149714
776	0.149412
777	0.150324
778	0.153295
779	0.158946
780	0.166074
781	0.175418
782	0.181618
783	0.181735
784	0.181267
785	0.180785
786	0.180569
787	0.180897
788	0.183438
789	0.189071
790	0.19653
791	0.203772
792	0.202941
793	0.20211
794	0.202178
795	0.202785
796	0.20336
797	0.204392
798	0.205629
799	0.206707
800	0.207563
801	0.208412
802	0.208394
803	0.208366
804	0.208006
805	0.207199
806	0.206608
807	0.206084
808	0.205616
809	0.205537
810	0.20478
811	0.204074
812	0.203457
813	0.202371
814	0.20135
815	0.200569
816	0.199741
817	0.198438
818	0.197543
819	0.196834
820	0.195824
821	0.194832
822	0.196089
823	0.201712
824	0.212746
825	0.215886
826	0.214996
827	0.214746
828	0.213665
829	0.212743
830	0.211173
831	0.209376
832	0.207431
833	0.205522
834	0.203962
835	0.202334
836	0.200975
837	0.199399
838	0.198004
839	0.197399
840	0.196855
841	0.197303
842	0.199386
843	0.202767
844	0.207418
845	0.211941
846	0.214933
847	0.214004
848	0.212579
849	0.211767
850	0.210696
851	0.2093
852	0.208162
853	0.207267
854	0.206863
855	0.204608
856	0.202071
857	0.200035
858	0.198267
859	0.196246
860	0.194405
861	0.193324
862	0.192131
863	0.191522
864	0.190907
865	0.190009
866	0.188631
867	0.187337
868	0.186355
869	0.185592
870	0.185467
871	0.184332
872	0.182376
873	0.18136
874	0.181311
875	0.181139
876	0.180144
877	0.178772
878	0.177618
879	0.177084
880	0.177186
881	0.176873
882	0.176238
883	0.175353
884	0.173626
885	0.171845
886	0.170524
887	0.170504
888	0.170686
889	0.171191
890	0.172819
891	0.174587
892	0.176157
893	0.176871
894	0.177254
895	0.177103
896	0.176287
897	0.174879
898	0.173316
899	0.172668
900	0.17229
901	0.171412
902	0.169777
903	0.167978
904	0.166988
905	0.16685
906	0.167519
907	0.168433
908	0.169662
909	0.170985
910	0.172084
911	0.173087
912	0.173701
913	0.173623
914	0.172915
915	0.17255
916	0.172517
917	0.171988
918	0.170579
919	0.169004
920	0.167803
921	0.166996
922	0.165616
923	0.163873
924	0.162311
925	0.160704
926	0.159282
927	0.158217
928	0.157339
929	0.156756
930	0.156191
931	0.155743
932	0.154751
933	0.153444
934	0.15229
935	0.151272
936	0.150152
937	0.149444
938	0.149061
939	0.148772
940	0.147892
941	0.146837
942	0.146069
943	0.144728
944	0.142793
945	0.141371
946	0.140433
947	0.139675
948	0.138712
949	0.137959
950	0.136855
951	0.135938
952	0.135522
953	0.135509
954	0.135084
955	0.134842
956	0.134855
957	0.134777
958	0.134246
959	0.133811
960	0.133204
961	0.132053
962	0.130446
963	0.129173
964	0.128287
965	0.12742
966	0.125855
967	0.125116
968	0.124772
969	0.124061
970	0.122616
971	0.121603
972	0.120803
973	0.120498
974	0.120293
975	0.11997
976	0.119636
977	0.118824
978	0.117876
979	0.116722
980	0.115897
981	0.115787
982	0.114925
983	0.113905
984	0.113092
985	0.11248
986	0.111962
987	0.111579
988	0.110748
989	0.109433
990	0.108058
991	0.107178
992	0.107717
993	0.108548
994	0.108962
995	0.109431
996	0.109847
997	0.111053
998	0.113082
999	0.114892
1000	0.116704
1001	0.117832
1002	0.1181
1003	0.118209
1004	0.117787
1005	0.117287
1006	0.116925
1007	0.116011
1008	0.114092
1009	0.112329
1010	0.110589
1011	0.109282
1012	0.108058
1013	0.107668
1014	0.108032
1015	0.109806
1016	0.113238
1017	0.118334
1018	0.123519
1019	0.128045
1020	0.131509
1021	0.132589
1022	0.132441
1023	0.13198
