0	-7.73462e-05
1	-0.000249221
2	-0.00045495
3	-0.000629429
4	-0.000283075
5	0.000120571
6	0.000224737
7	0.000472133
8	0.000651821
9	0.000425258
10	7.62997e-05
11	-0.000139846
12	7.62997e-05
13	2.42163e-05
14	0.000193487
15	0.000360154
16	0.000492966
17	0.000394008
18	0.000104946
19	7.78834e-07
20	-8.25545e-05
21	-0.000340367
22	-0.000228388
23	-4.60962e-05
24	5.0258e-05
25	1.11955e-05
26	3.383e-06
27	-0.000103388
28	-0.000639846
29	-0.000738804
30	-0.000395054
31	-0.000402867
32	-0.000345575
33	-0.000137242
34	2.42163e-05
35	0.000331508
36	0.000399216
37	0.000297654
38	0.000149216
39	-0.000246617
40	-0.000402867
41	-0.000480992
42	-0.000369013
43	-0.000105992
44	0.000360154
45	0.000321091
46	0.000321091
47	0.000485154
48	0.000391404
49	0.000136196
50	6.5883e-05
51	0.000222133
52	0.000386196
53	0.000558071
54	0.000261196
55	0.000255987
56	0.000852341
57	0.00367005
58	0.0115372
59	0.0311232
60	0.0738367
61	0.15091
62	0.260384
63	0.38935
64	0.52329
65	0.652597
66	0.77205
67	0.878759
68	0.972352
69	1.0523
70	1.11875
71	1.17252
72	1.21429
73	1.24514
74	1.26677
75	1.28156
76	1.29229
77	1.30168
78	1.31068
79	1.31964
80	1.32846
81	1.33643
82	1.34244
83	1.34517
84	1.34485
85	1.34322
86	1.34133
87	1.34056
88	1.34123
89	1.34307
90	1.34492
91	1.34528
92	1.34237
93	1.33546
94	1.32582
95	1.31472
96	1.30495
97	1.29739
98	1.2926
99	1.29044
100	1.28869
101	1.28574
102	1.28027
103	1.27119
104	1.25884
105	1.24468
106	1.23084
107	1.21882
108	1.2096
109	1.20319
110	1.19824
111	1.1933
112	1.18637
113	1.17712
114	1.16598
115	1.15365
116	1.14143
117	1.13035
118	1.12091
119	1.1124
120	1.10362
121	1.09381
122	1.08228
123	1.06953
124	1.05626
125	1.04418
126	1.03436
127	1.02773
128	1.02298
129	1.01853
130	1.01251
131	1.00281
132	0.989042
133	0.97185
134	0.953847
135	0.937699
136	0.924959
137	0.917701
138	0.915503
139	0.916631
140	0.91786
141	0.916436
142	0.910222
143	0.898063
144	0.880727
145	0.860467
146	0.84122
147	0.826391
148	0.817545
149	0.814769
150	0.816165
151	0.819019
152	0.819996
153	0.816318
154	0.807141
155	0.792985
156	0.775886
157	0.758149
158	0.742415
159	0.73093
160	0.724222
161	0.721488
162	0.720873
163	0.720451
164	0.718514
165	0.713787
166	0.705824
167	0.695636
168	0.684233
169	0.672894
170	0.661568
171	0.651035
172	0.642264
173	0.635214
174	0.629363
175	0.624571
176	0.620988
177	0.618225
178	0.614907
179	0.610381
180	0.604311
181	0.596316
182	0.585881
183	0.573886
184	0.561899
185	0.551087
186	0.543535
187	0.539477
188	0.539253
189	0.541183
190	0.542699
191	0.541746
192	0.537433
193	0.529071
194	0.516647
195	0.502454
196	0.488462
197	0.477451
198	0.471305
199	0.470165
200	0.472915
201	0.477233
202	0.479943
203	0.479108
204	0.473337
205	0.463178
206	0.450147
207	0.436678
208	0.424753
209	0.416542
210	0.413235
211	0.413878
212	0.416253
213	0.418845
214	0.419545
215	0.41691
216	0.411178
217	0.402865
218	0.393485
219	0.384342
220	0.376647
221	0.371193
222	0.367954
223	0.366324
224	0.365462
225	0.364391
226	0.363003
227	0.360365
228	0.356855
229	0.351957
230	0.346092
231	0.339832
232	0.333269
233	0.326917
234	0.321144
235	0.316225
236	0.313154
237	0.311756
238	0.311959
239	0.312949
240	0.313503
241	0.312287
242	0.30891
243	0.303144
244	0.295946
245	0.287959
246	0.280798
247	0.27593
248	0.27373
249	0.274165
250	0.276186
251	0.278561
252	0.279722
253	0.277917
254	0.273045
255	0.265381
256	0.256441
257	0.247878
258	0.24155
259	0.238506
260	0.238832
261	0.241584
262	0.245261
263	0.248027
264	0.248027
265	0.244798
266	0.238522
267	0.230404
268	0.222222
269	0.216167
270	0.212858
271	0.212001
272	0.213417
273	0.216032
274	0.218381
275	0.219423
276	0.218449
277	0.215071
278	0.209878
279	0.204193
280	0.198089
281	0.192915
282	0.189725
283	0.188235
284	0.188214
285	0.188566
286	0.189264
287	0.189451
288	0.188376
289	0.186165
290	0.182993
291	0.179011
292	0.174662
293	0.170068
294	0.165933
295	0.1631
296	0.161511
297	0.161287
298	0.161803
299	0.162941
300	0.16379
301	0.16343
302	0.161345
303	0.158055
304	0.153943
305	0.149097
306	0.14443
307	0.141253
308	0.13992
309	0.139858
310	0.140605
311	0.141576
312	0.142417
313	0.141959
314	0.139772
315	0.135977
316	0.131318
317	0.126639
318	0.122673
319	0.120027
320	0.119134
321	0.119553
322	0.120311
323	0.120975
324	0.121157
325	0.120157
326	0.117621
327	0.113902
328	0.11023
329	0.106691
330	0.103639
331	0.102027
332	0.107188
333	0.122993
334	0.0931935
335	0.0936883
336	0.0939956
337	0.0934617
338	0.0919227
339	0.0891935
340	0.0861622
341	0.0832325
342	0.0809227
343	0.0789669
344	0.0775685
345	0.0771987
346	0.0779956
347	0.0786336
348	0.0790346
349	0.0790737
350	0.0783237
351	0.0762299
352	0.0735216
353	0.0705268
354	0.0677846
355	0.0658628
356	0.0646544
357	0.0647299
358	0.0656753
359	0.0674018
360	0.0687039
361	0.0690737
362	0.0686518
363	0.0668784
364	0.0639435
365	0.0601753
366	0.0570008
367	0.0550789
368	0.0544174
369	0.0547508
370	0.0563549
371	0.0583992
372	0.0597352
373	0.0598419
374	0.0589799
375	0.0571518
376	0.0541206
377	0.0506779
378	0.0475815
379	0.045644
380	0.0452638
381	0.0459565
382	0.0472117
383	0.0487638
384	0.0501414
385	0.0501674
386	0.0490737
387	0.0470346
388	0.0443628
389	0.0417352
390	0.0392482
391	0.0381206
392	0.038256
393	0.0395086
394	0.0410633
395	0.0425581
396	0.0437768
397	0.0443341
398	0.0438003
399	0.0424852
400	0.040907
401	0.0394122
402	0.0377534
403	0.0365216
404	0.0359904
405	0.0362013
406	0.0367898
407	0.0372716
408	0.0375815
409	0.03792
410	0.0380424
411	0.0371857
412	0.0353914
413	0.0335841
414	0.0317273
415	0.0298602
416	0.0281414
417	0.0273367
418	0.027631
419	0.0286049
420	0.0297404
421	0.0307872
422	0.0314096
423	0.0310997
424	0.0299279
425	0.0277456
426	0.0253706
427	0.0231987
428	0.0214044
429	0.0204617
430	0.0204878
431	0.0214591
432	0.0224878
433	0.0230372
434	0.0233992
435	0.0229279
436	0.0214513
437	0.0191961
438	0.016769
439	0.0148367
440	0.0135555
441	0.0131622
442	0.013381
443	0.0140034
444	0.014756
445	0.0148628
446	0.0144435
447	0.0138471
448	0.012795
449	0.0117664
450	0.0105971
451	0.0097013
452	0.0092039
453	0.00887317
454	0.0083237
455	0.00794349
456	0.0078289
457	0.00745651
458	0.00719349
459	0.00670651
460	0.00630286
461	0.00566224
462	0.00496692
463	0.00423255
464	0.00334192
465	0.00276901
466	0.00229765
467	0.00222734
468	0.00241745
469	0.0025737
470	0.00247734
471	0.00211276
472	0.00113359
473	-2.00545e-05
474	-0.000996617
475	-0.0016763
476	-0.00225443
477	-0.0027336
478	-0.00255391
479	-0.00206693
480	-0.000921096
481	6.84872e-05
482	0.000683071
483	0.0008888
484	0.000748175
485	0.000328904
486	-0.00064245
487	-0.000882034
488	-0.000783075
489	-0.000384638
490	-5.65128e-05
491	0.000323696
492	0.000709112
493	0.000690883
494	4.50497e-05
495	-0.000819534
496	-0.00196537
497	-0.00268412
498	-0.00357214
499	-0.00399922
500	-0.00420755
501	-0.00393151
502	-0.00382474
503	-0.00349662
504	-0.00371016
505	-0.00397318
506	-0.00445235
507	-0.00524662
508	-0.00626745
509	-0.00722839
510	-0.00777266
511	-0.00818151
512	-0.00846016
513	-0.00858516
514	-0.00855912
515	-0.0085487
516	-0.00876485
517	-0.00899922
518	-0.00921276
519	-0.00970495
520	-0.0102831
521	-0.0107987
522	-0.0111529
523	-0.01158
524	-0.011955
525	-0.0122857
526	-0.0122232
527	-0.0120747
528	-0.0120122
529	-0.0121086
530	-0.011606
531	-0.010869
532	-0.010244
533	-0.00988985
534	-0.00977005
535	-0.0098638
536	-0.00978308
537	-0.00930912
538	-0.00836641
539	-0.00691589
540	-0.00522578
541	-0.00374662
542	-0.0031138
543	-0.00279349
544	-0.00302266
545	-0.00372058
546	-0.00428047
547	-0.0036086
548	-0.00190026
549	0.000943487
550	0.00435495
551	0.00797734
552	0.0112378
553	0.0137117
554	0.0156128
555	0.0166049
556	0.0174695
557	0.018032
558	0.0188549
559	0.0201648
560	0.0215945
561	0.02292
562	0.02417
563	0.0251648
564	0.0259174
565	0.0255086
566	0.0244174
567	0.0227273
568	0.0216935
569	0.0207664
570	0.0202794
571	0.0202221
572	0.0203758
573	0.0208185
574	0.0208289
575	0.0203107
576	0.0195763
577	0.0187117
578	0.0177456
579	0.0167638
580	0.016045
581	0.0153029
582	0.014657
583	0.0143107
584	0.01417
585	0.0138419
586	0.013657
587	0.0133289
588	0.0130919
589	0.0127039
590	0.0124122
591	0.0117898
592	0.0108159
593	0.00982109
594	0.00880286
595	0.00804765
596	0.0078263
597	0.00790182
598	0.00847474
599	0.00892786
600	0.00928203
601	0.00918047
602	0.00851119
603	0.00733672
604	0.00583672
605	0.00463099
606	0.00338619
607	0.00269609
608	0.00249557
609	0.00289922
610	0.0403732
611	0.0301674
612	0.0179279
613	0.00510755
614	0.00411276
615	0.00267526
616	0.0013914
617	0.000258591
618	-0.000790888
619	-0.00137162
620	-0.00135339
621	-0.000947138
622	-0.00047318
623	-7.73468e-05
624	-1.22426e-05
625	-0.000361201
626	-0.000934118
627	-0.00178308
628	-0.00251745
629	-0.00318933
630	-0.00381172
631	-0.00416589
632	-0.00464766
633	-0.00495235
634	-0.00509818
635	-0.00503568
636	-0.00534818
637	-0.00599922
638	-0.00640547
639	-0.00715026
640	-0.00779089
641	-0.00844453
642	-0.00924401
643	-0.00973881
644	-0.0101346
645	-0.0103221
646	-0.0102883
647	-0.0101893
648	-0.0102102
649	-0.0106216
650	-0.0111685
651	-0.0117987
652	-0.0122622
653	-0.0129081
654	-0.0135096
655	-0.0141737
656	-0.0115982
657	-0.0055461
658	-0.000543493
659	0.00356328
660	0.00635755
661	0.00852942
662	0.00986797
663	0.0102898
664	0.0103367
665	0.00979765
666	0.00881067
667	0.00753724
668	0.00623255
669	0.0048289
670	0.00367786
671	0.00228984
672	0.000940882
673	-0.000697138
674	-0.00243412
675	-0.00353047
676	-0.00494193
677	-0.00593672
678	-0.00622318
679	-0.00635599
680	-0.00628568
681	-0.00614506
682	-0.00586901
683	-0.00583776
684	-0.00611381
685	-0.00682995
686	-0.00758776
687	-0.00838464
688	-0.00934558
689	-0.0100331
690	-0.0103169
691	-0.0101789
692	-0.0101763
693	-0.0101294
694	-0.00993672
695	-0.00965808
696	-0.00996537
697	-0.010632
698	-0.0114497
699	-0.0122388
700	-0.0130982
701	-0.0139628
702	-0.0142831
703	-0.0141841
704	-0.0142518
705	-0.0140591
706	-0.0141138
707	-0.014231
708	-0.014468
709	-0.0150122
710	-0.0156164
711	-0.0162258
712	-0.0168143
713	-0.0171893
714	-0.0173846
715	-0.0171659
716	-0.0167232
717	-0.01658
718	-0.0165591
719	-0.0166268
720	-0.0165878
721	-0.0169419
722	-0.0174263
723	-0.0182544
724	-0.0189341
725	-0.0195148
726	-0.0199237
727	-0.0200695
728	-0.0200669
729	-0.0197076
730	-0.0193091
731	-0.019132
732	-0.0191503
733	-0.0196372
734	-0.0203039
735	-0.0212102
736	-0.0221242
737	-0.0225617
738	-0.0228846
739	-0.0232414
740	-0.0231945
741	-0.0226477
742	-0.022132
743	-0.0218273
744	-0.0217675
745	-0.0221711
746	-0.0231555
747	-0.0242622
748	-0.0249367
749	-0.0254836
750	-0.025869
751	-0.0258508
752	-0.0257675
753	-0.0254237
754	-0.0249836
755	-0.0247128
756	-0.0248143
757	-0.0251372
758	-0.0253638
759	-0.0259628
760	-0.0267414
761	-0.0274029
762	-0.0277518
763	-0.0277909
764	-0.0277206
765	-0.0273768
766	-0.0269419
767	-0.0265201
768	-0.0267675
769	-0.0271685
770	-0.0279263
771	-0.0281815
772	-0.0284758
773	-0.0287857
774	-0.0287336
775	-0.0283768
776	-0.0282701
777	-0.0279211
778	-0.0273846
779	-0.0266581
780	-0.0259081
781	-0.025507
782	-0.0251398
783	-0.0243872
784	-0.0234836
785	-0.0223638
786	-0.0206867
787	-0.0191789
788	-0.0178378
789	-0.016244
790	-0.0148794
791	-0.0135253
792	-0.012718
793	-0.012231
794	-0.0122648
795	-0.0124315
796	-0.0129289
797	-0.0132596
798	-0.0130409
799	-0.0128404
800	-0.0122987
801	-0.0117492
802	-0.0112805
803	-0.0110539
804	-0.0112961
805	-0.0117336
806	-0.0120591
807	-0.0125148
808	-0.0132258
809	-0.0132128
810	-0.0130669
811	-0.0127544
812	-0.0125175
813	-0.0125956
814	-0.0126164
815	-0.0126893
816	-0.0130331
817	-0.0135773
818	-0.0138925
819	-0.0139263
820	-0.013856
821	-0.0139732
822	-0.0139836
823	-0.0139081
824	-0.0138091
825	-0.0138846
826	-0.0141841
827	-0.0142961
828	-0.0143404
829	-0.0145721
830	-0.014981
831	-0.0153221
832	-0.0156451
833	-0.0157779
834	-0.0162466
835	-0.0161633
836	-0.0154732
837	-0.0140956
838	-0.0118534
839	-0.0089862
840	-0.00603828
841	-0.00300964
842	-0.000220575
843	0.00246692
844	0.00507109
845	0.00740182
846	0.00957891
847	0.0113784
848	0.0130242
849	0.0144096
850	0.0150893
851	0.0151935
852	-0.0279315
853	-0.0283768
854	-0.0286893
855	0.013032
856	0.0116857
857	0.0109018
858	0.0102508
859	0.0097638
860	0.00965963
861	0.00955547
862	0.00943047
863	0.00894609
864	0.00830547
865	0.00735234
866	0.00675338
867	0.00628984
868	0.00577422
869	0.00546432
870	0.00567786
871	0.00599036
872	0.00620651
873	0.00627161
874	0.00625599
875	0.00586797
876	0.00517266
877	0.00413359
878	0.00342005
879	0.00302682
880	0.00267005
881	0.00233151
882	0.00240182
883	0.00254245
884	0.00264661
885	0.00250078
886	0.00216224
887	0.00169349
888	0.00122213
889	0.000279426
890	-0.000441928
891	-0.000746616
892	-0.000559116
893	-9.81782e-05
894	0.000117968
895	0.00025078
896	0.000401822
897	0.000128384
898	-0.000577345
899	-0.00152526
900	-0.00200182
901	-0.00187943
902	-0.000270053
903	0.00326901
904	0.00865963
905	0.0145685
906	0.020368
907	0.0253159
908	0.0291805
909	-0.0123117
910	-0.0126685
911	-0.0131503
912	-0.0135044
913	-0.0137466
914	-0.0140565
915	-0.014468
916	-0.0146503
917	-0.0147753
918	-0.0145826
919	-0.0143352
920	-0.0142232
921	-0.0139706
922	-0.0138586
923	-0.0138065
924	-0.0141555
925	-0.0146711
926	-0.0152987
927	-0.0157128
928	-0.0161164
929	-0.0162857
930	-0.0159055
931	-0.0155201
932	-0.0151294
933	-0.0149237
934	-0.0151919
935	-0.0156711
936	-0.0163534
937	-0.0171216
938	-0.0181086
939	-0.0188326
940	-0.0190201
941	-0.0190643
942	-0.0189836
943	-0.0188768
944	-0.0188716
945	-0.0188247
946	-0.0192414
947	-0.0201164
948	-0.0210643
949	-0.0217675
950	-0.0223013
951	-0.0224888
952	-0.0224784
953	-0.0224419
954	-0.0223352
955	-0.0226451
956	-0.0231971
957	-0.0236164
958	-0.0241034
959	-0.024468
960	-0.0246372
961	-0.0248716
962	-0.0250539
963	-0.0256086
964	-0.0259003
965	-0.0261242
966	-0.0263794
967	-0.0267284
968	-0.0269393
969	-0.0269732
970	-0.0267701
971	-0.0267961
972	-0.0271659
973	-0.0275383
974	-0.0278664
975	-0.0283273
976	-0.0286425
977	-0.0287596
978	-0.02883
979	-0.0288742
980	-0.02883
981	0.0137716
982	0.0133758
983	0.0128576
984	0.0122091
985	0.0117716
986	0.0112273
987	0.0110138
988	0.0109305
989	0.0112195
990	0.0120477
991	0.0131622
992	0.0144409
993	0.0158654
994	0.0168992
995	0.0179331
996	0.0185477
997	0.0186779
998	0.0189201
999	0.0187716
1000	0.0187326
1001	0.0185138
1002	0.0184383
1003	0.0181154
1004	0.0178497
1005	0.017782
1006	0.0177117
1007	0.0171388
1008	0.0166466
1009	0.0163081
1010	0.016394
1011	0.0163914
1012	0.0163263
1013	0.0163367
1014	0.0160398
1015	0.0158576
1016	0.0156284
1017	0.0155711
1018	0.0156727
1019	0.0153471
1020	0.0149591
1021	0.0147794
1022	0.0148628
1023	0.0145893
