0	-0.00151855
1	-0.00286132
2	-0.00225097
3	-0.00151855
4	-0.000786126
5	-0.00200683
6	-0.00225097
7	-0.0021289
8	-0.000786126
9	-0.00139648
10	-0.00200683
11	-0.00164062
12	-0.00139648
13	-0.000908196
14	-0.00103027
15	-0.00127441
16	-0.000419915
17	-0.000419915
18	-0.000419915
19	-0.000664055
20	-0.000419915
21	0.001167
22	0.00165528
23	0.00153321
24	0.00263184
25	0.00434083
26	0.00348634
27	0.00348634
28	0.00128907
29	0.00165528
30	0.00189942
31	0.000556648
32	0.00165528
33	0.00214356
34	0.00202149
35	0.00189942
36	0.00153321
37	0.00104493
38	-0.000541985
39	-5.37038e-05
40	-0.000664055
41	6.83665e-05
42	-5.37038e-05
43	6.83665e-05
44	0.000312507
45	-0.000908196
46	-0.000786126
47	-0.000786126
48	-0.00115234
49	-0.00139648
50	-0.00115234
51	-0.000786126
52	-0.00176269
53	-0.00164062
54	-0.00200683
55	-0.00151855
56	-0.000664055
57	-5.37038e-05
58	-0.000786126
59	-0.000297844
60	-0.000419915
61	-0.000908196
62	-0.00103027
63	-0.00139648
64	-0.000908196
65	6.83665e-05
66	0.0174024
67	0.0880811
68	0.252632
69	0.508369
70	0.796455
71	1.05683
72	1.26643
73	1.43098
74	1.55878
75	1.65021
76	1.70368
77	1.72285
78	1.71406
79	1.68317
80	1.63313
81	1.57185
82	1.50349
83	1.43122
84	1.36103
85	1.2923
86	1.22651
87	1.16621
88	1.11848
89	1.08332
90	1.05903
91	1.03938
92	1.0196
93	0.999092
94	0.976387
95	0.952461
96	0.92585
97	0.897041
98	0.865791
99	0.835518
100	0.806343
101	0.775703
102	0.747017
103	0.71894
104	0.692207
105	0.669136
106	0.64875
107	0.630195
108	0.613472
109	0.599189
110	0.587471
111	0.577339
112	0.568916
113	0.559883
114	0.549263
115	0.537788
116	0.526558
117	0.514351
118	0.501777
119	0.48835
120	0.476997
121	0.465156
122	0.452339
123	0.44001
124	0.428169
125	0.416084
126	0.404731
127	0.396064
128	0.385322
129	0.376045
130	0.367134
131	0.357246
132	0.349312
133	0.341621
134	0.334541
135	0.326606
136	0.318794
137	0.311836
138	0.303535
139	0.294868
140	0.287422
141	0.280952
142	0.275703
143	0.269233
144	0.264717
145	0.258247
146	0.252632
147	0.248115
148	0.245063
149	0.242012
150	0.239937
151	0.23603
152	0.231392
153	0.228096
154	0.227485
155	0.225898
156	0.224434
157	0.220161
158	0.216255
159	0.213081
160	0.208809
161	0.204414
162	0.199775
163	0.194771
164	0.189521
165	0.184395
166	0.179756
167	0.175361
168	0.171333
169	0.168037
170	0.165107
171	0.161812
172	0.159126
173	0.155952
174	0.153389
175	0.151558
176	0.150093
177	0.14814
178	0.144844
179	0.143013
180	0.141182
181	0.140327
182	0.138374
183	0.136787
184	0.136299
185	0.13459
186	0.131538
187	0.128364
188	0.126533
189	0.122749
190	0.119819
191	0.116279
192	0.113228
193	0.108955
194	0.105903
195	0.103218
196	0.102241
197	0.0997998
198	0.0987012
199	0.0957715
200	0.0941846
201	0.093208
202	0.0904004
203	0.0871045
204	0.0877149
205	0.0868604
206	0.0852734
207	0.0831982
208	0.08271
209	0.0825879
210	0.0797803
211	0.0774609
212	0.0766065
213	0.0745313
214	0.0724561
215	0.0713574
216	0.0708691
217	0.068794
218	0.0668408
219	0.065376
220	0.0622022
221	0.0607373
222	0.0597607
223	0.0575635
224	0.0525586
225	0.0506055
226	0.0512158
227	0.049751
228	0.0474316
229	0.0458447
230	0.0447461
231	0.042793
232	0.0418164
233	0.0420606
234	0.0420606
235	0.0405957
236	0.0399854
237	0.0396191
238	0.0388867
239	0.0396191
240	0.0377881
241	0.037666
242	0.0360791
243	0.0372998
244	0.0372998
245	0.0363232
246	0.0360791
247	0.0352246
248	0.0342481
249	0.0337598
250	0.0327832
251	0.0327832
252	0.0309522
253	0.0298535
254	0.0293652
255	0.0270459
256	0.02729
257	0.0260693
258	0.0244824
259	0.0226514
260	0.0221631
261	0.0209424
262	0.0188672
263	0.0170361
264	0.0177686
265	0.0172803
266	0.0172803
267	0.0170361
268	0.0163037
269	0.0159375
270	0.0163037
271	0.0156934
272	0.0147168
273	0.0153272
274	0.0154492
275	0.0163037
276	0.0148389
277	0.0136182
278	0.013252
279	0.013252
280	0.0131299
281	0.013374
282	0.0134961
283	0.0130078
284	0.013252
285	0.0125195
286	0.0128857
287	0.0121533
288	0.0106885
289	0.00983399
290	0.00849122
291	0.00885743
292	0.00592774
293	0.00531739
294	0.00458497
295	0.00507325
296	0.00409669
297	0.00385255
298	0.00324219
299	0.00299805
300	0.00226563
301	0.00165528
302	0.00250977
303	0.00226563
304	0.00202149
305	0.00275391
306	0.00312012
307	0.00324219
308	0.0023877
309	0.00177735
310	0.00128907
311	0.000922859
312	-5.37038e-05
313	-0.0021289
314	-0.00200683
315	-0.00164062
316	-0.00225097
317	-0.00237304
318	-0.00249511
319	-0.0033496
320	-0.00530273
321	-0.00481445
322	-0.0054248
323	-0.00603515
324	-0.0066455
325	-0.00676757
326	-0.00737792
327	-0.00737792
328	-0.00627929
329	-0.00713378
330	-0.00762206
331	-0.00725585
332	-0.00688964
333	-0.00701171
334	-0.00652343
335	-0.00640136
336	-0.00432616
337	-0.00505859
338	-0.00505859
339	-0.00518066
340	-0.00481445
341	-0.00444824
342	-0.00566894
343	-0.00554687
344	-0.00652343
345	-0.00652343
346	-0.00737792
347	-0.00823241
348	-0.00920898
349	-0.00908691
350	-0.00969726
351	-0.00908691
352	-0.0100635
353	-0.0104297
354	-0.0101855
355	-0.00981933
356	-0.00969726
357	-0.0111621
358	-0.0112842
359	-0.0117725
360	-0.0123828
361	-0.0122607
362	-0.0131152
363	-0.012749
364	-0.0128711
365	-0.0138476
366	-0.0140918
367	-0.0140918
368	-0.0147021
369	-0.0142139
370	-0.0150684
371	-0.0150684
372	-0.0143359
373	-0.014458
374	-0.0131152
375	-0.0125049
376	-0.0123828
377	-0.0131152
378	-0.0133594
379	-0.0136035
380	-0.0134814
381	-0.0129932
382	-0.0131152
383	-0.0129932
384	-0.0121387
385	-0.0123828
386	-0.0120166
387	-0.012749
388	-0.0118945
389	-0.0117725
390	-0.0122607
391	-0.012749
392	-0.0122607
393	-0.0120166
394	-0.0106738
395	-0.0115283
396	-0.0117725
397	-0.010918
398	-0.0111621
399	-0.0111621
400	-0.0120166
401	-0.0125049
402	-0.012749
403	-0.0134814
404	-0.0134814
405	-0.0133594
406	-0.0128711
407	-0.0134814
408	-0.0136035
409	-0.0133594
410	-0.0137256
411	-0.0128711
412	-0.0125049
413	-0.0115283
414	-0.0103076
415	-0.0103076
416	-0.0103076
417	-0.0100635
418	-0.00908691
419	-0.00847656
420	-0.00811034
421	-0.00835449
422	-0.00884277
423	-0.00969726
424	-0.0087207
425	-0.00920898
426	-0.00981933
427	-0.0103076
428	-0.0114062
429	-0.0123828
430	-0.012749
431	-0.0123828
432	-0.0126269
433	-0.0139697
434	-0.0147021
435	-0.0153125
436	-0.0145801
437	-0.0153125
438	-0.0155566
439	-0.0162891
440	-0.0162891
441	-0.0158008
442	-0.0171435
443	-0.0177539
444	-0.017998
445	-0.017876
446	-0.0172656
447	-0.0181201
448	-0.0181201
449	-0.0184863
450	-0.0183643
451	-0.0189746
452	-0.0198291
453	-0.0189746
454	-0.0198291
455	-0.0204394
456	-0.0208057
457	-0.0206836
458	-0.0199512
459	-0.0203174
460	-0.0204394
461	-0.019585
462	-0.0187305
463	-0.0187305
464	-0.017876
465	-0.017876
466	-0.0173877
467	-0.0159228
468	-0.0150684
469	-0.0148242
470	-0.0149463
471	-0.0148242
472	-0.0156787
473	-0.0150684
474	-0.0155566
475	-0.0155566
476	-0.0170215
477	-0.0177539
478	-0.0167773
479	-0.0173877
480	-0.0181201
481	-0.0184863
482	-0.0175098
483	-0.0164111
484	-0.0165332
485	-0.0168994
486	-0.0158008
487	-0.0170215
488	-0.0177539
489	-0.0173877
490	-0.0159228
491	-0.0159228
492	-0.0158008
493	-0.016167
494	-0.0175098
495	-0.0171435
496	-0.0164111
497	-0.0159228
498	-0.016167
499	-0.0159228
500	-0.0153125
501	-0.0155566
502	-0.0150684
503	-0.0147021
504	-0.0136035
505	-0.0142139
506	-0.014458
507	-0.0145801
508	-0.0156787
509	-0.0154346
510	-0.0158008
511	-0.0162891
512	-0.0159228
513	-0.0159228
514	-0.0160449
515	-0.0166553
516	-0.0173877
517	-0.017876
518	-0.0183643
519	-0.0186084
520	-0.0194629
521	-0.0186084
522	-0.0188525
523	-0.019707
524	-0.0217822
525	-0.0215381
526	-0.0203174
527	-0.0198291
528	-0.0211719
529	-0.0217822
530	-0.0216601
531	-0.0216601
532	-0.0215381
533	-0.0217822
534	-0.0220264
535	-0.0221484
536	-0.0230029
537	-0.023125
538	-0.0230029
539	-0.0228809
540	-0.0225146
541	-0.0222705
542	-0.0225146
543	-0.0216601
544	-0.0216601
545	-0.0220264
546	-0.0227588
547	-0.0227588
548	-0.0215381
549	-0.0219043
550	-0.0216601
551	-0.0222705
552	-0.0223926
553	-0.0230029
554	-0.0230029
555	-0.0233691
556	-0.0234912
557	-0.0237353
558	-0.0233691
559	-0.0234912
560	-0.0232471
561	-0.0241016
562	-0.0237353
563	-0.0234912
564	-0.0228809
565	-0.0232471
566	-0.0230029
567	-0.0230029
568	-0.0230029
569	-0.0216601
570	-0.021416
571	-0.0204394
572	-0.0212939
573	-0.0208057
574	-0.0208057
575	-0.0215381
576	-0.0219043
577	-0.0217822
578	-0.021416
579	-0.0221484
580	-0.0226367
581	-0.0223926
582	-0.0219043
583	-0.0215381
584	-0.0215381
585	-0.0215381
586	-0.0219043
587	-0.0223926
588	-0.0223926
589	-0.0227588
590	-0.0223926
591	-0.0227588
592	-0.0238574
593	-0.0239795
594	-0.0239795
595	-0.0247119
596	-0.0245898
597	-0.0245898
598	-0.0238574
599	-0.0227588
600	-0.0236133
601	-0.024956
602	-0.0244678
603	-0.024834
604	-0.0252002
605	-0.0241016
606	-0.0232471
607	-0.0233691
608	-0.0242236
609	-0.024834
610	-0.0245898
611	-0.0245898
612	-0.0250781
613	-0.024834
614	-0.0254443
615	-0.0242236
616	-0.0239795
617	-0.0250781
618	-0.024834
619	-0.0239795
620	-0.0236133
621	-0.0236133
622	-0.0244678
623	-0.0238574
624	-0.0228809
625	-0.0236133
626	-0.024834
627	-0.0241016
628	-0.0230029
629	-0.0243457
630	-0.0270312
631	-0.0245898
632	-0.0226367
633	-0.0244678
634	-0.0262988
635	-0.0247119
636	-0.0242236
637	-0.0258105
638	-0.026665
639	-0.0236133
640	-0.0222705
641	-0.0250781
642	-0.0259326
643	-0.024956
644	-0.0238574
645	-0.0232471
646	-0.0247119
647	-0.0247119
648	-0.0241016
649	-0.0233691
650	-0.0252002
651	-0.0262988
652	-0.024834
653	-0.0236133
654	-0.0259326
655	-0.0264209
656	-0.0242236
657	-0.0234912
658	-0.024834
659	-0.026665
660	-0.0244678
661	-0.0238574
662	-0.0243457
663	-0.0254443
664	-0.0253223
665	-0.0242236
666	-0.0247119
667	-0.0260547
668	-0.024956
669	-0.0223926
670	-0.0227588
671	-0.024956
672	-0.0245898
673	-0.0221484
674	-0.0210498
675	-0.0228809
676	-0.0227588
677	-0.0211719
678	-0.0199512
679	-0.021416
680	-0.0230029
681	-0.0216601
682	-0.0205615
683	-0.0212939
684	-0.0221484
685	-0.0210498
686	-0.0201953
687	-0.0201953
688	-0.0219043
689	-0.0212939
690	-0.0205615
691	-0.0206836
692	-0.0219043
693	-0.0215381
694	-0.0199512
695	-0.0201953
696	-0.0222705
697	-0.0217822
698	-0.0206836
699	-0.0206836
700	-0.0209277
701	-0.0221484
702	-0.0220264
703	-0.0212939
704	-0.0226367
705	-0.0230029
706	-0.0223926
707	-0.0212939
708	-0.0222705
709	-0.0228809
710	-0.0233691
711	-0.0237353
712	-0.0237353
713	-0.0242236
714	-0.0245898
715	-0.0220264
716	-0.0226367
717	-0.023125
718	-0.0228809
719	-0.0227588
720	-0.0230029
721	-0.0234912
722	-0.0233691
723	-0.0228809
724	-0.0223926
725	-0.0227588
726	-0.0216601
727	-0.0225146
728	-0.0237353
729	-0.0222705
730	-0.0219043
731	-0.0217822
732	-0.0217822
733	-0.0204394
734	-0.0204394
735	-0.0222705
736	-0.0208057
737	-0.0208057
738	-0.0211719
739	-0.0215381
740	-0.0217822
741	-0.0212939
742	-0.0225146
743	-0.0217822
744	-0.021416
745	-0.0230029
746	-0.0223926
747	-0.0225146
748	-0.0230029
749	-0.0243457
750	-0.0242236
751	-0.0234912
752	-0.0232471
753	-0.0234912
754	-0.0226367
755	-0.0225146
756	-0.0225146
757	-0.0219043
758	-0.0222705
759	-0.0223926
760	-0.0222705
761	-0.0233691
762	-0.0233691
763	-0.0236133
764	-0.0230029
765	-0.0230029
766	-0.0233691
767	-0.0227588
768	-0.0232471
769	-0.023125
770	-0.0234912
771	-0.0233691
772	-0.0227588
773	-0.0222705
774	-0.0225146
775	-0.0227588
776	-0.0219043
777	-0.0220264
778	-0.0220264
779	-0.0223926
780	-0.0220264
781	-0.0233691
782	-0.0242236
783	-0.0238574
784	-0.0242236
785	-0.0237353
786	-0.0243457
787	-0.0247119
788	-0.0234912
789	-0.0230029
790	-0.0238574
791	-0.0223926
792	-0.0215381
793	-0.0211719
794	-0.0203174
795	-0.0193408
796	-0.0190967
797	-0.0182422
798	-0.0186084
799	-0.0183643
800	-0.0188525
801	-0.0182422
802	-0.0176318
803	-0.0165332
804	-0.016167
805	-0.0166553
806	-0.0165332
807	-0.0166553
808	-0.0172656
809	-0.0171435
810	-0.0175098
811	-0.0176318
812	-0.0176318
813	-0.0173877
814	-0.0183643
815	-0.017998
816	-0.019585
817	-0.0187305
818	-0.0186084
819	-0.0177539
820	-0.0170215
821	-0.0177539
822	-0.017876
823	-0.0170215
824	-0.0155566
825	-0.0159228
826	-0.0159228
827	-0.0166553
828	-0.017876
829	-0.0167773
830	-0.0176318
831	-0.0176318
832	-0.0168994
833	-0.0175098
834	-0.0183643
835	-0.0190967
836	-0.0193408
837	-0.0201953
838	-0.0201953
839	-0.0203174
840	-0.021416
841	-0.0200732
842	-0.0205615
843	-0.0201953
844	-0.0199512
845	-0.0198291
846	-0.0210498
847	-0.0203174
848	-0.0209277
849	-0.0211719
850	-0.021416
851	-0.0206836
852	-0.0206836
853	-0.0205615
854	-0.0223926
855	-0.0225146
856	-0.0225146
857	-0.0223926
858	-0.0225146
859	-0.0217822
860	-0.0217822
861	-0.0226367
862	-0.0227588
863	-0.0223926
864	-0.0226367
865	-0.0227588
866	-0.0233691
867	-0.0238574
868	-0.0228809
869	-0.0232471
870	-0.0228809
871	-0.0227588
872	-0.0225146
873	-0.0228809
874	-0.0236133
875	-0.0232471
876	-0.023125
877	-0.0228809
878	-0.0242236
879	-0.0243457
880	-0.0244678
881	-0.0239795
882	-0.0241016
883	-0.024956
884	-0.0245898
885	-0.0243457
886	-0.024956
887	-0.0245898
888	-0.0243457
889	-0.0230029
890	-0.0228809
891	-0.0234912
892	-0.0241016
893	-0.0238574
894	-0.0236133
895	-0.0223926
896	-0.0225146
897	-0.0223926
898	-0.0227588
899	-0.0221484
900	-0.0223926
901	-0.0222705
902	-0.0234912
903	-0.0236133
904	-0.0242236
905	-0.023125
906	-0.0232471
907	-0.0230029
908	-0.0223926
909	-0.0210498
910	-0.0216601
911	-0.0222705
912	-0.0217822
913	-0.0205615
914	-0.0219043
915	-0.0212939
916	-0.0199512
917	-0.0193408
918	-0.0203174
919	-0.0193408
920	-0.019585
921	-0.0194629
922	-0.0203174
923	-0.0203174
924	-0.0206836
925	-0.0205615
926	-0.0205615
927	-0.0201953
928	-0.0206836
929	-0.021416
930	-0.0212939
931	-0.0225146
932	-0.0221484
933	-0.0223926
934	-0.0216601
935	-0.0222705
936	-0.0225146
937	-0.0215381
938	-0.0215381
939	-0.0232471
940	-0.0247119
941	-0.0225146
942	-0.0212939
943	-0.0225146
944	-0.0226367
945	-0.0217822
946	-0.0219043
947	-0.0237353
948	-0.0228809
949	-0.0223926
950	-0.0211719
951	-0.0217822
952	-0.0212939
953	-0.0203174
954	-0.019585
955	-0.019707
956	-0.0194629
957	-0.0203174
958	-0.0193408
959	-0.0194629
960	-0.0203174
961	-0.021416
962	-0.019707
963	-0.0184863
964	-0.0190967
965	-0.019585
966	-0.017998
967	-0.0172656
968	-0.0190967
969	-0.0192187
970	-0.0187305
971	-0.0181201
972	-0.0183643
973	-0.0192187
974	-0.019585
975	-0.0193408
976	-0.0193408
977	-0.0205615
978	-0.0206836
979	-0.0205615
980	-0.0204394
981	-0.0212939
982	-0.0203174
983	-0.0194629
984	-0.0204394
985	-0.0215381
986	-0.0219043
987	-0.0209277
988	-0.0203174
989	-0.021416
990	-0.0223926
991	-0.0219043
992	-0.0212939
993	-0.0222705
994	-0.0226367
995	-0.0211719
996	-0.019707
997	-0.0204394
998	-0.0211719
999	-0.0217822
1000	-0.0199512
1001	-0.0199512
1002	-0.0209277
1003	-0.0203174
1004	-0.019707
1005	-0.0200732
1006	-0.0206836
1007	-0.0194629
1008	-0.0190967
1009	-0.0183643
1010	-0.0212939
1011	-0.0211719
1012	-0.0205615
1013	-0.0199512
1014	-0.0205615
1015	-0.0210498
1016	-0.0208057
1017	-0.0200732
1018	-0.0199512
1019	-0.0209277
1020	-0.0215381
1021	-0.0212939
1022	-0.0215381
1023	-0.0212939
