0	-0.000319809
1	-0.00178465
2	0.000168473
3	0.000290543
4	0.000534683
5	-0.00166258
6	-0.000441879
7	0.00102296
8	0.00138918
9	0.00102296
10	0.000168473
11	0.000900894
12	0.000534683
13	0.00114504
14	0.000656754
15	-7.56681e-05
16	-0.00068602
17	-0.000197738
18	0.000656754
19	-0.000563949
20	0.000412613
21	0.000168473
22	0.00114504
23	0.000900894
24	0.00102296
25	0.000168473
26	0.000900894
27	0.000412613
28	0.000412613
29	0.000412613
30	-0.000197738
31	4.64022e-05
32	4.64022e-05
33	0.000900894
34	0.000900894
35	-7.56681e-05
36	-0.000197738
37	-0.00178465
38	-0.00129637
39	-7.56681e-05
40	-0.00080809
41	-0.000319809
42	-0.0011743
43	-0.0011743
44	0.000168473
45	-0.000563949
46	-0.000319809
47	-0.00068602
48	-0.00080809
49	-0.00129637
50	-0.00105223
51	-0.000319809
52	-0.00068602
53	-0.00080809
54	-0.00093016
55	-0.000319809
56	0.000656754
57	0.00138918
58	0.00187746
59	0.00224367
60	0.00260988
61	0.00248781
62	0.00260988
63	0.00322023
64	0.0021216
65	0.00639406
66	0.0337378
67	0.122727
68	0.303879
69	0.563035
70	0.843064
71	1.09172
72	1.29057
73	1.44341
74	1.55754
75	1.63396
76	1.67497
77	1.6851
78	1.66802
79	1.63054
80	1.5789
81	1.51677
82	1.44841
83	1.37785
84	1.3084
85	1.24101
86	1.17876
87	1.1237
88	1.08318
89	1.05632
90	1.03728
91	1.0186
92	1.00005
93	0.979783
94	0.957322
95	0.933396
96	0.90825
97	0.879807
98	0.85051
99	0.820725
100	0.790085
101	0.762131
102	0.735398
103	0.71074
104	0.687302
105	0.666428
106	0.647141
107	0.629075
108	0.613206
109	0.599167
110	0.586838
111	0.575486
112	0.564255
113	0.553391
114	0.542771
115	0.532761
116	0.521653
117	0.510056
118	0.498459
119	0.484788
120	0.472092
121	0.460251
122	0.448533
123	0.435471
124	0.424241
125	0.411423
126	0.399827
127	0.388352
128	0.378098
129	0.367722
130	0.358567
131	0.349412
132	0.340378
133	0.332566
134	0.325852
135	0.318772
136	0.312302
137	0.304978
138	0.298386
139	0.291917
140	0.285447
141	0.280076
142	0.273606
143	0.267991
144	0.262253
145	0.255662
146	0.251145
147	0.246873
148	0.243088
149	0.238572
150	0.233689
151	0.228196
152	0.222092
153	0.216965
154	0.212205
155	0.206834
156	0.202439
157	0.1978
158	0.193894
159	0.190476
160	0.188157
161	0.185105
162	0.184373
163	0.184251
164	0.182786
165	0.181077
166	0.17949
167	0.177048
168	0.17363
169	0.170823
170	0.167161
171	0.164719
172	0.162034
173	0.157883
174	0.154343
175	0.150681
176	0.148118
177	0.144089
178	0.14116
179	0.137498
180	0.134202
181	0.132981
182	0.13176
183	0.129563
184	0.127976
185	0.12761
186	0.12761
187	0.127976
188	0.127854
189	0.12822
190	0.127122
191	0.126145
192	0.125657
193	0.122849
194	0.12053
195	0.119187
196	0.117966
197	0.115647
198	0.114915
199	0.113084
200	0.110764
201	0.109055
202	0.106614
203	0.10283
204	0.0997778
205	0.0970923
206	0.0941626
207	0.0923316
208	0.091355
209	0.0907446
210	0.0894019
211	0.0885474
212	0.087815
213	0.0886694
214	0.0873267
215	0.0886694
216	0.0883032
217	0.0873267
218	0.0872046
219	0.0854956
220	0.0839087
221	0.0815894
222	0.080979
223	0.0806128
224	0.0786597
225	0.0765845
226	0.0759741
227	0.0743872
228	0.072312
229	0.070481
230	0.068772
231	0.0665747
232	0.0642554
233	0.0634009
234	0.0612036
235	0.0586402
236	0.0585181
237	0.0575415
238	0.0560767
239	0.0552222
240	0.0543677
241	0.0530249
242	0.0516821
243	0.0526587
244	0.0527808
245	0.0516821
246	0.0503394
247	0.0487525
248	0.0481421
249	0.0467993
250	0.0449683
251	0.0447241
252	0.0428931
253	0.0398413
254	0.037522
255	0.0347144
256	0.0333716
257	0.0331275
258	0.0314185
259	0.032395
260	0.0319068
261	0.0315405
262	0.0306861
263	0.0299536
264	0.0297095
265	0.0292212
266	0.0282446
267	0.0273902
268	0.0277564
269	0.0259253
270	0.0259253
271	0.0260474
272	0.0262915
273	0.0265357
274	0.0267798
275	0.0272681
276	0.0261694
277	0.0255591
278	0.0250708
279	0.0244605
280	0.0250708
281	0.025315
282	0.027146
283	0.0273902
284	0.0284888
285	0.0295874
286	0.0284888
287	0.0282446
288	0.0272681
289	0.0267798
290	0.0248267
291	0.0238501
292	0.0228736
293	0.021897
294	0.0209204
295	0.0199439
296	0.0188452
297	0.018479
298	0.0172583
299	0.0155493
300	0.0142066
301	0.0137183
302	0.0128638
303	0.0128638
304	0.0118872
305	0.0117652
306	0.0116431
307	0.0112769
308	0.0110327
309	0.0103003
310	0.0103003
311	0.0100562
312	0.00920168
313	0.00846925
314	0.00883546
315	0.00761476
316	0.00602785
317	0.00553957
318	0.0054175
319	0.00468507
320	0.00273195
321	0.00151125
322	0.00187746
323	0.00151125
324	-0.000197738
325	-7.56681e-05
326	-0.000441879
327	-0.00068602
328	-0.00105223
329	-0.00068602
330	-0.0011743
331	-0.00202879
332	-0.00093016
333	-0.002395
334	-0.00312743
335	-0.00337157
336	-0.00300536
337	-0.00398192
338	-0.00495848
339	-0.00471434
340	-0.00508055
341	-0.00605711
342	-0.00605711
343	-0.00691161
344	-0.00715575
345	-0.00642332
346	-0.00715575
347	-0.00630125
348	-0.00642332
349	-0.00715575
350	-0.00862059
351	-0.00935301
352	-0.00788817
353	-0.00910887
354	-0.00959715
355	-0.0103296
356	-0.0102075
357	-0.0100854
358	-0.00935301
359	-0.0089868
360	-0.00825438
361	-0.00813231
362	-0.00727782
363	-0.00630125
364	-0.00556883
365	-0.00398192
366	-0.00495848
367	-0.00398192
368	-0.00422606
369	-0.00312743
370	-0.00349364
371	-0.00471434
372	-0.00471434
373	-0.00410399
374	-0.00373778
375	-0.00495848
376	-0.0044702
377	-0.0032495
378	-0.00422606
379	-0.0032495
380	-0.0032495
381	-0.00288329
382	-0.00276121
383	-0.00373778
384	-0.00398192
385	-0.00520262
386	-0.00508055
387	-0.00654539
388	-0.00654539
389	-0.00691161
390	-0.00678954
391	-0.00727782
392	-0.00801024
393	-0.00862059
394	-0.00947508
395	-0.00862059
396	-0.00959715
397	-0.00971922
398	-0.00825438
399	-0.00813231
400	-0.00801024
401	-0.00825438
402	-0.00764403
403	-0.00825438
404	-0.00727782
405	-0.00801024
406	-0.00727782
407	-0.00715575
408	-0.00764403
409	-0.00691161
410	-0.00788817
411	-0.00837645
412	-0.00923094
413	-0.00910887
414	-0.00849852
415	-0.00886473
416	-0.00886473
417	-0.0103296
418	-0.0100854
419	-0.0100854
420	-0.0102075
421	-0.00984129
422	-0.0100854
423	-0.0105737
424	-0.0106958
425	-0.00923094
426	-0.00935301
427	-0.00837645
428	-0.00874266
429	-0.00825438
430	-0.00788817
431	-0.00862059
432	-0.0089868
433	-0.00813231
434	-0.0089868
435	-0.0102075
436	-0.0102075
437	-0.0115503
438	-0.0114282
439	-0.011062
440	-0.0113061
441	-0.0111841
442	-0.0121606
443	-0.0125268
444	-0.0126489
445	-0.0133813
446	-0.0137475
447	-0.0139917
448	-0.0142358
449	-0.01448
450	-0.0133813
451	-0.0136255
452	-0.012771
453	-0.0131372
454	-0.0126489
455	-0.0136255
456	-0.0139917
457	-0.012771
458	-0.0124048
459	-0.0135034
460	-0.0149682
461	-0.0152124
462	-0.0158227
463	-0.0154565
464	-0.0155786
465	-0.0158227
466	-0.0161889
467	-0.0169214
468	-0.0170434
469	-0.0170434
470	-0.01802
471	-0.0172876
472	-0.0169214
473	-0.0177759
474	-0.01802
475	-0.0186304
476	-0.0181421
477	-0.0182641
478	-0.0189966
479	-0.0194848
480	-0.0192407
481	-0.0192407
482	-0.0182641
483	-0.0165552
484	-0.0171655
485	-0.0172876
486	-0.0169214
487	-0.0174097
488	-0.0172876
489	-0.0182641
490	-0.0188745
491	-0.0177759
492	-0.0175317
493	-0.0176538
494	-0.0174097
495	-0.0181421
496	-0.0177759
497	-0.0174097
498	-0.0174097
499	-0.01802
500	-0.01802
501	-0.0181421
502	-0.0171655
503	-0.0178979
504	-0.0167993
505	-0.0169214
506	-0.0172876
507	-0.0175317
508	-0.0177759
509	-0.0188745
510	-0.0191186
511	-0.0207056
512	-0.0202173
513	-0.0200952
514	-0.0207056
515	-0.0211938
516	-0.021438
517	-0.0211938
518	-0.0213159
519	-0.0211938
520	-0.0211938
521	-0.0219263
522	-0.0224145
523	-0.0225366
524	-0.0221704
525	-0.0224145
526	-0.0218042
527	-0.0226587
528	-0.0218042
529	-0.02156
530	-0.0226587
531	-0.0222925
532	-0.0236352
533	-0.0222925
534	-0.0221704
535	-0.0218042
536	-0.0225366
537	-0.0221704
538	-0.0204614
539	-0.0199731
540	-0.0210718
541	-0.0194848
542	-0.0193628
543	-0.0196069
544	-0.0181421
545	-0.0192407
546	-0.0198511
547	-0.02156
548	-0.0211938
549	-0.0209497
550	-0.0209497
551	-0.0208276
552	-0.0202173
553	-0.0211938
554	-0.021438
555	-0.0222925
556	-0.0218042
557	-0.0209497
558	-0.0196069
559	-0.0207056
560	-0.0202173
561	-0.0199731
562	-0.0194848
563	-0.0189966
564	-0.0186304
565	-0.0182641
566	-0.0196069
567	-0.0196069
568	-0.019729
569	-0.0192407
570	-0.019729
571	-0.0196069
572	-0.0200952
573	-0.0198511
574	-0.0205835
575	-0.0198511
576	-0.0199731
577	-0.0188745
578	-0.0188745
579	-0.0191186
580	-0.0203393
581	-0.0208276
582	-0.0208276
583	-0.0210718
584	-0.0205835
585	-0.0200952
586	-0.0209497
587	-0.0202173
588	-0.0203393
589	-0.019729
590	-0.0199731
591	-0.0200952
592	-0.02156
593	-0.02156
594	-0.021438
595	-0.0208276
596	-0.0208276
597	-0.0220483
598	-0.0222925
599	-0.0216821
600	-0.0213159
601	-0.0213159
602	-0.02156
603	-0.0202173
604	-0.0198511
605	-0.0207056
606	-0.0205835
607	-0.0202173
608	-0.0209497
609	-0.0216821
610	-0.0211938
611	-0.0205835
612	-0.0203393
613	-0.0219263
614	-0.021438
615	-0.0213159
616	-0.021438
617	-0.0208276
618	-0.0198511
619	-0.0199731
620	-0.0188745
621	-0.0198511
622	-0.0188745
623	-0.01802
624	-0.0187524
625	-0.0177759
626	-0.0200952
627	-0.0203393
628	-0.0209497
629	-0.0205835
630	-0.021438
631	-0.02156
632	-0.0220483
633	-0.0227807
634	-0.0225366
635	-0.02156
636	-0.0202173
637	-0.02156
638	-0.0210718
639	-0.0204614
640	-0.0202173
641	-0.0189966
642	-0.0192407
643	-0.0196069
644	-0.019729
645	-0.019729
646	-0.0192407
647	-0.0189966
648	-0.0202173
649	-0.0205835
650	-0.0225366
651	-0.0225366
652	-0.0221704
653	-0.0209497
654	-0.021438
655	-0.0227807
656	-0.0226587
657	-0.0227807
658	-0.0219263
659	-0.0236352
660	-0.0218042
661	-0.0225366
662	-0.02156
663	-0.0230249
664	-0.0229028
665	-0.0224145
666	-0.0229028
667	-0.0226587
668	-0.0219263
669	-0.0221704
670	-0.0216821
671	-0.0229028
672	-0.023269
673	-0.0216821
674	-0.0227807
675	-0.023147
676	-0.023147
677	-0.0225366
678	-0.0218042
679	-0.0225366
680	-0.023269
681	-0.0229028
682	-0.0229028
683	-0.0222925
684	-0.0227807
685	-0.0220483
686	-0.0224145
687	-0.0220483
688	-0.0230249
689	-0.021438
690	-0.0221704
691	-0.0218042
692	-0.0221704
693	-0.0222925
694	-0.0219263
695	-0.0216821
696	-0.0227807
697	-0.0226587
698	-0.0220483
699	-0.0227807
700	-0.0236352
701	-0.0233911
702	-0.0227807
703	-0.0225366
704	-0.0225366
705	-0.0224145
706	-0.0224145
707	-0.0227807
708	-0.0224145
709	-0.0224145
710	-0.0218042
711	-0.0221704
712	-0.0237573
713	-0.023269
714	-0.0235132
715	-0.0236352
716	-0.0235132
717	-0.0237573
718	-0.0226587
719	-0.023147
720	-0.0235132
721	-0.0244897
722	-0.0233911
723	-0.0225366
724	-0.0224145
725	-0.0227807
726	-0.0233911
727	-0.0236352
728	-0.0236352
729	-0.0235132
730	-0.0225366
731	-0.023147
732	-0.0230249
733	-0.0235132
734	-0.0246118
735	-0.0251001
736	-0.0241235
737	-0.0230249
738	-0.0237573
739	-0.0240014
740	-0.0230249
741	-0.0240014
742	-0.0243677
743	-0.0225366
744	-0.0230249
745	-0.0238794
746	-0.0246118
747	-0.0241235
748	-0.0235132
749	-0.0241235
750	-0.0236352
751	-0.0229028
752	-0.0236352
753	-0.0236352
754	-0.0230249
755	-0.0225366
756	-0.0224145
757	-0.0241235
758	-0.023147
759	-0.0229028
760	-0.0230249
761	-0.0235132
762	-0.0227807
763	-0.0230249
764	-0.0229028
765	-0.0240014
766	-0.0238794
767	-0.023269
768	-0.0227807
769	-0.0226587
770	-0.0218042
771	-0.0224145
772	-0.0229028
773	-0.0227807
774	-0.023147
775	-0.0238794
776	-0.0226587
777	-0.0222925
778	-0.0229028
779	-0.0218042
780	-0.0224145
781	-0.0225366
782	-0.023269
783	-0.0229028
784	-0.0222925
785	-0.023147
786	-0.0222925
787	-0.0221704
788	-0.0224145
789	-0.0225366
790	-0.0227807
791	-0.0225366
792	-0.0221704
793	-0.0233911
794	-0.0233911
795	-0.0227807
796	-0.0225366
797	-0.0235132
798	-0.0241235
799	-0.0230249
800	-0.0226587
801	-0.0241235
802	-0.0238794
803	-0.023147
804	-0.0226587
805	-0.0235132
806	-0.0235132
807	-0.023147
808	-0.023147
809	-0.0235132
810	-0.0236352
811	-0.0230249
812	-0.0230249
813	-0.0224145
814	-0.0221704
815	-0.0218042
816	-0.0221704
817	-0.0227807
818	-0.0227807
819	-0.0230249
820	-0.023269
821	-0.0225366
822	-0.0224145
823	-0.0225366
824	-0.0222925
825	-0.0225366
826	-0.0225366
827	-0.0218042
828	-0.0208276
829	-0.0207056
830	-0.0205835
831	-0.0203393
832	-0.019729
833	-0.0186304
834	-0.0175317
835	-0.0177759
836	-0.0176538
837	-0.0187524
838	-0.0181421
839	-0.0183862
840	-0.0191186
841	-0.0186304
842	-0.0199731
843	-0.019729
844	-0.0196069
845	-0.0194848
846	-0.0191186
847	-0.0172876
848	-0.0161889
849	-0.0171655
850	-0.0172876
851	-0.0166772
852	-0.0169214
853	-0.0160669
854	-0.01802
855	-0.0188745
856	-0.0193628
857	-0.0189966
858	-0.0194848
859	-0.0196069
860	-0.0188745
861	-0.0183862
862	-0.0188745
863	-0.0192407
864	-0.0194848
865	-0.0193628
866	-0.0188745
867	-0.0182641
868	-0.0181421
869	-0.0183862
870	-0.0187524
871	-0.0196069
872	-0.0193628
873	-0.0194848
874	-0.0198511
875	-0.0200952
876	-0.0194848
877	-0.0189966
878	-0.0187524
879	-0.0198511
880	-0.019729
881	-0.0196069
882	-0.0186304
883	-0.019729
884	-0.0196069
885	-0.0196069
886	-0.0199731
887	-0.0205835
888	-0.0207056
889	-0.0209497
890	-0.0205835
891	-0.0200952
892	-0.0203393
893	-0.0208276
894	-0.0209497
895	-0.0200952
896	-0.0219263
897	-0.0216821
898	-0.0209497
899	-0.019729
900	-0.0194848
901	-0.0198511
902	-0.019729
903	-0.0181421
904	-0.0176538
905	-0.0167993
906	-0.016311
907	-0.0166772
908	-0.0165552
909	-0.0170434
910	-0.0178979
911	-0.0176538
912	-0.0166772
913	-0.0169214
914	-0.0183862
915	-0.0183862
916	-0.0182641
917	-0.01802
918	-0.01802
919	-0.0185083
920	-0.0174097
921	-0.0169214
922	-0.0165552
923	-0.0181421
924	-0.0182641
925	-0.0171655
926	-0.0171655
927	-0.0161889
928	-0.0171655
929	-0.0171655
930	-0.0160669
931	-0.0161889
932	-0.0176538
933	-0.0182641
934	-0.01802
935	-0.0185083
936	-0.0175317
937	-0.01802
938	-0.0176538
939	-0.0188745
940	-0.0188745
941	-0.0181421
942	-0.0181421
943	-0.0191186
944	-0.0199731
945	-0.01802
946	-0.0169214
947	-0.0182641
948	-0.0196069
949	-0.0191186
950	-0.0193628
951	-0.0192407
952	-0.0182641
953	-0.0178979
954	-0.0187524
955	-0.0191186
956	-0.0192407
957	-0.0194848
958	-0.0188745
959	-0.0186304
960	-0.0186304
961	-0.0189966
962	-0.0182641
963	-0.0178979
964	-0.0186304
965	-0.0198511
966	-0.0182641
967	-0.0185083
968	-0.0198511
969	-0.0189966
970	-0.0187524
971	-0.0193628
972	-0.0193628
973	-0.0205835
974	-0.0191186
975	-0.0194848
976	-0.019729
977	-0.0208276
978	-0.0196069
979	-0.0196069
980	-0.0185083
981	-0.0183862
982	-0.0185083
983	-0.0178979
984	-0.0176538
985	-0.0187524
986	-0.0199731
987	-0.0196069
988	-0.0198511
989	-0.019729
990	-0.0192407
991	-0.0194848
992	-0.0187524
993	-0.019729
994	-0.019729
995	-0.0192407
996	-0.0196069
997	-0.0181421
998	-0.0204614
999	-0.019729
1000	-0.0194848
1001	-0.0207056
1002	-0.0204614
1003	-0.0205835
1004	-0.0193628
1005	-0.0193628
1006	-0.0198511
1007	-0.0200952
1008	-0.0205835
1009	-0.0202173
1010	-0.0202173
1011	-0.0196069
1012	-0.0193628
1013	-0.0188745
1014	-0.0191186
1015	-0.0194848
1016	-0.0182641
1017	-0.01802
1018	-0.0178979
1019	-0.0185083
1020	-0.0199731
1021	-0.0196069
1022	-0.0196069
1023	-0.0194848
