0	0.00010136
1	0.000109173
2	6.75062e-05
3	0.000156048
4	6.4902e-05
5	-6.0098e-05
6	-0.000213744
7	-0.000237181
8	-0.000289265
9	-0.000299681
10	-0.00014864
11	-0.000156452
12	-2.8848e-05
13	-0.000143431
14	-2.62438e-05
15	-2.36397e-05
16	6.75062e-05
17	-1.06188e-05
18	-3.66605e-05
19	3.3652e-05
20	-9.91605e-05
21	-0.000164265
22	-3.40563e-05
23	2.58395e-05
24	7.27145e-05
25	1.8027e-05
26	8.83395e-05
27	-3.66605e-05
28	8.83395e-05
29	0.000106569
30	1.28187e-05
31	8.57353e-05
32	-4.96813e-05
33	1.8027e-05
34	-7.05147e-05
35	-8.01468e-06
36	-1.58272e-05
37	-2.02179e-07
38	-0.000133015
39	-0.000151244
40	-0.000177286
41	0.000106569
42	0.000106569
43	5.00615e-06
44	0.000111777
45	0.00016386
46	0.00019511
47	0.000223756
48	0.00025761
49	0.000327923
50	0.000223756
51	8.31312e-05
52	0.000356569
53	0.000442506
54	0.000439902
55	0.000439902
56	0.00069511
57	0.00238521
58	0.00919771
59	0.0302654
60	0.0796977
61	0.165068
62	0.279315
63	0.406924
64	0.533609
65	0.652263
66	0.759185
67	0.853237
68	0.933679
69	1.00105
70	1.05625
71	1.10028
72	1.13497
73	1.1615
74	1.18162
75	1.1966
76	1.20756
77	1.21518
78	1.22054
79	1.22446
80	1.22815
81	1.23327
82	1.24082
83	1.24999
84	1.25969
85	1.26875
86	1.27668
87	1.28255
88	1.28671
89	1.28907
90	1.2898
91	1.28899
92	1.28655
93	1.28302
94	1.27855
95	1.27344
96	1.26781
97	1.26169
98	1.25512
99	1.24822
100	1.24127
101	1.23376
102	1.2265
103	1.21941
104	1.21253
105	1.20584
106	1.19894
107	1.19199
108	1.18478
109	1.17752
110	1.16998
111	1.16248
112	1.15449
113	1.14617
114	1.13771
115	1.12912
116	1.12026
117	1.11142
118	1.10233
119	1.09336
120	1.08432
121	1.07523
122	1.06616
123	1.05713
124	1.04797
125	1.03895
126	1.02993
127	1.02108
128	1.01206
129	1.00316
130	0.994247
131	0.985443
132	0.976521
133	0.967518
134	0.95889
135	0.950344
136	0.942008
137	0.933799
138	0.925377
139	0.917286
140	0.909153
141	0.900745
142	0.892495
143	0.884273
144	0.875971
145	0.867737
146	0.859357
147	0.850935
148	0.842521
149	0.834187
150	0.825812
151	0.817362
152	0.808862
153	0.800536
154	0.792286
155	0.784289
156	0.776669
157	0.769885
158	0.763414
159	0.757406
160	0.751492
161	0.745453
162	0.73957
163	0.733234
164	0.726815
165	0.720107
166	0.713299
167	0.706427
168	0.699359
169	0.69214
170	0.684653
171	0.677112
172	0.669833
173	0.662677
174	0.655849
175	0.648778
176	0.641901
177	0.635325
178	0.628909
179	0.622614
180	0.616573
181	0.61032
182	0.604294
183	0.598406
184	0.592284
185	0.586232
186	0.58013
187	0.573984
188	0.567943
189	0.561984
190	0.555958
191	0.550031
192	0.54388
193	0.537591
194	0.531515
195	0.525669
196	0.52001
197	0.514539
198	0.509159
199	0.503711
200	0.498505
201	0.492992
202	0.487562
203	0.481924
204	0.476732
205	0.4715
206	0.466153
207	0.460901
208	0.455568
209	0.450601
210	0.445562
211	0.440739
212	0.435818
213	0.430732
214	0.425831
215	0.420943
216	0.416114
217	0.41145
218	0.406716
219	0.402414
220	0.397893
221	0.393448
222	0.388752
223	0.384354
224	0.37995
225	0.375627
226	0.371479
227	0.367383
228	0.363377
229	0.35938
230	0.355422
231	0.351643
232	0.347708
233	0.343781
234	0.339841
235	0.33581
236	0.331797
237	0.327776
238	0.32406
239	0.320385
240	0.316916
241	0.313497
242	0.310229
243	0.30681
244	0.303614
245	0.300331
246	0.296992
247	0.293541
248	0.29038
249	0.287635
250	0.285984
251	0.285359
252	0.285401
253	0.285601
254	0.285528
255	0.285289
256	0.284862
257	0.284193
258	0.283193
259	0.281823
260	0.280148
261	0.278127
262	0.276018
263	0.273679
264	0.271443
265	0.269133
266	0.266549
267	0.263945
268	0.261133
269	0.25844
270	0.255635
271	0.252916
272	0.250552
273	0.248091
274	0.245695
275	0.243372
276	0.240807
277	0.238419
278	0.235922
279	0.233367
280	0.230679
281	0.228169
282	0.225646
283	0.223133
284	0.220737
285	0.218393
286	0.21606
287	0.213784
288	0.211599
289	0.209406
290	0.207258
291	0.20501
292	0.202633
293	0.200351
294	0.198289
295	0.196323
296	0.194284
297	0.192193
298	0.19014
299	0.188107
300	0.18569
301	0.183614
302	0.181651
303	0.179594
304	0.177812
305	0.175828
306	0.173724
307	0.171713
308	0.169755
309	0.167578
310	0.165614
311	0.163982
312	0.162015
313	0.160265
314	0.158536
315	0.156885
316	0.155099
317	0.15332
318	0.151607
319	0.149807
320	0.147903
321	0.146159
322	0.144364
323	0.142716
324	0.141112
325	0.139174
326	0.137445
327	0.135763
328	0.134148
329	0.132781
330	0.131351
331	0.13031
332	0.129432
333	0.128357
334	0.127416
335	0.126844
336	0.12663
337	0.126471
338	0.126427
339	0.126107
340	0.125698
341	0.125159
342	0.124479
343	0.123672
344	0.12281
345	0.121747
346	0.120901
347	0.12001
348	0.119338
349	0.118896
350	0.118552
351	0.118174
352	0.117844
353	0.117094
354	0.116568
355	0.115734
356	0.114948
357	0.114148
358	0.113252
359	0.112573
360	0.111974
361	0.111265
362	0.110336
363	0.10926
364	0.10814
365	0.107203
366	0.106094
367	0.104943
368	0.10369
369	0.102656
370	0.101502
371	0.100414
372	0.0993722
373	0.0982498
374	0.097229
375	0.096117
376	0.0948331
377	0.0936196
378	0.092518
379	0.091505
380	0.0903514
381	0.0893149
382	0.0880649
383	0.0869008
384	0.085906
385	0.0847706
386	0.0835909
387	0.0821951
388	0.0809685
389	0.0798435
390	0.0786925
391	0.077531
392	0.0764113
393	0.0753696
394	0.0742055
395	0.0729712
396	0.0717941
397	0.0706691
398	0.0698748
399	0.0688175
400	0.0680284
401	0.0669659
402	0.066229
403	0.0652081
404	0.0642732
405	0.0632342
406	0.0623253
407	0.0613409
408	0.0602498
409	0.0594373
410	0.0586665
411	0.0578722
412	0.057156
413	0.0564868
414	0.0558982
415	0.0550701
416	0.0544425
417	0.0537915
418	0.0531222
419	0.0523383
420	0.0515493
421	0.0508435
422	0.050005
423	0.049143
424	0.0483253
425	0.0474868
426	0.0468201
427	0.0460753
428	0.0451196
429	0.0444607
430	0.0437889
431	0.0430571
432	0.0422498
433	0.041354
434	0.0407576
435	0.0401456
436	0.0394685
437	0.0387212
438	0.0380909
439	0.0375857
440	0.0374087
441	0.0372133
442	0.0371795
443	0.0378019
444	0.0387212
445	0.0395232
446	0.0404581
447	0.0412368
448	0.041906
449	0.0421326
450	0.0423488
451	0.0426066
452	0.0423644
453	0.0421066
454	0.0419165
455	0.0414607
456	0.0409946
457	0.0404087
458	0.039893
459	0.0394034
460	0.0387706
461	0.0381977
462	0.0378826
463	0.0371847
464	0.0367107
465	0.03613
466	0.0357055
467	0.035281
468	0.0348774
469	0.0344008
470	0.0337758
471	0.0331404
472	0.0324633
473	0.0318852
474	0.0313878
475	0.0309139
476	0.0302628
477	0.0296118
478	0.0294685
479	0.0292133
480	0.0290232
481	0.02888
482	0.028518
483	0.0281899
484	0.0277498
485	0.0274764
486	0.027104
487	0.0269113
488	0.0264842
489	0.0260935
490	0.0255805
491	0.0251873
492	0.024643
493	0.0240076
494	0.0234633
495	0.0230727
496	0.0223383
497	0.0216248
498	0.0211196
499	0.0205883
500	0.0199191
501	0.0191717
502	0.0184087
503	0.0178045
504	0.0170779
505	0.0164191
506	0.0157915
507	0.0152837
508	0.0147107
509	0.0140753
510	0.0136144
511	0.012979
512	0.0123878
513	0.0118462
514	0.0111482
515	0.0106613
516	0.010117
517	0.00952844
518	0.00908053
519	0.00852584
520	0.00797896
521	0.00741646
522	0.00679407
523	0.00614824
524	0.00566907
525	0.00508574
526	0.00453886
527	0.00403626
528	0.0036274
529	0.00316646
530	0.00282011
531	0.00247115
532	0.00220813
533	0.00167688
534	0.00139563
535	0.00100761
536	0.000781048
537	0.000372194
538	0.000169069
539	0.000265423
540	0.000929485
541	0.00192949
542	0.00348678
543	0.00483834
544	0.00586438
545	0.00701803
546	0.00788782
547	0.00872376
548	0.0096899
549	0.0108644
550	0.0118904
551	0.0127706
552	0.013492
553	0.0140545
554	0.0145883
555	0.0148462
556	0.0150363
557	0.0150441
558	0.0150467
559	0.0150623
560	0.0149842
561	0.0147863
562	0.0145988
563	0.0145441
564	0.0143774
565	0.0140258
566	0.0138435
567	0.0136144
568	0.0132159
569	0.0129529
570	0.0127394
571	0.0125701
572	0.0122159
573	0.0117446
574	0.0113462
575	0.0109607
576	0.0104269
577	0.00996594
578	0.00944511
579	0.00898417
580	0.00864563
581	0.00817167
582	0.00780449
583	0.00736438
584	0.00707792
585	0.0066873
586	0.0061899
587	0.00574459
588	0.00535136
589	0.00494251
590	0.00476542
591	0.00426282
592	0.00382532
593	0.00329407
594	0.00282011
595	0.00233053
596	0.00185396
597	0.00121594
598	0.00082011
599	0.000307089
600	-0.000247598
601	-0.000534056
602	-0.00107051
603	-0.00172416
604	-0.00202364
605	-0.00245333
606	-0.0028101
607	-0.00331531
608	-0.00378926
609	-0.00423718
610	-0.00477624
611	-0.00513562
612	-0.0056226
613	-0.00615385
614	-0.00664864
615	-0.00714083
616	-0.00760697
617	-0.00815124
618	-0.00856791
619	-0.00896635
620	-0.00944812
621	-0.00986739
622	-0.010258
623	-0.0106174
624	-0.0109012
625	-0.0113778
626	-0.0117476
627	-0.0120575
628	-0.0124559
629	-0.0128361
630	-0.0132033
631	-0.013344
632	-0.0136486
633	-0.0140471
634	-0.0142346
635	-0.014594
636	-0.0149716
637	-0.0153309
638	-0.0156122
639	-0.0158934
640	-0.0162606
641	-0.0166434
642	-0.0169794
643	-0.0173361
644	-0.017758
645	-0.0179481
646	-0.0183049
647	-0.0184768
648	-0.0188361
649	-0.0189481
650	-0.0190966
651	-0.019469
652	-0.0197788
653	-0.0202085
654	-0.0205106
655	-0.0208283
656	-0.0210549
657	-0.0213674
658	-0.0216512
659	-0.0219716
660	-0.0220783
661	-0.0223231
662	-0.0226538
663	-0.0229351
664	-0.0229533
665	-0.0232346
666	-0.0234846
667	-0.0237372
668	-0.0237658
669	-0.0241018
670	-0.0244481
671	-0.0246825
672	-0.024896
673	-0.0250549
674	-0.0253075
675	-0.0255028
676	-0.0257346
677	-0.0260705
678	-0.0262294
679	-0.0264273
680	-0.026607
681	-0.0269429
682	-0.026995
683	-0.027133
684	-0.0274065
685	-0.0274169
686	-0.0275913
687	-0.0279038
688	-0.028021
689	-0.0282867
690	-0.0285445
691	-0.0287554
692	-0.0290184
693	-0.0291617
694	-0.0293752
695	-0.0296044
696	-0.0298387
697	-0.0302346
698	-0.0304716
699	-0.0305132
700	-0.0306981
701	-0.0308648
702	-0.0311044
703	-0.0313257
704	-0.0315341
705	-0.0318518
706	-0.0320445
707	-0.0321512
708	-0.0324716
709	-0.0326096
710	-0.033008
711	-0.033357
712	-0.0334429
713	-0.033594
714	-0.0336356
715	-0.033844
716	-0.0340419
717	-0.0341565
718	-0.0342997
719	-0.0343804
720	-0.0345236
721	-0.0345601
722	-0.0347424
723	-0.0350445
724	-0.0352007
725	-0.0354299
726	-0.0355158
727	-0.0356174
728	-0.0356148
729	-0.0358726
730	-0.035857
731	-0.036107
732	-0.0362268
733	-0.0363492
734	-0.0363231
735	-0.036482
736	-0.0366252
737	-0.0367216
738	-0.0367476
739	-0.0369559
740	-0.0369742
741	-0.0368544
742	-0.0368127
743	-0.0371538
744	-0.0371044
745	-0.03712
746	-0.037219
747	-0.0373752
748	-0.0373335
749	-0.0377111
750	-0.0377788
751	-0.0379507
752	-0.0379481
753	-0.0380575
754	-0.0379299
755	-0.0379794
756	-0.0379038
757	-0.0380445
758	-0.0378596
759	-0.03762
760	-0.0374481
761	-0.0372788
762	-0.0373492
763	-0.0372632
764	-0.0369872
765	-0.0367919
766	-0.036594
767	-0.0365601
768	-0.0365809
769	-0.0366382
770	-0.0365627
771	-0.0365523
772	-0.036896
773	-0.0370158
774	-0.03687
775	-0.0367945
776	-0.0364716
777	-0.0362528
778	-0.0360341
779	-0.0358882
780	-0.0356591
781	-0.0354429
782	-0.0352945
783	-0.0350601
784	-0.0350809
785	-0.0350236
786	-0.0348075
787	-0.0345861
788	-0.0344169
789	-0.0341538
790	-0.0340132
791	-0.0340028
792	-0.0337945
793	-0.033732
794	-0.0335315
795	-0.0336096
796	-0.0335236
797	-0.0335861
798	-0.0335757
799	-0.0337346
800	-0.0338518
801	-0.0337893
802	-0.0337606
803	-0.0339117
804	-0.0339976
805	-0.0340861
806	-0.0340653
807	-0.0338127
808	-0.0337111
809	-0.0335705
810	-0.0334611
811	-0.0333908
812	-0.033357
813	-0.0333153
814	-0.0333492
815	-0.0334325
816	-0.0334559
817	-0.0335002
818	-0.0335132
819	-0.0331278
820	-0.0324637
821	-0.0320549
822	-0.0312658
823	-0.0306382
824	-0.0300419
825	-0.029594
826	-0.0290549
827	-0.0287841
828	-0.0284403
829	-0.0281304
830	-0.0279325
831	-0.027857
832	-0.0279898
833	-0.0279221
834	-0.0277398
835	-0.0276044
836	-0.0276538
837	-0.027771
838	-0.0278492
839	-0.0279611
840	-0.0282007
841	-0.0281851
842	-0.0283205
843	-0.0284299
844	-0.0285262
845	-0.0284065
846	-0.0283596
847	-0.0285549
848	-0.028745
849	-0.0288387
850	-0.0288882
851	-0.0291044
852	-0.0293544
853	-0.0295861
854	-0.0295783
855	-0.0297658
856	-0.0298309
857	-0.0300262
858	-0.0299742
859	-0.0301773
860	-0.0303049
861	-0.0305262
862	-0.0304507
863	-0.0306617
864	-0.0308257
865	-0.0310262
866	-0.0311695
867	-0.0312684
868	-0.0315262
869	-0.0317424
870	-0.0320184
871	-0.0321591
872	-0.0322424
873	-0.0324898
874	-0.0326903
875	-0.0328778
876	-0.032982
877	-0.0332033
878	-0.0332242
879	-0.0332788
880	-0.0334768
881	-0.0338127
882	-0.0340419
883	-0.0342294
884	-0.0344247
885	-0.034607
886	-0.0346851
887	-0.0348413
888	-0.0352476
889	-0.0354455
890	-0.0355002
891	-0.035344
892	-0.0353856
893	-0.0353986
894	-0.0354742
895	-0.0356174
896	-0.0357085
897	-0.0357007
898	-0.0357632
899	-0.0358283
900	-0.0359377
901	-0.0360783
902	-0.0362815
903	-0.0362971
904	-0.0363309
905	-0.0365471
906	-0.0366408
907	-0.0367059
908	-0.036646
909	-0.0367684
910	-0.0370315
911	-0.036896
912	-0.0370497
913	-0.0371903
914	-0.0371721
915	-0.0371929
916	-0.0372216
917	-0.0374403
918	-0.0374299
919	-0.0374481
920	-0.0375809
921	-0.0376747
922	-0.0378335
923	-0.0377893
924	-0.0379012
925	-0.037995
926	-0.0382554
927	-0.0382997
928	-0.0383648
929	-0.0384429
930	-0.0384143
931	-0.038521
932	-0.0386981
933	-0.0387684
934	-0.0387111
935	-0.0386252
936	-0.0387372
937	-0.0386486
938	-0.0386721
939	-0.0387893
940	-0.0387841
941	-0.0389559
942	-0.0391617
943	-0.0393231
944	-0.039344
945	-0.0393492
946	-0.0393335
947	-0.0395028
948	-0.0396018
949	-0.0396695
950	-0.0399403
951	-0.0399091
952	-0.0399299
953	-0.0399611
954	-0.0398986
955	-0.040008
956	-0.0401148
957	-0.0401643
958	-0.0402997
959	-0.0405158
960	-0.0405288
961	-0.0407033
962	-0.0408361
963	-0.041021
964	-0.0409507
965	-0.0411669
966	-0.0411486
967	-0.0411695
968	-0.0413648
969	-0.0415236
970	-0.041633
971	-0.0417372
972	-0.0417997
973	-0.041844
974	-0.0418283
975	-0.0417971
976	-0.0416929
977	-0.0420028
978	-0.0420757
979	-0.041982
980	-0.0419924
981	-0.0421903
982	-0.0423153
983	-0.042357
984	-0.0425236
985	-0.0425731
986	-0.0425445
987	-0.042594
988	-0.0426304
989	-0.0424299
990	-0.0422893
991	-0.0419481
992	-0.041633
993	-0.0412658
994	-0.040982
995	-0.0405549
996	-0.0402971
997	-0.0400835
998	-0.0399585
999	-0.0396382
1000	-0.0393804
1001	-0.0392085
1002	-0.039219
1003	-0.0392736
1004	-0.039219
1005	-0.03912
1006	-0.0391721
1007	-0.0390262
1008	-0.0390601
1009	-0.0389507
1010	-0.0390288
1011	-0.039107
1012	-0.0390835
1013	-0.0390497
1014	-0.039008
1015	-0.0390627
1016	-0.0393283
1017	-0.0392945
1018	-0.039232
1019	-0.0392762
1020	-0.0393518
1021	-0.0394351
1022	-0.0393257
1023	-0.0393518
