0	-0.000184536
1	-0.00015589
2	-0.00021839
3	-0.000226203
4	-0.000223599
5	5.56787e-06
6	8.17204e-06
7	-4.39113e-05
8	-3.60988e-05
9	-0.000103807
10	-0.00011162
11	-0.000161099
12	-0.00021839
13	-6.9953e-05
14	3.42137e-05
15	-4.13071e-05
16	-6.21405e-05
17	-0.000137661
18	-0.000283495
19	-0.00014287
20	-0.000148078
21	-0.000181932
22	-0.000260057
23	-0.000301724
24	-0.000301724
25	-3.60988e-05
26	0.000146193
27	0.000104526
28	7.58804e-05
29	-4.39113e-05
30	-0.000106411
31	-9.85988e-05
32	5.76512e-05
33	4.98387e-05
34	5.56787e-06
35	-2.82863e-05
36	0.000154005
37	0.000213901
38	0.000354526
39	0.00032588
40	0.00023213
41	0.000276401
42	0.000226922
43	0.000135776
44	0.000148797
45	0.000234735
46	0.00023213
47	0.000242547
48	0.000292026
49	0.000370151
50	0.000341505
51	0.000633172
52	0.000760776
53	0.000713901
54	0.000627964
55	0.000380568
56	0.000401401
57	0.000229526
58	-0.00015589
59	-0.000494432
60	0.00116703
61	0.0105004
62	0.0401123
63	0.109826
64	0.238078
65	0.42761
66	0.660144
67	0.903683
68	1.12811
69	1.31141
70	1.44431
71	1.52831
72	1.5721
73	1.58619
74	1.58099
75	1.56454
76	1.54366
77	1.5222
78	1.50191
79	1.48395
80	1.46916
81	1.45664
82	1.44596
83	1.43677
84	1.42816
85	1.41987
86	1.41192
87	1.40414
88	1.39615
89	1.38833
90	1.37982
91	1.37107
92	1.36242
93	1.35401
94	1.34559
95	1.33679
96	1.32685
97	1.31651
98	1.30651
99	1.29719
100	1.28818
101	1.27898
102	1.2694
103	1.25978
104	1.25004
105	1.24027
106	1.23048
107	1.22055
108	1.2108
109	1.20083
110	1.19114
111	1.18152
112	1.17253
113	1.16381
114	1.15507
115	1.14613
116	1.13721
117	1.12795
118	1.11882
119	1.10937
120	1.09997
121	1.09017
122	1.08023
123	1.0702
124	1.06021
125	1.04978
126	1.03989
127	1.03029
128	1.02054
129	1.01085
130	1.00103
131	0.991133
132	0.981196
133	0.97142
134	0.962084
135	0.95331
136	0.944485
137	0.935623
138	0.92667
139	0.917982
140	0.90887
141	0.89961
142	0.890508
143	0.88111
144	0.871933
145	0.863274
146	0.854701
147	0.846269
148	0.838063
149	0.829826
150	0.821753
151	0.81406
152	0.806263
153	0.798383
154	0.790776
155	0.783628
156	0.776125
157	0.768467
158	0.760865
159	0.753305
160	0.747039
161	0.744029
162	0.745084
163	0.748545
164	0.75155
165	0.744193
166	0.736539
167	0.729042
168	0.721769
169	0.714485
170	0.707086
171	0.700011
172	0.692974
173	0.686115
174	0.679443
175	0.67312
176	0.666657
177	0.660167
178	0.653985
179	0.647842
180	0.642037
181	0.636235
182	0.630297
183	0.624513
184	0.618448
185	0.61269
186	0.607013
187	0.601563
188	0.596292
189	0.590888
190	0.585414
191	0.580172
192	0.574842
193	0.569594
194	0.563842
195	0.558172
196	0.552842
197	0.547722
198	0.542472
199	0.537177
200	0.531795
201	0.52642
202	0.521081
203	0.515743
204	0.510461
205	0.505261
206	0.500378
207	0.49573
208	0.491214
209	0.486842
210	0.482568
211	0.477852
212	0.473289
213	0.468683
214	0.464373
215	0.460274
216	0.456344
217	0.452456
218	0.448245
219	0.444081
220	0.439878
221	0.435987
222	0.432219
223	0.428539
224	0.425154
225	0.42173
226	0.418032
227	0.414459
228	0.411055
229	0.407636
230	0.403834
231	0.399818
232	0.396045
233	0.392269
234	0.38862
235	0.385274
236	0.381834
237	0.378599
238	0.375039
239	0.371357
240	0.368164
241	0.365886
242	0.364993
243	0.365154
244	0.366065
245	0.366776
246	0.367
247	0.366151
248	0.364464
249	0.362271
250	0.359761
251	0.3568
252	0.353409
253	0.349646
254	0.346089
255	0.342818
256	0.340013
257	0.337675
258	0.335698
259	0.333883
260	0.332084
261	0.330201
262	0.328435
263	0.32669
264	0.325313
265	0.323693
266	0.321839
267	0.319938
268	0.31774
269	0.315578
270	0.313219
271	0.310735
272	0.30787
273	0.305089
274	0.302355
275	0.299818
276	0.297188
277	0.29461
278	0.292295
279	0.289737
280	0.287769
281	0.285563
282	0.283375
283	0.280834
284	0.278474
285	0.275969
286	0.273409
287	0.270802
288	0.26825
289	0.265842
290	0.263422
291	0.261026
292	0.25856
293	0.256203
294	0.253967
295	0.251891
296	0.249573
297	0.247347
298	0.244894
299	0.242433
300	0.240177
301	0.237917
302	0.235636
303	0.233287
304	0.231289
305	0.229131
306	0.227024
307	0.224789
308	0.222743
309	0.220703
310	0.218592
311	0.216495
312	0.214373
313	0.212539
314	0.210805
315	0.209013
316	0.207399
317	0.205917
318	0.204526
319	0.203409
320	0.202013
321	0.200756
322	0.199092
323	0.197201
324	0.195576
325	0.193683
326	0.191743
327	0.190154
328	0.188459
329	0.187021
330	0.185482
331	0.184084
332	0.182766
333	0.181386
334	0.180357
335	0.17981
336	0.180065
337	0.180922
338	0.181894
339	0.182735
340	0.183105
341	0.182873
342	0.181961
343	0.1803
344	0.1785
345	0.176868
346	0.176206
347	0.178771
348	0.18536
349	0.194365
350	0.203214
351	0.202878
352	0.200933
353	0.199375
354	0.198016
355	0.196737
356	0.195513
357	0.194427
358	0.193482
359	0.192256
360	0.190672
361	0.189118
362	0.187813
363	0.186355
364	0.185105
365	0.183985
366	0.182914
367	0.181881
368	0.181149
369	0.180146
370	0.179217
371	0.177987
372	0.176789
373	0.17561
374	0.174256
375	0.173032
376	0.171737
377	0.170159
378	0.168839
379	0.167644
380	0.166644
381	0.165503
382	0.164485
383	0.163644
384	0.162802
385	0.161852
386	0.160922
387	0.160086
388	0.158964
389	0.157995
390	0.156972
391	0.156021
392	0.154959
393	0.154013
394	0.153112
395	0.152078
396	0.151063
397	0.150198
398	0.150373
399	0.151883
400	0.154237
401	0.15736
402	0.160368
403	0.162485
404	0.163638
405	0.164138
406	0.163485
407	0.162279
408	0.160758
409	0.159183
410	0.157953
411	0.156868
412	0.155506
413	0.154545
414	0.153636
415	0.153
416	0.152355
417	0.151873
418	0.151198
419	0.150568
420	0.150068
421	0.149331
422	0.148578
423	0.148029
424	0.147183
425	0.146388
426	0.145308
427	0.144334
428	0.143284
429	0.142102
430	0.14123
431	0.14048
432	0.139555
433	0.13861
434	0.137834
435	0.136943
436	0.13581
437	0.134808
438	0.13381
439	0.132709
440	0.131784
441	0.131737
442	0.133175
443	0.136808
444	0.141662
445	0.146967
446	0.151526
447	0.154636
448	0.156373
449	0.156381
450	0.155646
451	0.154638
452	0.15342
453	0.152123
454	0.150987
455	0.149701
456	0.148938
457	0.148058
458	0.147092
459	0.146102
460	0.145097
461	0.144144
462	0.143065
463	0.141935
464	0.141076
465	0.140084
466	0.138881
467	0.137696
468	0.136667
469	0.135818
470	0.135092
471	0.134388
472	0.133675
473	0.132927
474	0.132545
475	0.131935
476	0.131355
477	0.130474
478	0.12968
479	0.128703
480	0.127927
481	0.127305
482	0.127625
483	0.129878
484	0.134146
485	0.140141
486	0.147024
487	0.153284
488	0.157698
489	0.159381
490	0.158756
491	0.157907
492	0.157211
493	0.156709
494	0.155961
495	0.154032
496	0.152433
497	0.150974
498	0.149683
499	0.148279
500	0.147167
501	0.146352
502	0.145453
503	0.144618
504	0.144008
505	0.143138
506	0.142506
507	0.14156
508	0.140717
509	0.139651
510	0.138719
511	0.137831
512	0.136987
513	0.135969
514	0.134714
515	0.133883
516	0.132808
517	0.131657
518	0.130357
519	0.129245
520	0.128375
521	0.127532
522	0.126849
523	0.125901
524	0.124961
525	0.124328
526	0.124123
527	0.123735
528	0.123308
529	0.122711
530	0.122105
531	0.121459
532	0.121693
533	0.124146
534	0.129198
535	0.136943
536	0.145787
537	0.153102
538	0.152891
539	0.152149
540	0.151381
541	0.150571
542	0.150175
543	0.149326
544	0.148756
545	0.149026
546	0.150388
547	0.152657
548	0.155128
549	0.157797
550	0.161052
551	0.164597
552	0.16856
553	0.172331
554	0.175295
555	0.177092
556	0.177315
557	0.17655
558	0.175271
559	0.17387
560	0.172263
561	0.170467
562	0.168573
563	0.1668
564	0.164711
565	0.163302
566	0.16198
567	0.160782
568	0.159722
569	0.158628
570	0.157407
571	0.15605
572	0.154776
573	0.153305
574	0.152032
575	0.150618
576	0.149495
577	0.148326
578	0.147263
579	0.146589
580	0.145638
581	0.144612
582	0.143328
583	0.14206
584	0.14117
585	0.14036
586	0.139391
587	0.138683
588	0.137787
589	0.136886
590	0.135743
591	0.134513
592	0.133331
593	0.13187
594	0.130592
595	0.129592
596	0.128956
597	0.128336
598	0.127334
599	0.126422
600	0.125545
601	0.124771
602	0.12387
603	0.122961
604	0.121823
605	0.120756
606	0.119722
607	0.118802
608	0.117972
609	0.116899
610	0.115886
611	0.114818
612	0.11369
613	0.11249
614	0.111138
615	0.109951
616	0.108831
617	0.107808
618	0.106922
619	0.105985
620	0.105305
621	0.104524
622	0.103881
623	0.103365
624	0.102735
625	0.102099
626	0.101459
627	0.100592
628	0.0996175
629	0.0987452
630	0.097904
631	0.0966748
632	0.0955811
633	0.0944092
634	0.0936722
635	0.0930056
636	0.0921905
637	0.0914118
638	0.0905186
639	0.0896774
640	0.0887478
641	0.0878259
642	0.0869457
643	0.0859535
644	0.0852035
645	0.0844561
646	0.0836905
647	0.0829483
648	0.0823259
649	0.0818597
650	0.0813675
651	0.0805212
652	0.0799248
653	0.0794457
654	0.07893
655	0.0784743
656	0.0779144
657	0.0775524
658	0.077154
659	0.0765186
660	0.0762217
661	0.0764483
662	0.0772972
663	0.078766
664	0.0803311
665	0.0816931
666	0.0824925
667	0.0825004
668	0.0820316
669	0.0812009
670	0.0802478
671	0.079292
672	0.0783337
673	0.0776202
674	0.0770368
675	0.0764248
676	0.0755342
677	0.0749431
678	0.0744978
679	0.0740004
680	0.0735863
681	0.0731983
682	0.0727868
683	0.0725342
684	0.072055
685	0.0715498
686	0.0711462
687	0.070516
688	0.0700316
689	0.0693441
690	0.0687946
691	0.0681957
692	0.067667
693	0.0669509
694	0.0663832
695	0.0657842
696	0.0650446
697	0.0645056
698	0.0640837
699	0.0636488
700	0.063167
701	0.0630082
702	0.0624196
703	0.0618311
704	0.061503
705	0.0612139
706	0.0607452
707	0.0599353
708	0.0593103
709	0.0588389
710	0.0585785
711	0.0580941
712	0.0578207
713	0.0572478
714	0.056628
715	0.056029
716	0.0556097
717	0.0551774
718	0.0546931
719	0.0542998
720	0.0538415
721	0.0534509
722	0.0529535
723	0.0525056
724	0.0521774
725	0.0518545
726	0.0515394
727	0.0511202
728	0.0507243
729	0.0502269
730	0.0498259
731	0.0493623
732	0.0491462
733	0.0490056
734	0.0487243
735	0.0485004
736	0.0482061
737	0.0477269
738	0.0473311
739	0.0470915
740	0.0468389
741	0.0468493
742	0.0466748
743	0.0464274
744	0.0461384
745	0.0458806
746	0.0456071
747	0.0454066
748	0.0452217
749	0.0448884
750	0.0446123
751	0.0441905
752	0.0440498
753	0.0437373
754	0.0435524
755	0.0435759
756	0.0434691
757	0.0431931
758	0.0432608
759	0.0431358
760	0.0429014
761	0.0426384
762	0.0424353
763	0.0422191
764	0.0418493
765	0.0415941
766	0.04118
767	0.0407452
768	0.0405472
769	0.0402165
770	0.0398597
771	0.039654
772	0.0393415
773	0.0391983
774	0.0390759
775	0.0390394
776	0.0400993
777	0.0434769
778	0.0510498
779	0.0610681
780	0.0718363
781	0.0754795
782	0.0755238
783	0.0754144
784	0.0753441
785	0.0760655
786	0.0779118
787	0.0807478
788	0.0839587
789	0.0867243
790	0.0887582
791	0.0898415
792	0.0901774
793	0.0903858
794	0.0905342
795	0.0900368
796	0.0897894
797	0.0894509
798	0.0891202
799	0.0887399
800	0.0883571
801	0.0880342
802	0.087542
803	0.0872035
804	0.0868493
805	0.0864274
806	0.0862582
807	0.0858415
808	0.0851879
809	0.084516
810	0.0838467
811	0.083542
812	0.0833233
813	0.0830108
814	0.082529
815	0.0821879
816	0.0818519
817	0.081266
818	0.0807816
819	0.0805837
820	0.081128
821	0.0824405
822	0.0847608
823	0.0869431
824	0.0890264
825	0.0906983
826	0.0917972
827	0.0922608
828	0.0922452
829	0.0917504
830	0.0912608
831	0.090805
832	0.0900134
833	0.0894535
834	0.0888962
835	0.0885316
836	0.0881905
837	0.0879248
838	0.0875238
839	0.087266
840	0.0866123
841	0.0866514
842	0.0883181
843	0.091404
844	0.0959196
845	0.100875
846	0.105039
847	0.107584
848	0.108633
849	0.108331
850	0.107344
851	0.106006
852	0.104368
853	0.103146
854	0.102128
855	0.101362
856	0.100584
857	0.0996462
858	0.0987399
859	0.0975108
860	0.0967504
861	0.0958259
862	0.0950759
863	0.0944665
864	0.0940655
865	0.0935681
866	0.0928936
867	0.09243
868	0.09193
869	0.0915524
870	0.0911019
871	0.0908675
872	0.0907972
873	0.0907191
874	0.0906983
875	0.0906123
876	0.0903649
877	0.0900785
878	0.0898233
879	0.089516
880	0.0891853
881	0.0885134
882	0.08768
883	0.0868545
884	0.0865342
885	0.0857243
886	0.0849405
887	0.0841774
888	0.0835316
889	0.0828363
890	0.0822972
891	0.0821358
892	0.082003
893	0.0816566
894	0.0813181
895	0.081128
896	0.0810264
897	0.0807556
898	0.0807478
899	0.0806514
900	0.0809821
901	0.0813728
902	0.0819327
903	0.0826175
904	0.0829066
905	0.0828988
906	0.0826748
907	0.0821618
908	0.08168
909	0.0813467
910	0.0809769
911	0.0805837
912	0.0800316
913	0.0795759
914	0.0791436
915	0.0788519
916	0.0784795
917	0.0778858
918	0.0773884
919	0.0768077
920	0.0763519
921	0.0759118
922	0.0755004
923	0.075016
924	0.0744847
925	0.0738077
926	0.0733884
927	0.0728675
928	0.0724118
929	0.071917
930	0.0715889
931	0.0711306
932	0.0707321
933	0.0704274
934	0.0699092
935	0.0693493
936	0.0685212
937	0.0676358
938	0.0672113
939	0.0666592
940	0.0660134
941	0.0654092
942	0.0644483
943	0.0638077
944	0.0630681
945	0.062378
946	0.0618129
947	0.0610603
948	0.06043
949	0.0598311
950	0.0593103
951	0.0587061
952	0.0580889
953	0.0576123
954	0.0575316
955	0.0572634
956	0.0567321
957	0.0562478
958	0.0558597
959	0.0554327
960	0.05493
961	0.0544509
962	0.053917
963	0.0532191
964	0.0526097
965	0.0519899
966	0.0515681
967	0.051055
968	0.0504118
969	0.0497478
970	0.0491254
971	0.0485498
972	0.0481019
973	0.0477504
974	0.0473467
975	0.0469196
976	0.0465655
977	0.0463285
978	0.0458103
979	0.0453988
980	0.0449952
981	0.0444431
982	0.0442998
983	0.0438884
984	0.0436384
985	0.0432321
986	0.0430967
987	0.0429457
988	0.0425707
989	0.0423728
990	0.0421228
991	0.0419795
992	0.0418103
993	0.0416696
994	0.0416853
995	0.0421332
996	0.0428103
997	0.0438207
998	0.0450498
999	0.0461566
1000	0.0472712
1001	0.0478754
1002	0.0483415
1003	0.0485316
1004	0.0485524
1005	0.0483675
1006	0.0482452
1007	0.0480524
1008	0.047904
1009	0.0476514
1010	0.047253
1011	0.0468129
1012	0.046555
1013	0.0463129
1014	0.0462373
1015	0.0459587
1016	0.0455004
1017	0.0450368
1018	0.044529
1019	0.0443858
1020	0.044503
1021	0.0448806
1022	0.0452113
1023	0.0455498
