0	-0.000500942
1	-0.000214484
2	-0.00014938
3	-4.78172e-05
4	0.000173537
5	5.11411e-05
6	0.00010062
7	-0.000248338
8	-0.000508755
9	-0.000638963
10	-0.000714484
11	-0.000558234
12	-0.00068063
13	-0.000579067
14	-0.000349901
15	-0.000344692
16	-0.000388963
17	-0.000394171
18	-0.000396776
19	-0.000404588
20	-0.000433234
21	-0.000503546
22	-0.000474901
23	-0.00024313
24	4.2661e-06
25	0.000186558
26	0.00013187
27	4.59328e-05
28	0.000267287
29	0.000223016
30	0.000415724
31	0.00056937
32	0.000566766
33	0.00022562
34	2.77036e-05
35	7.45786e-05
36	0.000527704
37	0.000584995
38	0.00081937
39	0.000853224
40	0.000775099
41	0.000751662
42	0.000777704
43	0.000949579
44	0.000655308
45	-1.91714e-05
46	-0.000381151
47	-0.000644171
48	-0.000263963
49	0.000324579
50	0.000556349
51	0.000647495
52	0.000611037
53	0.00056937
54	0.000598016
55	0.000957391
56	0.00153031
57	0.0035902
58	0.0099626
59	0.0271449
60	0.0677178
61	0.144465
62	0.258564
63	0.398752
64	0.550007
65	0.700921
66	0.844017
67	0.974884
68	1.09074
69	1.19041
70	1.27382
71	1.34091
72	1.39241
73	1.4301
74	1.45644
75	1.47439
76	1.48651
77	1.49532
78	1.50225
79	1.50725
80	1.51085
81	1.5129
82	1.51393
83	1.51405
84	1.51317
85	1.51211
86	1.51065
87	1.50967
88	1.50948
89	1.51029
90	1.51076
91	1.50925
92	1.50506
93	1.49824
94	1.48975
95	1.48067
96	1.4724
97	1.46532
98	1.45902
99	1.45311
100	1.44674
101	1.43918
102	1.43002
103	1.4193
104	1.40748
105	1.39513
106	1.38278
107	1.3711
108	1.36082
109	1.35164
110	1.3425
111	1.33257
112	1.32166
113	1.31022
114	1.29873
115	1.2876
116	1.27688
117	1.26648
118	1.25588
119	1.24483
120	1.23291
121	1.22049
122	1.20773
123	1.19504
124	1.18332
125	1.17304
126	1.16468
127	1.1576
128	1.15107
129	1.14318
130	1.13278
131	1.1196
132	1.10423
133	1.08875
134	1.07446
135	1.0624
136	1.05285
137	1.04556
138	1.04029
139	1.03618
140	1.03217
141	1.02684
142	1.01884
143	1.00771
144	0.993752
145	0.978106
146	0.962757
147	0.949595
148	0.939692
149	0.932809
150	0.927637
151	0.923356
152	0.918502
153	0.912512
154	0.904582
155	0.894265
156	0.881103
157	0.866231
158	0.850895
159	0.837098
160	0.82659
161	0.819947
162	0.816127
163	0.813119
164	0.809322
165	0.803944
166	0.796338
167	0.787041
168	0.776575
169	0.765223
170	0.753301
171	0.741819
172	0.731416
173	0.722653
174	0.715801
175	0.710306
176	0.705676
177	0.700788
178	0.695121
179	0.688223
180	0.68034
181	0.671358
182	0.661835
183	0.651567
184	0.641325
185	0.631624
186	0.623713
187	0.618244
188	0.615595
189	0.613778
190	0.611757
191	0.608304
192	0.602697
193	0.594728
194	0.584405
195	0.573069
196	0.561991
197	0.552494
198	0.545588
199	0.541715
200	0.540494
201	0.539955
202	0.539049
203	0.536103
204	0.530155
205	0.521533
206	0.510983
207	0.499999
208	0.490124
209	0.4824
210	0.477145
211	0.473944
212	0.472421
213	0.470942
214	0.468801
215	0.465486
216	0.460515
217	0.453611
218	0.44559
219	0.43715
220	0.429322
221	0.422832
222	0.417489
223	0.413603
224	0.410439
225	0.407689
226	0.405233
227	0.40233
228	0.39883
229	0.394395
230	0.388694
231	0.382249
232	0.375361
233	0.368666
234	0.362978
235	0.358158
236	0.354556
237	0.352267
238	0.350486
239	0.3487
240	0.34633
241	0.343114
242	0.338752
243	0.333767
244	0.327994
245	0.322207
246	0.317043
247	0.31277
248	0.309845
249	0.308572
250	0.308244
251	0.30747
252	0.305905
253	0.302681
254	0.297978
255	0.292145
256	0.285752
257	0.279554
258	0.274549
259	0.271312
260	0.269786
261	0.269327
262	0.269522
263	0.269353
264	0.26765
265	0.264275
266	0.259309
267	0.254043
268	0.248463
269	0.243684
270	0.239728
271	0.237278
272	0.236361
273	0.236559
274	0.236845
275	0.236551
276	0.234926
277	0.231543
278	0.226517
279	0.221075
280	0.215897
281	0.211403
282	0.207848
283	0.205439
284	0.204002
285	0.202996
286	0.202262
287	0.201549
288	0.20052
289	0.198411
290	0.195272
291	0.19134
292	0.187377
293	0.183666
294	0.180877
295	0.178853
296	0.177856
297	0.177111
298	0.176262
299	0.175246
300	0.174033
301	0.172257
302	0.170095
303	0.166884
304	0.163114
305	0.159478
306	0.155832
307	0.153007
308	0.151554
309	0.150728
310	0.150421
311	0.149947
312	0.148806
313	0.147017
314	0.144731
315	0.142335
316	0.1397
317	0.137176
318	0.134694
319	0.132655
320	0.131468
321	0.130908
322	0.130606
323	0.130437
324	0.129611
325	0.128447
326	0.126668
327	0.123957
328	0.120921
329	0.118028
330	0.115369
331	0.113121
332	0.112338
333	0.118655
334	0.135166
335	0.102543
336	0.101775
337	0.10047
338	0.098572
339	0.0959938
340	0.0935043
341	0.0910147
342	0.0888063
343	0.0868246
344	0.0855563
345	0.0851709
346	0.0853168
347	0.0852595
348	0.0849782
349	0.0837673
350	0.082111
351	0.0801683
352	0.0780459
353	0.0759756
354	0.0747308
355	0.0738558
356	0.0734183
357	0.0735798
358	0.074197
359	0.075085
360	0.0754886
361	0.0750017
362	0.073848
363	0.0724522
364	0.0703819
365	0.0680329
366	0.0659704
367	0.0644261
368	0.0637569
369	0.0636918
370	0.0637751
371	0.0642334
372	0.064434
373	0.0639782
374	0.0625303
375	0.0605355
376	0.0580928
377	0.0554001
378	0.0529444
379	0.0514496
380	0.0509652
381	0.051322
382	0.0517178
383	0.0525199
384	0.05296
385	0.0526449
386	0.0512204
387	0.0493688
388	0.047197
389	0.0454313
390	0.044111
391	0.0434991
392	0.043348
393	0.0437959
394	0.0446423
395	0.0452933
396	0.0455746
397	0.045822
398	0.0456996
399	0.0446058
400	0.0430251
401	0.0419131
402	0.040861
403	0.0400459
404	0.0396188
405	0.0395876
406	0.0401449
407	0.0403506
408	0.0403636
409	0.0403246
410	0.0399756
411	0.0386944
412	0.0371449
413	0.0352933
414	0.0338506
415	0.0323324
416	0.0308116
417	0.0299235
418	0.0299105
419	0.0303532
420	0.0309522
421	0.0314105
422	0.0314366
423	0.0306032
424	0.0291188
425	0.0271918
426	0.0254261
427	0.0236631
428	0.0223662
429	0.0216345
430	0.0217152
431	0.0223037
432	0.0231162
433	0.0233662
434	0.0233037
435	0.0228454
436	0.0216371
437	0.0198376
438	0.0181553
439	0.0170876
440	0.0165277
441	0.0160928
442	0.0158949
443	0.0159105
444	0.0161918
445	0.015736
446	0.0149131
447	0.0141944
448	0.0133584
449	0.0125642
450	0.0116944
451	0.0112022
452	0.0108272
453	0.0101397
454	0.00950427
455	0.00942614
456	0.00938447
457	0.0092152
458	0.00869697
459	0.00778812
460	0.00704333
461	0.00612927
462	0.00500166
463	0.0040251
464	0.00312927
465	0.00250166
466	0.00226729
467	0.00188708
468	0.00200427
469	0.00224645
470	0.00201729
471	0.00162666
472	0.00069437
473	-4.26089e-05
474	-0.000925421
475	-0.00115719
476	-0.0010999
477	-0.000862921
478	0.000134474
479	0.00132458
480	0.00259541
481	0.00306416
482	0.0029027
483	0.00262145
484	0.00207718
485	0.00144177
486	0.000634474
487	0.000473016
488	0.000243849
489	0.000332391
490	0.000152704
491	8.23911e-05
492	5.63494e-05
493	-2.69839e-05
494	-0.000485317
495	-0.00101396
496	-0.00181865
497	-0.00267803
498	-0.00368844
499	-0.00419625
500	-0.00444365
501	-0.00432646
502	-0.00431084
503	-0.00444886
504	-0.00450355
505	-0.00474053
506	-0.00521969
507	-0.00577178
508	-0.00671188
509	-0.00739938
510	-0.00819625
511	-0.00914417
512	-0.00979261
513	-0.00992282
514	-0.010066
515	-0.00984469
516	-0.0100062
517	-0.0102379
518	-0.0104749
519	-0.0109593
520	-0.0116806
521	-0.012402
522	-0.0130296
523	-0.0135713
524	-0.0140556
525	-0.0144358
526	-0.0142666
527	-0.0137744
528	-0.0132588
529	-0.0126077
530	-0.0119254
531	-0.0110634
532	-0.00995928
533	-0.00952438
534	-0.00936032
535	-0.00883688
536	-0.00834469
537	-0.00746448
538	-0.00662855
539	-0.00574573
540	-0.00496709
541	-0.0048499
542	-0.00454782
543	-0.0044098
544	-0.00461813
545	-0.00442542
546	-0.00325355
547	-0.000904587
548	0.00222041
549	0.00622562
550	0.0105407
551	0.0146892
552	0.0182855
553	0.0212412
554	0.0234392
555	0.0247412
556	0.0253558
557	0.025361
558	0.025447
559	0.0259444
560	0.0267959
561	0.0273402
562	0.0277829
563	0.0276709
564	0.027098
565	0.026111
566	0.0251579
567	0.0243871
568	0.0232985
569	0.0218584
570	0.0209574
571	0.0204366
572	0.0203767
573	0.0203558
574	0.0201605
575	0.0201449
576	0.0195954
577	0.0190876
578	0.0184053
579	0.0176631
580	0.0169756
581	0.0165147
582	0.0165277
583	0.0161683
584	0.0160017
585	0.0154157
586	0.0150225
587	0.014473
588	0.0141319
589	0.0136631
590	0.0131267
591	0.0123897
592	0.0118428
593	0.0109444
594	0.0102126
595	0.00962406
596	0.00954072
597	0.00958499
598	0.00951729
599	0.00949124
600	0.00925947
601	0.00891572
602	0.00811624
603	0.00710062
604	0.00575687
605	0.00462145
606	0.00365531
607	0.00297301
608	0.00292354
609	0.00317614
610	0.0034652
611	0.00325426
612	0.00299906
613	0.00239489
614	0.00137926
615	0.00033239
616	-0.000659798
617	-0.00156605
618	-0.00224053
619	-0.00275615
620	-0.00292282
621	-0.00298792
622	-0.00300876
623	-0.00326657
624	-0.00342542
625	-0.00375615
626	-0.0040374
627	-0.00452699
628	-0.00548532
629	0.0333168
630	0.0226397
631	0.0100668
632	-0.0030999
633	-0.00779782
634	-0.00769625
635	-0.00752959
636	-0.00730823
637	-0.00740459
638	-0.0075973
639	-0.00807125
640	-0.00874573
641	-0.00935511
642	-0.0102457
643	-0.0107431
644	-0.0111806
645	-0.0117666
646	-0.0117379
647	-0.0121025
648	-0.0123317
649	-0.0127744
650	-0.0132119
651	-0.0136598
652	-0.0144801
653	-0.0153134
654	-0.0158265
655	-0.0161103
656	-0.0163317
657	-0.0165687
658	-0.0167848
659	-0.0171858
660	-0.0175374
661	-0.0179853
662	-0.0183265
663	-0.018665
664	-0.0188968
665	-0.0191728
666	-0.019514
667	-0.0195426
668	-0.0196702
669	-0.0195348
670	-0.0195218
671	-0.0193603
672	-0.0190634
673	-0.0186338
674	-0.0185504
675	-0.0113239
676	-0.00624834
677	-0.00231084
678	0.000496454
679	0.00207198
680	0.00304593
681	0.00378812
682	0.00381937
683	0.0029652
684	0.00119958
685	-0.000959275
686	-0.00340198
687	-0.00593323
688	-0.00848792
689	-0.0106416
690	-0.0116963
691	-0.0126285
692	-0.0128942
693	-0.0131676
694	-0.0132457
695	-0.0135062
696	-0.0138603
697	-0.0144983
698	-0.0152171
699	-0.0160166
700	-0.0169645
701	-0.017691
702	-0.0181754
703	-0.0185634
704	-0.0189749
705	-0.0188395
706	-0.0184098
707	-0.0183655
708	-0.0187431
709	-0.019415
710	-0.0199645
711	-0.0204879
712	-0.0209697
713	-0.0213655
714	-0.0216624
715	-0.0215687
716	-0.0217848
717	-0.0217067
718	-0.0215947
719	-0.0213994
720	-0.0210504
721	-0.0213317
722	-0.0218994
723	-0.0226077
724	-0.0233004
725	-0.0241077
726	-0.0245947
727	-0.0247405
728	-0.0245843
729	-0.0241858
730	-0.0239619
731	-0.0237457
732	-0.0238577
733	-0.0241624
734	-0.0247796
735	-0.0255608
736	-0.0265947
737	-0.0274437
738	-0.0280088
739	-0.0284541
740	-0.0288213
741	-0.0287848
742	-0.028402
743	-0.0281884
744	-0.028441
745	-0.0288265
746	-0.0290556
747	-0.0294801
748	-0.0299176
749	-0.0304332
750	-0.0311025
751	-0.0313603
752	-0.0313577
753	-0.0312171
754	-0.0308134
755	-0.0306858
756	-0.030389
757	-0.0304853
758	-0.0308525
759	-0.0314098
760	-0.0320426
761	-0.032816
762	-0.0335062
763	-0.0341624
764	-0.0344358
765	-0.0345556
766	-0.0344853
767	-0.034066
768	-0.0339098
769	-0.0337588
770	-0.0340713
771	-0.0343733
772	-0.0345713
773	-0.0348369
774	-0.0349515
775	-0.0347197
776	-0.0340947
777	-0.0335114
778	-0.0326207
779	-0.0316989
780	-0.0308108
781	-0.0301077
782	-0.0298421
783	-0.0295218
784	-0.0289567
785	-0.0282249
786	-0.0271728
787	-0.0256494
788	-0.0238681
789	-0.0218655
790	-0.0198317
791	-0.0186103
792	-0.0173082
793	-0.0166129
794	-0.0161364
795	-0.0158343
796	-0.0156442
797	-0.0154072
798	-0.0150817
799	-0.0148499
800	-0.0147353
801	-0.0147431
802	-0.014691
803	-0.0145973
804	-0.0146546
805	-0.0149697
806	-0.015264
807	-0.0159957
808	-0.0162796
809	-0.0163733
810	-0.0163369
811	-0.016316
812	-0.0163968
813	-0.0164619
814	-0.0166989
815	-0.0168213
816	-0.0171416
817	-0.0174463
818	-0.0176832
819	-0.0178004
820	-0.0178004
821	-0.0178082
822	-0.0178733
823	-0.0177197
824	-0.0177327
825	-0.0179463
826	-0.018277
827	-0.0187822
828	-0.0190556
829	-0.019402
830	-0.0195374
831	-0.0197327
832	-0.0197249
833	-0.0200817
834	-0.0205582
835	-0.0208082
836	-0.020514
837	-0.0191832
838	-0.0167796
839	-0.013441
840	-0.00989417
841	-0.00645146
842	-0.00314157
843	-0.000373339
844	0.00217354
845	0.00444958
846	0.00659802
847	0.0082126
848	0.00941312
849	0.0102438
850	0.0106032
851	0.0107647
852	-0.0322874
853	-0.0324853
854	-0.0329176
855	-0.0333395
856	0.00863968
857	0.00829593
858	0.0079626
859	0.00786104
860	0.00786104
861	0.00772302
862	0.00742614
863	0.00708499
864	0.00639229
865	0.00590531
866	0.00544437
867	0.00521
868	0.00506937
869	0.00481937
870	0.00466572
871	0.00469958
872	0.00475427
873	0.0047152
874	0.0045876
875	0.00426208
876	0.00369958
877	0.0029652
878	0.00237406
879	0.00185062
880	0.00169697
881	0.0014626
882	0.00173343
883	0.00172822
884	0.00168916
885	0.00145739
886	0.000967808
887	0.000293329
888	-0.000573859
889	-0.00149573
890	-0.0022249
891	-0.00289938
892	-0.00330042
893	-0.00355303
894	-0.00371969
895	-0.00394365
896	-0.00381865
897	-0.00409469
898	-0.00450094
899	-0.0051025
900	-0.00583167
901	-0.00619886
902	-0.00495667
903	-0.000662401
904	0.00520739
905	0.0120017
906	0.0182777
907	0.0234782
908	0.0273376
909	-0.0145608
910	-0.014566
911	-0.0144879
912	-0.0146155
913	-0.0146129
914	-0.0150634
915	-0.015764
916	-0.0160009
917	-0.0161858
918	-0.0161598
919	-0.0164567
920	-0.0163603
921	-0.0162353
922	-0.0162718
923	-0.0168395
924	-0.0175687
925	-0.0183108
926	-0.0189228
927	-0.0194332
928	-0.0199723
929	-0.0201285
930	-0.0198812
931	-0.0195088
932	-0.0194827
933	-0.0192744
934	-0.0189723
935	-0.0190556
936	-0.0197666
937	-0.020415
938	-0.0208681
939	-0.0214176
940	-0.0217666
941	-0.0221806
942	-0.0221754
943	-0.0222614
944	-0.0225374
945	-0.0230088
946	-0.0233395
947	-0.0236338
948	-0.0240582
949	-0.0245843
950	-0.0251285
951	-0.0254931
952	-0.0258473
953	-0.0262379
954	-0.0265348
955	-0.0265035
956	-0.0264541
957	-0.0265218
958	-0.0270921
959	-0.0271077
960	-0.0267588
961	-0.0266103
962	-0.0268968
963	-0.0273629
964	-0.0277483
965	-0.0282588
966	-0.0287692
967	-0.0291129
968	-0.0292145
969	-0.0291259
970	-0.0293082
971	-0.029566
972	-0.0298108
973	-0.0300009
974	-0.0302327
975	-0.0305348
976	-0.0306858
977	-0.0307874
978	-0.0308968
979	-0.0312041
980	-0.0313707
981	-0.0314176
982	-0.0313655
983	-0.0316103
984	-0.0321233
985	-0.0324228
986	-0.0324645
987	-0.0325452
988	-0.0323838
989	-0.0322562
990	-0.0318239
991	-0.0310999
992	-0.0300687
993	-0.0287718
994	-0.0275634
995	-0.0262327
996	0.0175199
997	0.0183142
998	0.0187517
999	0.0189287
1000	0.0188506
1001	0.0189444
1002	0.0192517
1003	0.0192152
1004	0.0190459
1005	0.0189261
1006	0.0186371
1007	0.0180954
1008	0.0177022
1009	0.0171735
1010	0.0170433
1011	0.0170355
1012	0.0169652
1013	0.0167673
1014	0.0162595
1015	0.0158376
1016	0.0153767
1017	0.0150329
1018	0.0146944
1019	0.0145017
1020	0.0140459
1021	0.0135147
1022	0.0131683
1023	0.0130277
