0	-0.000167482
1	-0.000293781
2	-0.00042008
3	-0.00058472
4	-0.00042459
5	-0.000275738
6	-0.000190035
7	-8.62894e-05
8	2.1967e-05
9	-1.41185e-05
10	4.00097e-05
11	0.00017533
12	9.18826e-05
13	-4.34379e-05
14	-0.000106587
15	-4.79486e-05
16	0.000258778
17	0.000310651
18	0.000330949
19	0.000484312
20	0.000651207
21	0.000786527
22	0.000878996
23	0.000716612
24	0.000486567
25	0.000400864
26	0.000301629
27	1.74563e-05
28	-9.98214e-05
29	-0.000140418
30	-0.000408803
31	-0.000171992
32	-0.000120119
33	-9.30554e-05
34	-0.000120119
35	-0.000129141
36	-0.000257695
37	-0.00035242
38	-0.000131396
39	-4.11825e-05
40	-9.30554e-05
41	-7.50127e-05
42	-3.44165e-05
43	-0.000106587
44	0.00017533
45	0.000105415
46	-0.000115609
47	-0.000320845
48	-0.000341143
49	-0.000426846
50	-0.000433612
51	-0.000359186
52	-0.000190035
53	-0.000104332
54	-9.60777e-06
55	4.90311e-05
56	0.000315161
57	0.000687292
58	0.0013233
59	0.00324034
60	0.00939065
61	0.0265763
62	0.0694323
63	0.16095
64	0.32478
65	0.567583
66	0.870493
67	1.19556
68	1.49985
69	1.7482
70	1.92248
71	2.02388
72	2.06829
73	2.07475
74	2.05985
75	2.03445
76	2.00575
77	1.97757
78	1.95235
79	1.93113
80	1.91383
81	1.89987
82	1.88847
83	1.87894
84	1.87046
85	1.86241
86	1.85407
87	1.84485
88	1.83426
89	1.82158
90	1.80843
91	1.79758
92	1.78831
93	1.77919
94	1.76983
95	1.75992
96	1.749
97	1.73754
98	1.72606
99	1.71437
100	1.70203
101	1.68932
102	1.6768
103	1.6643
104	1.65119
105	1.63788
106	1.62476
107	1.61207
108	1.59971
109	1.58722
110	1.5749
111	1.56263
112	1.55072
113	1.53945
114	1.52907
115	1.51964
116	1.50969
117	1.49793
118	1.48474
119	1.47162
120	1.459
121	1.44731
122	1.4359
123	1.42386
124	1.41095
125	1.39746
126	1.38367
127	1.37044
128	1.35774
129	1.3454
130	1.33325
131	1.32158
132	1.30972
133	1.29815
134	1.28679
135	1.27511
136	1.26371
137	1.25237
138	1.24134
139	1.2308
140	1.22082
141	1.21044
142	1.19971
143	1.1889
144	1.17809
145	1.16737
146	1.15705
147	1.14708
148	1.13754
149	1.12808
150	1.11833
151	1.1087
152	1.09879
153	1.08859
154	1.07802
155	1.06699
156	1.05637
157	1.04603
158	1.036
159	1.02712
160	1.02027
161	1.01534
162	1.01057
163	1.0052
164	0.999057
165	0.991822
166	0.982606
167	0.973846
168	0.965333
169	0.956374
170	0.947141
171	0.937655
172	0.92765
173	0.918309
174	0.909608
175	0.90097
176	0.892296
177	0.883723
178	0.875026
179	0.866312
180	0.857832
181	0.849424
182	0.841115
183	0.833009
184	0.825244
185	0.817642
186	0.810253
187	0.802786
188	0.795465
189	0.788239
190	0.781299
191	0.77422
192	0.767072
193	0.759718
194	0.752512
195	0.745243
196	0.737965
197	0.730414
198	0.723247
199	0.71616
200	0.709277
201	0.702538
202	0.69646
203	0.690713
204	0.684989
205	0.67931
206	0.673331
207	0.667307
208	0.661017
209	0.654659
210	0.648703
211	0.643029
212	0.637311
213	0.631804
214	0.626583
215	0.621012
216	0.615256
217	0.60958
218	0.603817
219	0.598201
220	0.592489
221	0.586431
222	0.580222
223	0.574428
224	0.56876
225	0.563011
226	0.557224
227	0.551478
228	0.545875
229	0.540282
230	0.534429
231	0.529145
232	0.524287
233	0.519402
234	0.514093
235	0.508635
236	0.503795
237	0.499422
238	0.495378
239	0.491702
240	0.488163
241	0.484708
242	0.481249
243	0.477363
244	0.473014
245	0.468738
246	0.464268
247	0.459514
248	0.454895
249	0.45022
250	0.445416
251	0.440948
252	0.436609
253	0.432547
254	0.428566
255	0.424409
256	0.419993
257	0.415571
258	0.411078
259	0.406761
260	0.4026
261	0.398446
262	0.39451
263	0.390573
264	0.386849
265	0.383522
266	0.380144
267	0.37714
268	0.374517
269	0.372318
270	0.370473
271	0.3684
272	0.366109
273	0.363531
274	0.360678
275	0.357584
276	0.354426
277	0.351165
278	0.347888
279	0.344394
280	0.341
281	0.337811
282	0.334809
283	0.331873
284	0.329042
285	0.326232
286	0.323661
287	0.321
288	0.318609
289	0.315991
290	0.313084
291	0.309644
292	0.306408
293	0.303304
294	0.300307
295	0.297328
296	0.29429
297	0.291069
298	0.288002
299	0.285341
300	0.282526
301	0.279869
302	0.277052
303	0.274528
304	0.272257
305	0.269946
306	0.268024
307	0.26686
308	0.266069
309	0.265633
310	0.265207
311	0.264319
312	0.262776
313	0.260976
314	0.258707
315	0.256693
316	0.2544
317	0.252059
318	0.249695
319	0.247807
320	0.245692
321	0.243504
322	0.241262
323	0.239061
324	0.236684
325	0.234388
326	0.232378
327	0.230394
328	0.228783
329	0.227326
330	0.225854
331	0.224372
332	0.222726
333	0.220924
334	0.219056
335	0.217482
336	0.216095
337	0.215163
338	0.214503
339	0.214351
340	0.214541
341	0.214554
342	0.214631
343	0.21432
344	0.21356
345	0.212216
346	0.210899
347	0.209009
348	0.207026
349	0.205235
350	0.20367
351	0.201848
352	0.200515
353	0.199074
354	0.197829
355	0.196284
356	0.195122
357	0.193844
358	0.192373
359	0.190831
360	0.189471
361	0.188153
362	0.186816
363	0.185418
364	0.183961
365	0.182296
366	0.180415
367	0.178724
368	0.177339
369	0.176002
370	0.174815
371	0.173489
372	0.172197
373	0.171191
374	0.170368
375	0.169788
376	0.1692
377	0.168782
378	0.168349
379	0.16784
380	0.167041
381	0.166234
382	0.165429
383	0.164384
384	0.163306
385	0.162379
386	0.161572
387	0.160544
388	0.159497
389	0.158406
390	0.157262
391	0.156202
392	0.155316
393	0.154547
394	0.153496
395	0.152244
396	0.151195
397	0.150399
398	0.149544
399	0.148466
400	0.147336
401	0.146132
402	0.144788
403	0.143685
404	0.142415
405	0.141044
406	0.139598
407	0.13834
408	0.137165
409	0.135879
410	0.13456
411	0.13347
412	0.132821
413	0.132323
414	0.13232
415	0.132855
416	0.134019
417	0.135333
418	0.136881
419	0.138141
420	0.138498
421	0.138031
422	0.13737
423	0.136657
424	0.136066
425	0.135581
426	0.135272
427	0.134655
428	0.134188
429	0.133484
430	0.132713
431	0.132041
432	0.131222
433	0.130252
434	0.129269
435	0.128105
436	0.127232
437	0.126242
438	0.125403
439	0.124954
440	0.125482
441	0.129476
442	0.137194
443	0.147332
444	0.153356
445	0.152975
446	0.152589
447	0.15214
448	0.151908
449	0.151326
450	0.150361
451	0.149556
452	0.148915
453	0.148227
454	0.147431
455	0.146675
456	0.145994
457	0.145397
458	0.144901
459	0.144346
460	0.143748
461	0.143252
462	0.142986
463	0.142884
464	0.142476
465	0.141842
466	0.141166
467	0.140397
468	0.139388
469	0.1385
470	0.137499
471	0.136678
472	0.136082
473	0.135667
474	0.134988
475	0.134474
476	0.134244
477	0.134251
478	0.134145
479	0.133773
480	0.13313
481	0.132683
482	0.132212
483	0.131833
484	0.13161
485	0.131499
486	0.131123
487	0.130787
488	0.130498
489	0.130133
490	0.129294
491	0.128466
492	0.127512
493	0.126531
494	0.125622
495	0.125024
496	0.124303
497	0.123477
498	0.122758
499	0.121925
500	0.121118
501	0.120385
502	0.119654
503	0.119081
504	0.118339
505	0.117748
506	0.117397
507	0.117094
508	0.116698
509	0.116788
510	0.117444
511	0.118236
512	0.119104
513	0.119537
514	0.119799
515	0.11988
516	0.119661
517	0.119
518	0.118403
519	0.117697
520	0.117284
521	0.116531
522	0.115863
523	0.115105
524	0.114641
525	0.114219
526	0.113675
527	0.112841
528	0.111957
529	0.111384
530	0.110786
531	0.110374
532	0.110058
533	0.109668
534	0.109226
535	0.108833
536	0.108256
537	0.107875
538	0.107401
539	0.107042
540	0.107049
541	0.106916
542	0.106724
543	0.106609
544	0.10702
545	0.108874
546	0.112092
547	0.116515
548	0.121355
549	0.12495
550	0.12732
551	0.128317
552	0.128757
553	0.128423
554	0.127546
555	0.126592
556	0.125683
557	0.12476
558	0.123944
559	0.123186
560	0.12232
561	0.121407
562	0.11997
563	0.118637
564	0.117324
565	0.116019
566	0.114992
567	0.113752
568	0.112724
569	0.112117
570	0.111637
571	0.111084
572	0.110486
573	0.110428
574	0.110649
575	0.111163
576	0.111535
577	0.1117
578	0.111643
579	0.111413
580	0.111025
581	0.110387
582	0.109546
583	0.108659
584	0.107676
585	0.106812
586	0.105852
587	0.105049
588	0.104697
589	0.104115
590	0.103635
591	0.103125
592	0.102426
593	0.101878
594	0.101388
595	0.10091
596	0.100836
597	0.101555
598	0.102638
599	0.103576
600	0.103907
601	0.104223
602	0.104142
603	0.104113
604	0.103567
605	0.10273
606	0.101905
607	0.100937
608	0.0997576
609	0.0986503
610	0.097712
611	0.0970625
612	0.0969091
613	0.0968866
614	0.0968776
615	0.096828
616	0.0967896
617	0.0969114
618	0.097279
619	0.0974504
620	0.0975654
621	0.0976444
622	0.0977504
623	0.0983774
624	0.0998772
625	0.101812
626	0.103833
627	0.10524
628	0.10589
629	0.105924
630	0.105326
631	0.104519
632	0.103709
633	0.103037
634	0.102358
635	0.101526
636	0.100903
637	0.100315
638	0.0997306
639	0.0991058
640	0.0985623
641	0.0979601
642	0.0973174
643	0.0966362
644	0.0962168
645	0.0953958
646	0.0946764
647	0.093887
648	0.0930345
649	0.0923105
650	0.0918933
651	0.0911738
652	0.0904453
653	0.0901973
654	0.089789
655	0.0893741
656	0.0893244
657	0.0895635
658	0.0896018
659	0.0894282
660	0.0891891
661	0.0886817
662	0.0881471
663	0.0875765
664	0.0868706
665	0.0862459
666	0.0856279
667	0.0847326
668	0.0838868
669	0.0832779
670	0.0826261
671	0.0817713
672	0.0809413
673	0.0804046
674	0.0799603
675	0.0795272
676	0.0789814
677	0.0783477
678	0.0777839
679	0.0771704
680	0.07669
681	0.0761352
682	0.0755894
683	0.0749782
684	0.0742994
685	0.0736679
686	0.0732303
687	0.0728289
688	0.0721162
689	0.0717734
690	0.0725109
691	0.0751992
692	0.0796332
693	0.0849017
694	0.0895116
695	0.093154
696	0.0956394
697	0.0968843
698	0.0966633
699	0.09591
700	0.0951635
701	0.0938509
702	0.0923488
703	0.0908287
704	0.089683
705	0.0884584
706	0.0872924
707	0.086309
708	0.0855761
709	0.0846829
710	0.0838214
711	0.0829757
712	0.0820262
713	0.0814127
714	0.0807
715	0.0798565
716	0.0791235
717	0.078386
718	0.0776621
719	0.0769471
720	0.0765412
721	0.0762908
722	0.0756435
723	0.0749421
724	0.0742836
725	0.0738618
726	0.0736724
727	0.0733747
728	0.0731694
729	0.0727905
730	0.072371
731	0.0718771
732	0.0713922
733	0.0709817
734	0.0707201
735	0.0700999
736	0.0696939
737	0.0690241
738	0.0683024
739	0.0677025
740	0.067274
741	0.0664417
742	0.0660223
743	0.0655216
744	0.0651472
745	0.0648856
746	0.0647412
747	0.0644322
748	0.0641233
749	0.0637263
750	0.0633046
751	0.0629753
752	0.0626505
753	0.0622198
754	0.061692
755	0.0613041
756	0.0609162
757	0.0606275
758	0.0603726
759	0.0602035
760	0.0602057
761	0.0601471
762	0.0597344
763	0.0594209
764	0.0587849
765	0.0580564
766	0.0573279
767	0.0567505
768	0.0560627
769	0.0558394
770	0.0557785
771	0.0555439
772	0.0552553
773	0.0548448
774	0.0543779
775	0.0540148
776	0.0535908
777	0.0530428
778	0.0526661
779	0.0520414
780	0.0511799
781	0.0503409
782	0.0497861
783	0.049653
784	0.0499755
785	0.0517798
786	0.0561213
787	0.0631309
788	0.0710765
789	0.0782913
790	0.0841597
791	0.0878494
792	0.0892072
793	0.089056
794	0.0888215
795	0.0884516
796	0.0867962
797	0.0850889
798	0.0834493
799	0.0821051
800	0.0808962
801	0.0798903
802	0.079225
803	0.0789702
804	0.0787491
805	0.0787243
806	0.0784176
807	0.078271
808	0.0781695
809	0.0778425
810	0.0772516
811	0.0766381
812	0.0758149
813	0.0751789
814	0.0747685
815	0.0742294
816	0.0737152
817	0.0733386
818	0.07298
819	0.0726755
820	0.0724951
821	0.0724906
822	0.0724184
823	0.072238
824	0.0720057
825	0.0717914
826	0.0716381
827	0.0714915
828	0.0715118
829	0.0715501
830	0.0712253
831	0.0709682
832	0.0706931
833	0.0704585
834	0.0699826
835	0.0694256
836	0.0687151
837	0.0684197
838	0.0680205
839	0.0676416
840	0.0672379
841	0.0668161
842	0.0666222
843	0.0664169
844	0.0659884
845	0.0656772
846	0.0655531
847	0.0652464
848	0.0651449
849	0.0650592
850	0.0650863
851	0.0651607
852	0.06519
853	0.0651314
854	0.0648901
855	0.0646194
856	0.0638752
857	0.0634782
858	0.0629978
859	0.0625986
860	0.0620416
861	0.0614868
862	0.0611259
863	0.0608756
864	0.0606275
865	0.0602396
866	0.0599125
867	0.0592495
868	0.0589585
869	0.0585616
870	0.0584218
871	0.0584082
872	0.0579684
873	0.0573212
874	0.0565205
875	0.0560559
876	0.055465
877	0.05505
878	0.0546328
879	0.0542313
880	0.0539021
881	0.0535841
882	0.0533179
883	0.0532458
884	0.0529097
885	0.0524744
886	0.0520324
887	0.0517144
888	0.05187
889	0.0515024
890	0.0510197
891	0.0504446
892	0.0498334
893	0.0495492
894	0.0491117
895	0.0487576
896	0.0483404
897	0.0480427
898	0.0476187
899	0.0471721
900	0.046685
901	0.0463963
902	0.0461843
903	0.0459452
904	0.0457761
905	0.0457264
906	0.0455866
907	0.045431
908	0.0453385
909	0.0448987
910	0.0445266
911	0.0443755
912	0.0444161
913	0.0442131
914	0.0441364
915	0.0438207
916	0.0434237
917	0.0431711
918	0.0430358
919	0.0428125
920	0.0424652
921	0.042357
922	0.0419893
923	0.0417751
924	0.0413376
925	0.0409
926	0.0405549
927	0.0402685
928	0.0397453
929	0.0394025
930	0.0390168
931	0.0386334
932	0.038374
933	0.0381372
934	0.0382883
935	0.0388905
936	0.0403903
937	0.0424697
938	0.0448672
939	0.0471315
940	0.0488862
941	0.0499011
942	0.0505168
943	0.0503589
944	0.0499845
945	0.0493215
946	0.0488478
947	0.0485997
948	0.0482908
949	0.0479502
950	0.0476931
951	0.0472285
952	0.0469105
953	0.0464188
954	0.04597
955	0.0455889
956	0.0451604
957	0.0448581
958	0.044398
959	0.0441116
960	0.0439537
961	0.0436718
962	0.0436425
963	0.0433245
964	0.0432253
965	0.0426998
966	0.0423615
967	0.0420164
968	0.0415608
969	0.0414526
970	0.0410601
971	0.040891
972	0.0406316
973	0.0401467
974	0.0401129
975	0.0401174
976	0.0399934
977	0.0399731
978	0.0399099
979	0.0398648
980	0.040052
981	0.0402031
982	0.0399505
983	0.0398287
984	0.0396641
985	0.0394476
986	0.0392266
987	0.0392333
988	0.0390439
989	0.0387349
990	0.0385161
991	0.0382455
992	0.0381079
993	0.0378508
994	0.0374606
995	0.036978
996	0.0367457
997	0.0364344
998	0.0360465
999	0.035724
1000	0.0354376
1001	0.0352346
1002	0.0347632
1003	0.0343979
1004	0.0339445
1005	0.0335521
1006	0.0332928
1007	0.0329838
1008	0.032756
1009	0.033083
1010	0.0337799
1011	0.0344091
1012	0.034894
1013	0.0352098
1014	0.0354962
1015	0.035494
1016	0.0353902
1017	0.0352166
1018	0.0350564
1019	0.0349978
1020	0.0348602
1021	0.0347226
1022	0.0344791
1023	0.0341859
