0	0.000415075
1	0.000503033
2	0.000566183
3	0.000498523
4	0.000300053
5	0.000291031
6	0.000394777
7	0.000437628
8	0.000342904
9	0.000157966
10	2.34757e-06
11	-1.34398e-05
12	-6.7568e-05
13	8.80505e-05
14	0.000182775
15	0.000101583
16	-6.53126e-05
17	-0.000214165
18	-7.20787e-05
19	-0.000169058
20	-0.000250251
21	-0.000284081
22	-0.000308889
23	-0.000340464
24	-0.000196122
25	-0.000293102
26	-0.000320166
27	-0.000205144
28	-0.000227697
29	-0.000261527
30	-0.000299868
31	-0.000151016
32	2.94117e-05
33	7.90292e-05
34	9.70719e-05
35	8.57952e-05
36	0.000212094
37	7.45185e-05
38	-2.24612e-05
39	-9.91428e-05
40	-0.00018259
41	-0.000123952
42	-0.000121696
43	-0.000205144
44	-3.59932e-05
45	-0.00021191
46	-0.00017808
47	-4.95253e-05
48	4.97097e-05
49	6.09864e-05
50	8.80505e-05
51	0.000250435
52	0.000469203
53	0.000672184
54	0.000805249
55	0.00122249
56	0.00172317
57	0.00212237
58	0.00246743
59	0.00405519
60	0.0107287
61	0.0313268
62	0.0826876
63	0.186447
64	0.355629
65	0.58273
66	0.844183
67	1.10919
68	1.34864
69	1.54115
70	1.6775
71	1.76174
72	1.80497
73	1.81898
74	1.81392
75	1.79899
76	1.78031
77	1.76109
78	1.74315
79	1.72737
80	1.71394
81	1.70284
82	1.69329
83	1.68448
84	1.67639
85	1.66867
86	1.66147
87	1.65417
88	1.64698
89	1.63971
90	1.63329
91	1.62716
92	1.62091
93	1.61359
94	1.60572
95	1.59735
96	1.58764
97	1.57729
98	1.56713
99	1.55709
100	1.54715
101	1.53705
102	1.52683
103	1.51689
104	1.50724
105	1.49768
106	1.48811
107	1.47875
108	1.46943
109	1.45948
110	1.44871
111	1.43752
112	1.42632
113	1.41531
114	1.40463
115	1.39424
116	1.38361
117	1.37286
118	1.36187
119	1.35126
120	1.3405
121	1.32977
122	1.319
123	1.30862
124	1.29839
125	1.28768
126	1.27655
127	1.26576
128	1.25523
129	1.24497
130	1.23455
131	1.22405
132	1.21341
133	1.20274
134	1.19254
135	1.1825
136	1.17264
137	1.16304
138	1.1529
139	1.1424
140	1.13166
141	1.12079
142	1.11034
143	1.09979
144	1.08937
145	1.07899
146	1.06868
147	1.05857
148	1.04893
149	1.03948
150	1.02983
151	1.0206
152	1.01171
153	1.00295
154	0.995115
155	0.98965
156	0.988024
157	0.988802
158	0.989168
159	0.981405
160	0.972629
161	0.963951
162	0.955229
163	0.946625
164	0.937829
165	0.929176
166	0.920772
167	0.91263
168	0.904633
169	0.896381
170	0.888613
171	0.881516
172	0.875273
173	0.868714
174	0.861473
175	0.854001
176	0.846391
177	0.838671
178	0.831082
179	0.823549
180	0.81633
181	0.80937
182	0.802042
183	0.794579
184	0.787572
185	0.780528
186	0.773456
187	0.766694
188	0.76014
189	0.753715
190	0.746928
191	0.740086
192	0.733496
193	0.726826
194	0.72
195	0.713349
196	0.706851
197	0.700766
198	0.694253
199	0.687744
200	0.681503
201	0.67579
202	0.669742
203	0.663695
204	0.658224
205	0.652917
206	0.647838
207	0.642777
208	0.637828
209	0.632375
210	0.627089
211	0.621996
212	0.616987
213	0.611585
214	0.606091
215	0.600678
216	0.59536
217	0.589815
218	0.584
219	0.578391
220	0.572927
221	0.567696
222	0.562473
223	0.556975
224	0.551704
225	0.546636
226	0.541514
227	0.536259
228	0.531212
229	0.526067
230	0.520774
231	0.515648
232	0.510835
233	0.506103
234	0.501669
235	0.497467
236	0.493266
237	0.489686
238	0.486524
239	0.484183
240	0.482104
241	0.479903
242	0.477244
243	0.473976
244	0.470577
245	0.466772
246	0.462956
247	0.458655
248	0.454266
249	0.449589
250	0.444785
251	0.440662
252	0.436564
253	0.432561
254	0.428643
255	0.424656
256	0.420831
257	0.41701
258	0.413188
259	0.409205
260	0.405154
261	0.401209
262	0.39731
263	0.393753
264	0.390111
265	0.386518
266	0.383013
267	0.379326
268	0.375444
269	0.371854
270	0.368455
271	0.365408
272	0.362738
273	0.359921
274	0.35707
275	0.354359
276	0.3517
277	0.349048
278	0.34619
279	0.343276
280	0.340171
281	0.336865
282	0.333538
283	0.330335
284	0.326925
285	0.323932
286	0.321064
287	0.318249
288	0.315229
289	0.312277
290	0.309196
291	0.306368
292	0.303395
293	0.300366
294	0.297184
295	0.294365
296	0.291728
297	0.289049
298	0.286298
299	0.283526
300	0.280756
301	0.278341
302	0.275738
303	0.273305
304	0.270666
305	0.268424
306	0.266306
307	0.264315
308	0.262429
309	0.260447
310	0.258406
311	0.256617
312	0.25486
313	0.252991
314	0.250941
315	0.248922
316	0.247073
317	0.245343
318	0.243667
319	0.241743
320	0.239648
321	0.237481
322	0.23523
323	0.233056
324	0.230726
325	0.22845
326	0.226057
327	0.223775
328	0.22147
329	0.219447
330	0.217212
331	0.21499
332	0.212925
333	0.210924
334	0.208872
335	0.207223
336	0.205633
337	0.204361
338	0.203393
339	0.202512
340	0.201966
341	0.201328
342	0.200421
343	0.199104
344	0.198051
345	0.196605
346	0.195087
347	0.193427
348	0.191733
349	0.189801
350	0.18812
351	0.186273
352	0.184491
353	0.182958
354	0.181503
355	0.180071
356	0.17847
357	0.176988
358	0.175558
359	0.174126
360	0.17271
361	0.171329
362	0.169816
363	0.168415
364	0.167143
365	0.165901
366	0.164784
367	0.16383
368	0.162829
369	0.161683
370	0.160486
371	0.159401
372	0.158156
373	0.157272
374	0.156712
375	0.156124
376	0.156167
377	0.156194
378	0.156415
379	0.156541
380	0.156241
381	0.155718
382	0.154755
383	0.153638
384	0.152587
385	0.151658
386	0.150576
387	0.14924
388	0.148122
389	0.147208
390	0.146236
391	0.145303
392	0.144207
393	0.142747
394	0.141385
395	0.140192
396	0.139089
397	0.137995
398	0.13692
399	0.135918
400	0.135021
401	0.133814
402	0.132592
403	0.131274
404	0.130528
405	0.129549
406	0.128627
407	0.127756
408	0.126696
409	0.126094
410	0.125223
411	0.124274
412	0.123462
413	0.122679
414	0.122043
415	0.121168
416	0.120169
417	0.119238
418	0.118505
419	0.117984
420	0.117535
421	0.117206
422	0.117145
423	0.117269
424	0.117616
425	0.117817
426	0.117896
427	0.117864
428	0.117546
429	0.117073
430	0.116691
431	0.116053
432	0.115162
433	0.114154
434	0.113304
435	0.112774
436	0.113196
437	0.114637
438	0.11751
439	0.121563
440	0.126234
441	0.130853
442	0.134538
443	0.136617
444	0.137186
445	0.136717
446	0.135751
447	0.134306
448	0.132864
449	0.131705
450	0.130607
451	0.129339
452	0.128185
453	0.127095
454	0.126146
455	0.125068
456	0.12376
457	0.122812
458	0.12212
459	0.121579
460	0.120864
461	0.120086
462	0.119319
463	0.118672
464	0.118236
465	0.117774
466	0.117282
467	0.116937
468	0.116538
469	0.116337
470	0.115884
471	0.115298
472	0.114614
473	0.113978
474	0.113166
475	0.112393
476	0.111626
477	0.110676
478	0.109758
479	0.108953
480	0.10815
481	0.107426
482	0.106657
483	0.105999
484	0.105446
485	0.104779
486	0.104007
487	0.10332
488	0.102765
489	0.102038
490	0.100994
491	0.100173
492	0.0992779
493	0.0984728
494	0.0977127
495	0.0970226
496	0.0967136
497	0.0963099
498	0.0958092
499	0.095101
500	0.094456
501	0.0937997
502	0.0933013
503	0.0926968
504	0.0922255
505	0.0917564
506	0.0910707
507	0.0903039
508	0.089377
509	0.0883734
510	0.0877892
511	0.0871622
512	0.0866029
513	0.0861609
514	0.0858
515	0.0853332
516	0.0847445
517	0.0843498
518	0.0839348
519	0.0833372
520	0.0828388
521	0.0820494
522	0.081251
523	0.0807481
524	0.0801865
525	0.079467
526	0.0788603
527	0.0780484
528	0.077568
529	0.0770876
530	0.0765621
531	0.0761787
532	0.0757953
533	0.0753849
534	0.074927
535	0.0745639
536	0.0741241
537	0.0736054
538	0.0732806
539	0.072798
540	0.0724484
541	0.07195
542	0.0716026
543	0.0713771
544	0.0714515
545	0.0714763
546	0.072153
547	0.0745459
548	0.0804052
549	0.0890748
550	0.0977691
551	0.102408
552	0.102068
553	0.101531
554	0.100918
555	0.100385
556	0.0998282
557	0.0992509
558	0.0988246
559	0.0983465
560	0.0980059
561	0.0978075
562	0.0976
563	0.097176
564	0.0965805
565	0.0961926
566	0.0961227
567	0.0957032
568	0.0954123
569	0.0949071
570	0.094668
571	0.0944695
572	0.0942914
573	0.0939824
574	0.0935967
575	0.0932449
576	0.0928502
577	0.092557
578	0.0922029
579	0.0921082
580	0.0919007
581	0.0914406
582	0.0908384
583	0.0902588
584	0.0898393
585	0.0894604
586	0.0890567
587	0.0885245
588	0.0881456
589	0.0878817
590	0.0879133
591	0.0878208
592	0.0875817
593	0.0874735
594	0.0878434
595	0.0889823
596	0.0909941
597	0.0932742
598	0.0957055
599	0.0978368
600	0.0993524
601	0.100148
602	0.100245
603	0.0998666
604	0.0993907
605	0.0988133
606	0.0980758
607	0.0972301
608	0.0962084
609	0.0953604
610	0.0945552
611	0.093829
612	0.093272
613	0.0931028
614	0.0928006
615	0.0924014
616	0.0919819
617	0.0919052
618	0.0916256
619	0.0917519
620	0.0922232
621	0.0927916
622	0.0934659
623	0.0940636
624	0.0944921
625	0.0947808
626	0.0946928
627	0.0947221
628	0.0947515
629	0.0947808
630	0.0950041
631	0.0950898
632	0.0947109
633	0.0940974
634	0.0935088
635	0.0929246
636	0.0922909
637	0.0916459
638	0.0913459
639	0.0911316
640	0.0906806
641	0.0900378
642	0.0895642
643	0.0891898
644	0.0888853
645	0.088759
646	0.0883283
647	0.0878411
648	0.0875727
649	0.0871825
650	0.0867991
651	0.0861338
652	0.0855812
653	0.0851369
654	0.0845145
655	0.0838582
656	0.0831252
657	0.0826177
658	0.0820381
659	0.0811856
660	0.0804774
661	0.0797963
662	0.0792821
663	0.0784499
664	0.0776627
665	0.077241
666	0.0765351
667	0.075872
668	0.0752292
669	0.0746248
670	0.0741715
671	0.073637
672	0.0732603
673	0.0726717
674	0.0720808
675	0.0715914
676	0.0710569
677	0.0704592
678	0.0695819
679	0.0687609
680	0.0681204
681	0.0675002
682	0.0670333
683	0.066456
684	0.0657636
685	0.0654005
686	0.065211
687	0.0653554
688	0.0659778
689	0.0668687
690	0.0678565
691	0.0688308
692	0.0695255
693	0.0699991
694	0.0702246
695	0.0699044
696	0.0694871
697	0.0687947
698	0.0681768
699	0.0677934
700	0.0670198
701	0.0663184
702	0.0655696
703	0.0649223
704	0.0642931
705	0.0634857
706	0.0629196
707	0.0621347
708	0.0615957
709	0.0612055
710	0.0607071
711	0.0602042
712	0.0595276
713	0.0590449
714	0.058657
715	0.0583006
716	0.0579398
717	0.0575271
718	0.0574098
719	0.0570986
720	0.0566159
721	0.0562844
722	0.0560588
723	0.055601
724	0.0552199
725	0.0546267
726	0.0541711
727	0.053817
728	0.0534697
729	0.0531224
730	0.0526262
731	0.0523127
732	0.0520534
733	0.0515842
734	0.0509076
735	0.0504047
736	0.0498318
737	0.0493402
738	0.0489026
739	0.0483591
740	0.0479148
741	0.0473577
742	0.0469022
743	0.0465278
744	0.0463834
745	0.0462842
746	0.0463676
747	0.0462278
748	0.0461196
749	0.0459143
750	0.0456798
751	0.0454475
752	0.0452828
753	0.0449287
754	0.0444777
755	0.0442521
756	0.0439454
757	0.043571
758	0.0430884
759	0.0427749
760	0.0426824
761	0.0422133
762	0.0418727
763	0.041363
764	0.0411127
765	0.0408308
766	0.040621
767	0.0403865
768	0.0400459
769	0.0396557
770	0.039349
771	0.0390694
772	0.038801
773	0.0384717
774	0.0381244
775	0.0380071
776	0.0378086
777	0.0375109
778	0.0371771
779	0.0369448
780	0.0373711
781	0.0390513
782	0.0421682
783	0.0462526
784	0.0509956
785	0.0553146
786	0.0587517
787	0.0613476
788	0.0630639
789	0.0642006
790	0.0653599
791	0.0659666
792	0.0665214
793	0.0667469
794	0.066792
795	0.0665665
796	0.0662913
797	0.0657072
798	0.0653012
799	0.0648299
800	0.0642931
801	0.0637044
802	0.0631135
803	0.0624302
804	0.0621843
805	0.062234
806	0.0622092
807	0.0618415
808	0.0611311
809	0.0607545
810	0.0606282
811	0.0604387
812	0.0603102
813	0.0601545
814	0.0596877
815	0.0594193
816	0.0590945
817	0.0587991
818	0.0584901
819	0.0580413
820	0.0577481
821	0.0575158
822	0.0573173
823	0.0568753
824	0.0563024
825	0.056025
826	0.0559889
827	0.0563182
828	0.0566678
829	0.0571301
830	0.057491
831	0.0576398
832	0.0577436
833	0.0574842
834	0.0569971
835	0.0564152
836	0.0559303
837	0.0555176
838	0.0552334
839	0.0549718
840	0.0547485
841	0.0545275
842	0.0541914
843	0.053817
844	0.0534178
845	0.0529081
846	0.0523014
847	0.0518368
848	0.0514602
849	0.0512617
850	0.0511106
851	0.0509167
852	0.0505468
853	0.0502153
854	0.0498679
855	0.0495409
856	0.0493718
857	0.0491665
858	0.0490357
859	0.0486681
860	0.048296
861	0.0479171
862	0.0474231
863	0.0470555
864	0.0468841
865	0.0465706
866	0.0460587
867	0.045691
868	0.0452896
869	0.0449806
870	0.0448521
871	0.0446107
872	0.0444686
873	0.0444686
874	0.04441
875	0.0444777
876	0.0444799
877	0.0442544
878	0.0440198
879	0.0438349
880	0.0435462
881	0.0431583
882	0.0427343
883	0.0423937
884	0.0422133
885	0.042175
886	0.0422201
887	0.0419539
888	0.041654
889	0.0412097
890	0.0407676
891	0.0403842
892	0.0399557
893	0.0397572
894	0.0394528
895	0.0392047
896	0.0388867
897	0.0385687
898	0.0381627
899	0.0379124
900	0.0376282
901	0.0373282
902	0.037105
903	0.0370711
904	0.0370057
905	0.0367215
906	0.0366945
907	0.0366922
908	0.0367915
909	0.0370666
910	0.0371861
911	0.0372628
912	0.0373733
913	0.0374094
914	0.0373846
915	0.0372132
916	0.036893
917	0.0364058
918	0.0358826
919	0.0355849
920	0.0354157
921	0.0351112
922	0.0346714
923	0.0343354
924	0.0340805
925	0.0338482
926	0.0334423
927	0.0331243
928	0.0328288
929	0.0325875
930	0.0324184
931	0.0322064
932	0.0319921
933	0.0316831
934	0.0313877
935	0.03132
936	0.0314238
937	0.0321094
938	0.0329596
939	0.0338708
940	0.0346602
941	0.0353255
942	0.0358352
943	0.0357901
944	0.0358961
945	0.0358735
946	0.0358172
947	0.0356886
948	0.0354743
949	0.0353458
950	0.0352826
951	0.0350503
952	0.0347865
953	0.0344752
954	0.0343692
955	0.0342542
956	0.0339588
957	0.0335122
958	0.0332348
959	0.0332145
960	0.0330837
961	0.0330341
962	0.0328401
963	0.0326416
964	0.0322176
965	0.0318793
966	0.0317824
967	0.0315997
968	0.0313471
969	0.0312163
970	0.030905
971	0.0306772
972	0.0305893
973	0.0303525
974	0.0301743
975	0.0301224
976	0.030039
977	0.0300841
978	0.0301472
979	0.0302645
980	0.0302893
981	0.0304314
982	0.0304991
983	0.0303457
984	0.0303773
985	0.0301337
986	0.0298991
987	0.0298495
988	0.0298676
989	0.0296601
990	0.0293082
991	0.029015
992	0.0287895
993	0.0286519
994	0.0284151
995	0.0283633
996	0.0283475
997	0.0282618
998	0.0280746
999	0.0277633
1000	0.0274701
1001	0.0273258
1002	0.0271702
1003	0.0273822
1004	0.027495
1005	0.0281445
1006	0.0287106
1007	0.0294503
1008	0.0303141
1009	0.0311531
1010	0.0316786
1011	0.0317981
1012	0.031735
1013	0.0318049
1014	0.0317778
1015	0.0315997
1016	0.0315207
1017	0.0312253
1018	0.0310403
1019	0.0307742
1020	0.0309298
1021	0.0309186
1022	0.0309772
1023	0.0308486
