0	0.000347278
1	0.000699112
2	0.000782559
3	0.000868262
4	0.000615664
5	0.000331491
6	-0.000191748
7	-0.000415027
8	-0.000419537
9	-0.000288728
10	-0.000144386
11	-1.80868e-05
12	-2.93635e-05
13	-1.80868e-05
14	8.97731e-06
15	0.000173617
16	0.00012851
17	-0.000214301
18	-0.000275196
19	-0.000293238
20	-0.000363154
21	-0.000581922
22	-0.000572901
23	-0.000480432
24	-0.000439835
25	-0.000487198
26	-0.0004669
27	-0.000311281
28	-0.000281962
29	-0.00036992
30	-0.000198514
31	-0.000180471
32	1.3488e-05
33	-5.86829e-05
34	-0.000182727
35	-0.000225578
36	-0.000157918
37	9.01696e-05
38	0.000155574
39	0.000164596
40	0.000363066
41	0.000678813
42	0.000708133
43	0.000358555
44	7.43822e-05
45	-0.000126343
46	-6.99596e-05
47	0.000209703
48	0.000399151
49	0.000692346
50	0.000805113
51	0.000674303
52	0.000405917
53	0.000202937
54	0.000169106
55	0.000376598
56	0.00173882
57	0.00581648
58	0.016694
59	0.0426056
60	0.0961835
61	0.187554
62	0.312281
63	0.45564
64	0.602961
65	0.744454
66	0.875322
67	0.992853
68	1.09619
69	1.18413
70	1.25716
71	1.3156
72	1.36093
73	1.39467
74	1.41893
75	1.43677
76	1.45089
77	1.46317
78	1.47479
79	1.48588
80	1.49596
81	1.50498
82	1.5116
83	1.51522
84	1.51708
85	1.51832
86	1.51971
87	1.52208
88	1.52511
89	1.52791
90	1.52919
91	1.52766
92	1.52297
93	1.51551
94	1.50608
95	1.49644
96	1.48872
97	1.48359
98	1.48029
99	1.47822
100	1.47564
101	1.47093
102	1.46331
103	1.45232
104	1.43923
105	1.42545
106	1.41307
107	1.40311
108	1.39568
109	1.39024
110	1.38554
111	1.37939
112	1.37118
113	1.36053
114	1.34835
115	1.3355
116	1.32296
117	1.31206
118	1.30264
119	1.29384
120	1.2846
121	1.27396
122	1.26168
123	1.24871
124	1.23614
125	1.22503
126	1.21654
127	1.21024
128	1.20514
129	1.19932
130	1.19092
131	1.17844
132	1.16279
133	1.14526
134	1.12747
135	1.1122
136	1.10097
137	1.09436
138	1.09132
139	1.08961
140	1.08659
141	1.08044
142	1.06968
143	1.05409
144	1.03526
145	1.01565
146	0.998302
147	0.985715
148	0.978764
149	0.976571
150	0.977083
151	0.977449
152	0.974889
153	0.967954
154	0.956235
155	0.940946
156	0.923979
157	0.907323
158	0.893773
159	0.883931
160	0.878115
161	0.875501
162	0.874134
163	0.872133
164	0.867911
165	0.860859
166	0.850884
167	0.838921
168	0.826149
169	0.813519
170	0.802148
171	0.792166
172	0.784126
173	0.77761
174	0.772391
175	0.767781
176	0.763442
177	0.758586
178	0.753056
179	0.746414
180	0.737733
181	0.727151
182	0.714929
183	0.702446
184	0.690953
185	0.681988
186	0.67598
187	0.673113
188	0.672786
189	0.672827
190	0.671424
191	0.666922
192	0.658832
193	0.64722
194	0.633311
195	0.619154
196	0.606353
197	0.597156
198	0.592794
199	0.592672
200	0.595072
201	0.597769
202	0.597956
203	0.593883
204	0.584814
205	0.572295
206	0.558129
207	0.544588
208	0.533837
209	0.527229
210	0.524867
211	0.52519
212	0.526674
213	0.527285
214	0.525458
215	0.520156
216	0.511868
217	0.501279
218	0.490173
219	0.479921
220	0.471574
221	0.46575
222	0.462512
223	0.461172
224	0.46022
225	0.459023
226	0.456492
227	0.452588
228	0.446851
229	0.439789
230	0.431943
231	0.423688
232	0.415693
233	0.408368
234	0.402547
235	0.398304
236	0.395893
237	0.394906
238	0.394461
239	0.393961
240	0.391911
241	0.387738
242	0.381315
243	0.37332
244	0.364533
245	0.356229
246	0.349429
247	0.345126
248	0.343317
249	0.343933
250	0.345534
251	0.346429
252	0.345311
253	0.34117
254	0.333806
255	0.324494
256	0.314706
257	0.305953
258	0.299908
259	0.297545
260	0.298503
261	0.301449
262	0.304272
263	0.305276
264	0.303544
265	0.298433
266	0.290312
267	0.280691
268	0.271547
269	0.264439
270	0.260117
271	0.258694
272	0.260034
273	0.262652
274	0.264939
275	0.264987
276	0.262851
277	0.258304
278	0.25173
279	0.243989
280	0.236788
281	0.230992
282	0.227266
283	0.22536
284	0.224844
285	0.225457
286	0.226073
287	0.225721
288	0.224043
289	0.221571
290	0.217834
291	0.212933
292	0.207512
293	0.202385
294	0.198339
295	0.195416
296	0.193531
297	0.193463
298	0.194643
299	0.195831
300	0.196111
301	0.195012
302	0.192602
303	0.188713
304	0.183334
305	0.17754
306	0.172529
307	0.16909
308	0.167542
309	0.167754
310	0.16932
311	0.170885
312	0.171316
313	0.170461
314	0.168061
315	0.164574
316	0.159904
317	0.155161
318	0.151412
319	0.149184
320	0.148307
321	0.148399
322	0.148983
323	0.149599
324	0.14945
325	0.147849
326	0.145016
327	0.141308
328	0.13731
329	0.13337
330	0.130081
331	0.127927
332	0.126881
333	0.126628
334	0.126915
335	0.127097
336	0.126985
337	0.126064
338	0.124105
339	0.121488
340	0.119005
341	0.11654
342	0.114587
343	0.113087
344	0.112361
345	0.11226
346	0.112499
347	0.112909
348	0.112905
349	0.112284
350	0.110428
351	0.107907
352	0.104808
353	0.101619
354	0.0985087
355	0.0963684
356	0.0952678
357	0.0953851
358	0.0962827
359	0.0971691
360	0.0974397
361	0.096824
362	0.09481
363	0.0919322
364	0.0886845
365	0.0853623
366	0.0825048
367	0.0805968
368	0.0801457
369	0.0807885
370	0.0820695
371	0.0831476
372	0.0837859
373	0.0832378
374	0.0813163
375	0.0782603
376	0.074672
377	0.0711943
378	0.068754
379	0.0675429
380	0.0676872
381	0.0686548
382	0.0699922
383	0.0710928
384	0.0713995
385	0.0705357
386	0.0685285
387	0.065786
388	0.0624729
389	0.0597236
390	0.057536
391	0.056618
392	0.0563271
393	0.056918
394	0.0581629
395	0.0590312
396	0.0594485
397	0.0588982
398	0.0574006
399	0.0551814
400	0.0525359
401	0.0497866
402	0.0475313
403	0.0458804
404	0.0451293
405	0.0448632
406	0.0452737
407	0.0460089
408	0.0464803
409	0.046672
410	0.0461284
411	0.044897
412	0.0430183
413	0.0408261
414	0.0384422
415	0.03655
416	0.0357629
417	0.0357787
418	0.0366019
419	0.0378852
420	0.0394887
421	0.0405826
422	0.0411983
423	0.0406457
424	0.0393286
425	0.0377431
426	0.0358441
427	0.0342248
428	0.0328896
429	0.03231
430	0.0328603
431	0.0337985
432	0.0348202
433	0.0356885
434	0.0358193
435	0.0350615
436	0.033918
437	0.0327069
438	0.0314665
439	0.0307854
440	0.0303027
441	0.03065
442	0.0316785
443	0.0330971
444	0.0341548
445	0.0347502
446	0.03466
447	0.0340218
448	0.0329415
449	0.0316086
450	0.0304899
451	0.029678
452	0.0294389
453	0.0292382
454	0.0293194
455	0.029572
456	0.0295291
457	0.0291344
458	0.0283789
459	0.027355
460	0.0265814
461	0.0256048
462	0.024917
463	0.0246328
464	0.0247501
465	0.0252372
466	0.0256499
467	0.0262386
468	0.0267235
469	0.0268498
470	0.0265724
471	0.0261709
472	0.0255958
473	0.0249124
474	0.0239269
475	0.0230112
476	0.022064
477	0.021543
478	0.0211934
479	0.0212475
480	0.0216332
481	0.0220414
482	0.0224316
483	0.0223549
484	0.0218362
485	0.0208506
486	0.0198334
487	0.018796
488	0.0182863
489	0.0183088
490	0.0185434
491	0.0190147
492	0.0195966
493	0.0195853
494	0.0190937
495	0.0181284
496	0.0170751
497	0.016076
498	0.01521
499	0.0146439
500	0.0144026
501	0.0141973
502	0.0144364
503	0.0146642
504	0.0145243
505	0.0141409
506	0.013338
507	0.0122668
508	0.0112338
509	0.0101445
510	0.00929421
511	0.00882736
512	0.00892885
513	0.00883638
514	0.0086988
515	0.00833344
516	0.0079771
517	0.00752152
518	0.0066284
519	0.00603976
520	0.00552554
521	0.00489179
522	0.00433021
523	0.00385659
524	0.00303113
525	0.00244249
526	0.00211095
527	0.00190797
528	0.00203653
529	0.00174784
530	0.00166665
531	0.00156065
532	0.00154712
533	0.000962986
534	0.000266086
535	-0.000284217
536	-0.000949542
537	-0.00147504
538	-0.00180657
539	-0.00212683
540	-0.00238168
541	-0.00225313
542	-0.00242002
543	-0.00317782
544	-0.00296807
545	-0.00135099
546	0.00155614
547	0.00546465
548	0.0100881
549	0.015449
550	0.0206296
551	-0.0121947
552	-0.0124337
553	-0.01286
554	-0.0137418
555	-0.0150432
556	-0.0160942
557	-0.0164821
558	-0.0165836
559	-0.0168068
560	-0.0165091
561	-0.0162723
562	-0.0159002
563	-0.0159679
564	-0.0164956
565	-0.0173977
566	-0.0181939
567	-0.0189224
568	-0.019423
569	-0.0194884
570	-0.0187397
571	-0.0177293
572	-0.016967
573	-0.016243
574	-0.0159182
575	-0.015925
576	-0.0162588
577	-0.0168903
578	-0.0175646
579	-0.0181488
580	-0.0185164
581	-0.0189021
582	-0.0189742
583	-0.0186652
584	-0.0183856
585	-0.0183833
586	-0.0183202
587	-0.0184397
588	-0.0188412
589	-0.0193012
590	-0.0196012
591	-0.0200793
592	-0.0204199
593	-0.0209071
594	-0.0210762
595	-0.0207041
596	-0.020059
597	-0.019617
598	-0.0189381
599	-0.0182322
600	-0.017736
601	-0.0178511
602	-0.0185547
603	-0.0193283
604	-0.0202034
605	-0.0210942
606	-0.0217686
607	-0.0220731
608	-0.0219265
609	-0.0213581
610	-0.0205981
611	-0.0200162
612	-0.0193328
613	-0.0192065
614	-0.0199711
615	-0.0212702
616	-0.0224249
617	-0.0231804
618	-0.0234578
619	-0.0232075
620	-0.0223009
621	-0.0212905
622	-0.0202124
623	-0.0194388
624	-0.0189607
625	-0.0188344
626	0.0178577
627	0.0168158
628	0.0158121
629	0.0151852
630	0.0147183
631	0.014574
632	0.0145198
633	0.0146191
634	0.0148784
635	0.0151807
636	0.0150882
637	0.0147882
638	0.0143868
639	0.013947
640	0.0132952
641	0.012684
642	0.0123209
643	0.0119149
644	0.0116916
645	0.0113624
646	0.0113037
647	0.0110985
648	0.0110647
649	0.0108978
650	0.0105933
651	0.0100295
652	0.00930324
653	0.00849131
654	0.00753279
655	0.00716292
656	0.0070727
657	0.00718998
658	0.00760271
659	0.00784178
660	0.00762075
661	0.00739071
662	0.00693964
663	0.00625402
664	0.00566086
665	0.00513762
666	0.00490532
667	0.0046234
668	0.00442719
669	0.00423323
670	0.00458055
671	0.00432796
672	0.00397161
673	0.00335365
674	0.00232747
675	0.0012855
676	0.000155575
677	-0.000428558
678	-0.000879626
679	-0.000987883
680	-0.0012292
681	-0.00121793
682	-0.00117959
683	-0.00116605
684	-0.00167351
685	-0.00217419
686	-0.00274705
687	-0.00355446
688	-0.00432353
689	-0.00473175
690	-0.00478137
691	-0.00470243
692	-0.0044566
693	-0.00425587
694	-0.00401681
695	-0.00399425
696	-0.00426489
697	-0.00468664
698	-0.00513545
699	-0.00603759
700	-0.00683598
701	-0.00766144
702	-0.00809672
703	-0.00806514
704	-0.00806514
705	-0.00782156
706	-0.00767497
707	-0.00748326
708	-0.00781029
709	-0.00838089
710	-0.00889962
711	-0.00961456
712	-0.0104738
713	-0.0113467
714	-0.0118338
715	-0.0122511
716	-0.0123864
717	-0.0123931
718	-0.0123029
719	-0.0120999
720	-0.0122353
721	-0.0123097
722	-0.0128893
723	-0.0139471
724	-0.0147612
725	-0.0157716
726	-0.0163964
727	-0.0165159
728	-0.0164663
729	-0.0163377
730	-0.0163783
731	-0.0166738
732	-0.0171857
733	-0.0179277
734	-0.0186337
735	-0.0194275
736	-0.0199643
737	-0.0207762
738	-0.0209296
739	-0.0208687
740	-0.0206251
741	-0.0204402
742	-0.0202169
743	-0.0201741
744	-0.0203725
745	-0.0206499
746	-0.0212521
747	-0.0218678
748	-0.0222828
749	-0.0223775
750	-0.0224136
751	-0.0222219
752	-0.0221858
753	-0.022134
754	-0.0218701
755	-0.0219107
756	-0.0223211
757	-0.0227406
758	-0.0232458
759	-0.0237398
760	-0.024033
761	-0.0241006
762	-0.024148
763	-0.024069
764	-0.0238345
765	-0.0235323
766	-0.0233406
767	-0.0231917
768	-0.0233879
769	-0.0237488
770	-0.0243171
771	-0.0250095
772	-0.0256478
773	-0.0260334
774	-0.0261755
775	-0.0261214
776	-0.0260357
777	-0.0258508
778	-0.0257042
779	-0.0259252
780	-0.0262251
781	-0.0265093
782	-0.0267326
783	-0.0269017
784	-0.0272378
785	-0.0271927
786	-0.026586
787	-0.0259162
788	-0.0251178
789	-0.0243059
790	-0.0236135
791	-0.023106
792	-0.0233699
793	-0.0238909
794	-0.0246374
795	-0.0251561
796	-0.025544
797	-0.0256072
798	-0.0256162
799	-0.0255531
800	-0.0251065
801	-0.0244502
802	-0.0238164
803	-0.0233924
804	-0.0235706
805	-0.0240217
806	-0.0246374
807	-0.0253388
808	-0.0260222
809	-0.026462
810	-0.0267213
811	-0.0264146
812	-0.0259365
813	-0.0254493
814	-0.0250253
815	-0.0247118
816	-0.0246757
817	-0.0249734
818	-0.025438
819	-0.0257966
820	-0.0260921
821	-0.026286
822	-0.0263898
823	-0.0261079
824	-0.0251381
825	-0.023821
826	-0.0226414
827	-0.0216243
828	-0.0206409
829	-0.0201087
830	-0.019741
831	-0.0195155
832	-0.0195065
833	-0.0194275
834	-0.0194772
835	-0.0195268
836	-0.0191231
837	-0.0187329
838	-0.0185457
839	-0.018266
840	-0.0180586
841	-0.018018
842	-0.0183585
843	-0.0189427
844	-0.0193892
845	-0.0197343
846	-0.0201605
847	-0.0203139
848	-0.0199553
849	-0.0193779
850	-0.0187126
851	-0.0184758
852	-0.0184848
853	-0.0185502
854	-0.0190757
855	-0.0195854
856	-0.020235
857	-0.0204334
858	-0.0205958
859	-0.0207086
860	-0.0207537
861	-0.0207199
862	-0.0206567
863	-0.0207063
864	-0.0210536
865	-0.0212205
866	-0.0212905
867	-0.021728
868	-0.0220934
869	-0.0223708
870	-0.0224159
871	-0.0224226
872	-0.0228218
873	-0.0230135
874	-0.023097
875	-0.0231466
876	-0.0233857
877	-0.0233631
878	-0.0235165
879	-0.023636
880	-0.0237443
881	-0.0241096
882	-0.0243555
883	-0.024775
884	-0.0249622
885	-0.0252959
886	-0.0253704
887	-0.0252283
888	-0.0251922
889	-0.0251561
890	-0.0251719
891	-0.0252621
892	-0.0254042
893	-0.0256094
894	-0.0261891
895	-0.0264191
896	-0.0266852
897	-0.0270777
898	-0.0272603
899	-0.0275806
900	-0.0276798
901	-0.0279257
902	-0.0282076
903	-0.028379
904	-0.0282166
905	-0.0280429
906	-0.0282414
907	-0.0286767
908	-0.0289631
909	-0.0288391
910	-0.0288098
911	-0.028918
912	-0.0289158
913	-0.0289947
914	-0.0289699
915	-0.0291616
916	-0.0293646
917	-0.0293894
918	-0.0294548
919	-0.029739
920	-0.029969
921	-0.0302802
922	-0.0305554
923	-0.0309501
924	-0.0314124
925	-0.0317237
926	-0.0316289
927	-0.0316357
928	-0.0317733
929	-0.0316583
930	-0.0316041
931	-0.0317056
932	-0.031983
933	-0.0321093
934	-0.0322086
935	-0.0323709
936	-0.032292
937	-0.0320417
938	-0.0320101
939	-0.0320665
940	-0.0319898
941	-0.0318951
942	-0.031656
943	-0.0317891
944	-0.0318432
945	-0.0321589
946	-0.032398
947	-0.0326213
948	-0.0327318
949	-0.032901
950	-0.0329213
951	-0.0328761
952	-0.032937
953	-0.0325378
954	-0.0324499
955	-0.0325175
956	-0.0327589
957	-0.0331626
958	-0.0334355
959	-0.0335866
960	-0.0336723
961	-0.0337445
962	-0.0337602
963	-0.0340422
964	-0.0340625
965	-0.0341188
966	-0.0342181
967	-0.0344459
968	-0.0346173
969	-0.03473
970	-0.0347007
971	-0.0346917
972	-0.0345879
973	-0.0341865
974	-0.0337941
975	-0.0335189
976	-0.0331806
977	-0.0326641
978	-0.0322446
979	-0.0321161
980	-0.0319041
981	-0.0317958
982	-0.0319109
983	-0.0322649
984	-0.0325649
985	-0.0327138
986	-0.03261
987	-0.0326596
988	-0.0327318
989	-0.0326664
990	-0.0325807
991	-0.0324747
992	-0.0326213
993	-0.0328829
994	-0.0332077
995	-0.0333317
996	-0.0335888
997	-0.0337377
998	-0.0337647
999	-0.0337783
1000	-0.0336249
1001	-0.0336294
1002	-0.0334603
1003	-0.0332573
1004	-0.0334016
1005	-0.0335776
1006	-0.0337941
1007	-0.0339068
1008	-0.0340331
1009	-0.0339813
1010	-0.0337805
1011	-0.0338099
1012	-0.0334129
1013	-0.0331851
1014	-0.0332686
1015	-0.0330543
1016	-0.0327995
1017	-0.0329641
1018	-0.0333047
1019	-0.0335482
1020	-0.0335753
1021	-0.0335054
1022	-0.033537
1023	-0.0334107
