0	0.000400681
1	0.000281148
2	0.000384894
3	0.000351064
4	0.000443533
5	0.000405192
6	0.000220254
7	8.04228e-05
8	0.000136806
9	1.05072e-05
10	-1.43015e-05
11	-9.79085e-06
12	-6.16637e-05
13	-0.000293964
14	-0.000330049
15	-0.000174431
16	-9.09831e-05
17	-4.3621e-05
18	-8.64724e-05
19	-0.000122558
20	4.2082e-05
21	-3.45996e-05
22	-8.87278e-05
23	-5.94083e-05
24	-9.54938e-05
25	-0.000127069
26	-5.7153e-05
27	-5.48977e-05
28	-7.29404e-05
29	-0.000113537
30	-0.000210516
31	-0.000181197
32	-4.3621e-05
33	-0.00020375
34	-0.000194729
35	-5.7153e-05
36	1.27626e-05
37	-7.69492e-07
38	-0.000120303
39	-0.000167665
40	-0.000219538
41	-9.09831e-05
42	8.25187e-06
43	2.17839e-05
44	-6.16637e-05
45	9.16995e-05
46	0.00015936
47	0.000215743
48	0.000186424
49	3.08053e-05
50	0.000100721
51	1.48585e-06
52	-6.3919e-05
53	4.2082e-05
54	0.000405192
55	0.00102992
56	0.00295373
57	0.00874544
58	0.0244268
59	0.0601672
60	0.125849
61	0.220978
62	0.333722
63	0.450966
64	0.563584
65	0.667431
66	0.760626
67	0.842152
68	0.912332
69	0.971424
70	1.02041
71	1.06044
72	1.09266
73	1.11813
74	1.13818
75	1.15361
76	1.16583
77	1.17561
78	1.1837
79	1.19179
80	1.20103
81	1.2122
82	1.22454
83	1.23688
84	1.2484
85	1.25871
86	1.26723
87	1.27382
88	1.27859
89	1.28163
90	1.28321
91	1.28324
92	1.28207
93	1.27991
94	1.27693
95	1.27315
96	1.26901
97	1.26434
98	1.25946
99	1.25441
100	1.24965
101	1.24502
102	1.24042
103	1.23587
104	1.23119
105	1.22624
106	1.22109
107	1.2156
108	1.20946
109	1.20333
110	1.19693
111	1.19033
112	1.18329
113	1.17606
114	1.16869
115	1.16107
116	1.15316
117	1.1451
118	1.13706
119	1.12905
120	1.12091
121	1.11261
122	1.10451
123	1.09632
124	1.0879
125	1.07955
126	1.07094
127	1.0623
128	1.05341
129	1.04463
130	1.03572
131	1.02672
132	1.01761
133	1.00854
134	0.99958
135	0.990723
136	0.982164
137	0.97328
138	0.964552
139	0.955923
140	0.947391
141	0.939026
142	0.930706
143	0.922384
144	0.914308
145	0.906321
146	0.898644
147	0.890559
148	0.882498
149	0.874483
150	0.866436
151	0.858113
152	0.850035
153	0.841864
154	0.83374
155	0.825846
156	0.818356
157	0.810713
158	0.803284
159	0.795963
160	0.788683
161	0.781166
162	0.773716
163	0.766599
164	0.759289
165	0.752131
166	0.74506
167	0.737965
168	0.730885
169	0.723887
170	0.716756
171	0.709525
172	0.702518
173	0.695688
174	0.688652
175	0.681527
176	0.674565
177	0.667636
178	0.660722
179	0.653861
180	0.647176
181	0.640766
182	0.634167
183	0.627442
184	0.621025
185	0.614404
186	0.607827
187	0.601388
188	0.594798
189	0.588291
190	0.581922
191	0.575808
192	0.569662
193	0.563595
194	0.557549
195	0.55159
196	0.545785
197	0.539856
198	0.534222
199	0.528656
200	0.523031
201	0.51751
202	0.511946
203	0.506156
204	0.500601
205	0.494751
206	0.489086
207	0.483483
208	0.477674
209	0.471925
210	0.466079
211	0.460296
212	0.454795
213	0.44934
214	0.444191
215	0.439098
216	0.434125
217	0.429048
218	0.424134
219	0.419558
220	0.414912
221	0.410442
222	0.405861
223	0.401418
224	0.397158
225	0.392501
226	0.38806
227	0.383581
228	0.379269
229	0.374708
230	0.370362
231	0.366014
232	0.361731
233	0.357635
234	0.353614
235	0.349577
236	0.345684
237	0.341785
238	0.338102
239	0.334525
240	0.331083
241	0.327946
242	0.324809
243	0.321692
244	0.318595
245	0.315524
246	0.312168
247	0.308965
248	0.305535
249	0.301992
250	0.298536
251	0.295023
252	0.291899
253	0.288566
254	0.285331
255	0.282093
256	0.278771
257	0.275548
258	0.272413
259	0.269152
260	0.265978
261	0.262841
262	0.259663
263	0.256508
264	0.253315
265	0.250333
266	0.247327
267	0.24439
268	0.241449
269	0.23875
270	0.235955
271	0.233188
272	0.230549
273	0.227859
274	0.225157
275	0.2225
276	0.219796
277	0.217286
278	0.214924
279	0.212574
280	0.21003
281	0.207299
282	0.204692
283	0.202191
284	0.199403
285	0.19666
286	0.194193
287	0.191733
288	0.18922
289	0.186789
290	0.184612
291	0.182321
292	0.180027
293	0.177711
294	0.175467
295	0.173275
296	0.171114
297	0.169062
298	0.167269
299	0.165566
300	0.164452
301	0.163773
302	0.163423
303	0.163076
304	0.162808
305	0.162312
306	0.161486
307	0.160785
308	0.159804
309	0.15868
310	0.157476
311	0.1561
312	0.154474
313	0.152654
314	0.150947
315	0.149073
316	0.147226
317	0.14527
318	0.143561
319	0.141802
320	0.139943
321	0.138209
322	0.136459
323	0.134977
324	0.133324
325	0.131907
326	0.130432
327	0.129002
328	0.127471
329	0.126219
330	0.124747
331	0.123409
332	0.121585
333	0.120017
334	0.118427
335	0.1169
336	0.115558
337	0.11423
338	0.112827
339	0.111625
340	0.110285
341	0.109025
342	0.107913
343	0.106785
344	0.105743
345	0.104467
346	0.103398
347	0.10245
348	0.101519
349	0.100317
350	0.099153
351	0.0979058
352	0.0966925
353	0.0955986
354	0.0945837
355	0.093562
356	0.0924659
357	0.0912819
358	0.0901159
359	0.0888642
360	0.0876327
361	0.0867419
362	0.085648
363	0.0846286
364	0.0834716
365	0.0823462
366	0.0811035
367	0.0798248
368	0.0787377
369	0.0777498
370	0.0764778
371	0.0753727
372	0.0741729
373	0.0731174
374	0.0720799
375	0.0714732
376	0.071692
377	0.0730024
378	0.0746262
379	0.0763944
380	0.0778897
381	0.0790557
382	0.0801405
383	0.0810404
384	0.0815005
385	0.0818974
386	0.0822898
387	0.082344
388	0.0820666
389	0.0817666
390	0.0812434
391	0.0806186
392	0.0797594
393	0.0789655
394	0.0780092
395	0.0772311
396	0.0762906
397	0.0753051
398	0.0744435
399	0.0736248
400	0.072858
401	0.0720574
402	0.0712094
403	0.0702824
404	0.069705
405	0.0689495
406	0.0684578
407	0.0677587
408	0.066931
409	0.0663311
410	0.0656116
411	0.0647952
412	0.0638682
413	0.0630337
414	0.0623571
415	0.0615881
416	0.0608235
417	0.0599507
418	0.0593981
419	0.0589854
420	0.0583336
421	0.0577675
422	0.0573277
423	0.056924
424	0.0563106
425	0.0559069
426	0.0553521
427	0.0547521
428	0.0541319
429	0.0534959
430	0.0529479
431	0.0521427
432	0.0514413
433	0.0508301
434	0.0502663
435	0.0493641
436	0.0487484
437	0.0484011
438	0.0480899
439	0.0480019
440	0.0478215
441	0.0476726
442	0.0475057
443	0.0471268
444	0.0466126
445	0.0462924
446	0.045918
447	0.0454037
448	0.0447339
449	0.0441656
450	0.0434596
451	0.0428575
452	0.0421651
453	0.0414186
454	0.0407577
455	0.0401172
456	0.0395511
457	0.0388542
458	0.0383017
459	0.0378461
460	0.0372552
461	0.0366485
462	0.0360486
463	0.0355411
464	0.0348758
465	0.0344067
466	0.0339602
467	0.0333693
468	0.0328009
469	0.0322055
470	0.0317296
471	0.0312583
472	0.0305704
473	0.0300223
474	0.0293976
475	0.0287774
476	0.0281008
477	0.0273926
478	0.0266596
479	0.0260574
480	0.0253966
481	0.0246276
482	0.0240276
483	0.0234209
484	0.0227669
485	0.0219843
486	0.0212648
487	0.0207213
488	0.0201913
489	0.0197425
490	0.019129
491	0.0184614
492	0.0179968
493	0.0175345
494	0.0168714
495	0.0163256
496	0.0158678
497	0.0152634
498	0.0145236
499	0.0139733
500	0.0133599
501	0.0126652
502	0.0119435
503	0.0113007
504	0.0107933
505	0.0104212
506	0.0101866
507	0.0102295
508	0.0104663
509	0.0109106
510	0.0112692
511	0.0113864
512	0.0115421
513	0.0116548
514	0.0116639
515	0.0116345
516	0.0115511
517	0.0113504
518	0.0109963
519	0.0105971
520	0.0102362
521	0.00985281
522	0.00962277
523	0.0090251
524	0.00842518
525	0.00795833
526	0.00762228
527	0.00729751
528	0.00689606
529	0.00637057
530	0.0058992
531	0.00549775
532	0.00530379
533	0.0050309
534	0.00457532
535	0.00415808
536	0.00358522
537	0.00332586
538	0.00287479
539	0.00237862
540	0.00208091
541	0.00168623
542	0.00148324
543	0.00135018
544	0.00124418
545	0.00107503
546	0.000973538
547	0.000847239
548	0.000763791
549	0.000614939
550	0.000287914
551	9.16995e-05
552	-6.3919e-05
553	-0.000379667
554	-0.000666095
555	-0.000760819
556	-0.00108108
557	-0.00139908
558	-0.00169002
559	-0.00198096
560	-0.00237564
561	-0.00282671
562	-0.00321237
563	-0.00355068
564	-0.00383936
565	-0.00410098
566	-0.00453175
567	-0.00472345
568	-0.00489711
569	-0.00529856
570	-0.00557823
571	-0.00577219
572	-0.00625708
573	-0.00666981
574	-0.00700135
575	-0.00738024
576	-0.00777493
577	-0.00814706
578	-0.00850115
579	-0.00881239
580	-0.00916196
581	-0.00966265
582	-0.0101611
583	-0.0105287
584	-0.0108467
585	-0.0113677
586	-0.0117015
587	-0.0120308
588	-0.012236
589	-0.0126735
590	-0.0130569
591	-0.0131652
592	-0.0133253
593	-0.0137854
594	-0.0140448
595	-0.0141666
596	-0.0144372
597	-0.01455
598	-0.014789
599	-0.0149559
600	-0.0150236
601	-0.0152266
602	-0.0154882
603	-0.015725
604	-0.0160701
605	-0.0163182
606	-0.0166362
607	-0.0168076
608	-0.0172744
609	-0.0175654
610	-0.0177616
611	-0.0179375
612	-0.0182036
613	-0.0185013
614	-0.018666
615	-0.0189434
616	-0.0192749
617	-0.0193832
618	-0.0196425
619	-0.0194824
620	-0.0194328
621	-0.0192997
622	-0.0192163
623	-0.0189253
624	-0.0186727
625	-0.0185825
626	-0.0185261
627	-0.0184427
628	-0.0184878
629	-0.018375
630	-0.0183818
631	-0.0183592
632	-0.0184269
633	-0.0184833
634	-0.0186547
635	-0.0187133
636	-0.0188599
637	-0.0189907
638	-0.0191328
639	-0.0192591
640	-0.0193358
641	-0.0195456
642	-0.0196651
643	-0.0199244
644	-0.0200147
645	-0.0203236
646	-0.0206416
647	-0.0207544
648	-0.0210115
649	-0.0212709
650	-0.0215505
651	-0.0216949
652	-0.0218099
653	-0.0221257
654	-0.0221911
655	-0.0223918
656	-0.0226669
657	-0.022782
658	-0.0231992
659	-0.0234428
660	-0.0235262
661	-0.0238307
662	-0.0238194
663	-0.0240923
664	-0.0243021
665	-0.0245885
666	-0.0248208
667	-0.0251726
668	-0.0253598
669	-0.0256688
670	-0.0259778
671	-0.0262777
672	-0.0266634
673	-0.0268258
674	-0.0269927
675	-0.0271799
676	-0.0273783
677	-0.0275746
678	-0.0279377
679	-0.028197
680	-0.028276
681	-0.0284812
682	-0.0285083
683	-0.0285737
684	-0.0280865
685	-0.0270852
686	-0.0254861
687	-0.0240923
688	-0.0227008
689	-0.0214581
690	-0.0201861
691	-0.0190516
692	-0.0181472
693	-0.0172947
694	-0.0166474
695	-0.0161468
696	-0.0159821
697	-0.0157115
698	-0.015707
699	-0.0155626
700	-0.0156776
701	-0.015734
702	-0.0158558
703	-0.0160656
704	-0.0163317
705	-0.0165144
706	-0.0164738
707	-0.0166114
708	-0.0167489
709	-0.0170331
710	-0.0171797
711	-0.0173804
712	-0.0175293
713	-0.0177909
714	-0.0181608
715	-0.0183006
716	-0.0183728
717	-0.0186276
718	-0.0189141
719	-0.0191689
720	-0.0194598
721	-0.019726
722	-0.0200778
723	-0.0202425
724	-0.0204342
725	-0.0207837
726	-0.0208965
727	-0.021104
728	-0.0214445
729	-0.021643
730	-0.0218325
731	-0.0219543
732	-0.0221482
733	-0.0223715
734	-0.0226106
735	-0.0229241
736	-0.0229105
737	-0.0230955
738	-0.0231473
739	-0.0232578
740	-0.023524
741	-0.0238938
742	-0.0243494
743	-0.0245073
744	-0.0247035
745	-0.0250756
746	-0.0254591
747	-0.0256102
748	-0.0256462
749	-0.025962
750	-0.0260229
751	-0.0260545
752	-0.0262574
753	-0.0265529
754	-0.0266972
755	-0.026801
756	-0.0269656
757	-0.0270942
758	-0.0272024
759	-0.027534
760	-0.0277595
761	-0.0279287
762	-0.0280008
763	-0.0283143
764	-0.0284541
765	-0.0287902
766	-0.0288872
767	-0.0292954
768	-0.0294239
769	-0.0295728
770	-0.0298728
771	-0.0301569
772	-0.0303374
773	-0.0305088
774	-0.030626
775	-0.0309237
776	-0.0312936
777	-0.0316522
778	-0.0319409
779	-0.0321958
780	-0.032392
781	-0.0325228
782	-0.0324551
783	-0.0320852
784	-0.0315913
785	-0.0312305
786	-0.0307501
787	-0.030387
788	-0.0301457
789	-0.0297374
790	-0.0295525
791	-0.029257
792	-0.0289774
793	-0.0286729
794	-0.0285105
795	-0.0284293
796	-0.0283211
797	-0.0283166
798	-0.028276
799	-0.0284744
800	-0.028409
801	-0.0286007
802	-0.0286233
803	-0.0287857
804	-0.0287586
805	-0.0288759
806	-0.0288173
807	-0.028806
808	-0.0286977
809	-0.0286932
810	-0.0286594
811	-0.0284654
812	-0.0284406
813	-0.0283752
814	-0.0283933
815	-0.0285196
816	-0.0285759
817	-0.0286053
818	-0.0288218
819	-0.0288285
820	-0.029036
821	-0.0291984
822	-0.0294262
823	-0.0294307
824	-0.0293495
825	-0.02923
826	-0.0293089
827	-0.0293946
828	-0.0294848
829	-0.0295074
830	-0.0296923
831	-0.0297871
832	-0.0300261
833	-0.0301366
834	-0.0303328
835	-0.0304005
836	-0.0306373
837	-0.0307117
838	-0.0307771
839	-0.0309824
840	-0.031156
841	-0.0314019
842	-0.0315868
843	-0.0317492
844	-0.0319838
845	-0.0321709
846	-0.0323266
847	-0.0325318
848	-0.0325115
849	-0.0325769
850	-0.0327258
851	-0.0329581
852	-0.0331453
853	-0.0333933
854	-0.0337091
855	-0.0337565
856	-0.0338985
857	-0.0341805
858	-0.0343812
859	-0.0346202
860	-0.0348029
861	-0.0349698
862	-0.0351818
863	-0.0353803
864	-0.0356464
865	-0.0358291
866	-0.0359171
867	-0.0360186
868	-0.0360479
869	-0.0361877
870	-0.0362193
871	-0.0363997
872	-0.0364245
873	-0.036535
874	-0.0366343
875	-0.03672
876	-0.0368801
877	-0.037056
878	-0.0370199
879	-0.0370312
880	-0.0371688
881	-0.0372364
882	-0.037171
883	-0.0372973
884	-0.0375612
885	-0.0376604
886	-0.0377507
887	-0.0378003
888	-0.0381679
889	-0.0383055
890	-0.0383528
891	-0.038319
892	-0.0385536
893	-0.03884
894	-0.0389031
895	-0.0391445
896	-0.0392257
897	-0.0392775
898	-0.0394647
899	-0.0395391
900	-0.0396925
901	-0.0399338
902	-0.0401165
903	-0.0400646
904	-0.040218
905	-0.0404165
906	-0.0403804
907	-0.0403353
908	-0.0402563
909	-0.0404954
910	-0.0406398
911	-0.0408202
912	-0.0407029
913	-0.0408608
914	-0.0410322
915	-0.0413502
916	-0.0413051
917	-0.0413434
918	-0.0414833
919	-0.0415667
920	-0.0415284
921	-0.0415983
922	-0.0418599
923	-0.041781
924	-0.0417877
925	-0.0420877
926	-0.0422636
927	-0.0424327
928	-0.0424621
929	-0.0424485
930	-0.0424666
931	-0.0427214
932	-0.0424711
933	-0.0422365
934	-0.0419884
935	-0.0416975
936	-0.0414517
937	-0.0412126
938	-0.0409487
939	-0.0408112
940	-0.0405135
941	-0.0404052
942	-0.0403872
943	-0.0404661
944	-0.0402789
945	-0.0401143
946	-0.0401165
947	-0.0401977
948	-0.0402293
949	-0.0400218
950	-0.0400849
951	-0.0400263
952	-0.0396654
953	-0.0389189
954	-0.0378161
955	-0.0365057
956	-0.0351773
957	-0.0338264
958	-0.0326355
959	-0.0315327
960	-0.0305809
961	-0.0296427
962	-0.0288804
963	-0.0280662
964	-0.0276152
965	-0.0272002
966	-0.026828
967	-0.02651
968	-0.0264672
969	-0.0263725
970	-0.0261672
971	-0.0260297
972	-0.0262056
973	-0.026077
974	-0.0257816
975	-0.0255718
976	-0.0256981
977	-0.0256711
978	-0.0256259
979	-0.025547
980	-0.0255696
981	-0.0255335
982	-0.0255064
983	-0.0254703
984	-0.0256665
985	-0.0257184
986	-0.0258177
987	-0.0258853
988	-0.0260297
989	-0.0263026
990	-0.0265168
991	-0.0266296
992	-0.0268416
993	-0.0270491
994	-0.0272588
995	-0.0272092
996	-0.0271889
997	-0.0275272
998	-0.0279354
999	-0.0280076
1000	-0.0282805
1001	-0.0285556
1002	-0.0286639
1003	-0.0287902
1004	-0.0288376
1005	-0.0291105
1006	-0.0293225
1007	-0.0296788
1008	-0.0297126
1009	-0.0297059
1010	-0.0299945
1011	-0.0299742
1012	-0.0300802
1013	-0.0301975
1014	-0.0302742
1015	-0.03029
1016	-0.0305358
1017	-0.0305381
1018	-0.0305606
1019	-0.0306734
1020	-0.0308651
1021	-0.0308764
1022	-0.0307433
1023	-0.0309869
