0	-0.000185343
1	0.000441642
2	0.000640111
3	0.000802496
4	0.000854369
5	0.000901731
6	0.000849858
7	0.000491259
8	-4.55121e-05
9	-0.00042892
10	-0.000679263
11	-0.000591305
12	-0.000449218
13	-0.000302621
14	-0.000153768
15	4.10542e-06
16	0.000207086
17	8.52977e-05
18	9.65744e-05
19	0.000193554
20	0.000143937
21	5.14676e-05
22	3.34249e-05
23	-0.000329685
24	-0.000573262
25	-0.000656709
26	-0.000340962
27	-1.39373e-05
28	0.000134915
29	0.000315342
30	0.000340151
31	8.7553e-05
32	-0.00019662
33	-0.000343217
34	-0.000555219
35	-0.000731136
36	-0.000600326
37	-0.000494325
38	-0.000638667
39	-0.000451473
40	-7.03208e-05
41	6.49996e-05
42	0.000177767
43	0.000157469
44	0.000308576
45	0.000286023
46	0.000249938
47	9.88297e-05
48	0.000396535
49	0.000416833
50	0.000326619
51	0.000493514
52	0.000274746
53	0.000164235
54	0.000412322
55	0.000901731
56	0.00205872
57	0.00546654
58	0.014648
59	0.0392019
60	0.0929715
61	0.188923
62	0.323578
63	0.482025
64	0.6494
65	0.814782
66	0.971278
67	1.11416
68	1.24004
69	1.34781
70	1.4373
71	1.50892
72	1.56386
73	1.60451
74	1.63361
75	1.65447
76	1.67004
77	1.68181
78	1.69094
79	1.6983
80	1.70402
81	1.70846
82	1.71183
83	1.7144
84	1.71657
85	1.71843
86	1.72008
87	1.72153
88	1.72289
89	1.72392
90	1.72347
91	1.72077
92	1.71554
93	1.70807
94	1.69957
95	1.69146
96	1.68437
97	1.67869
98	1.67374
99	1.66829
100	1.66149
101	1.65313
102	1.6433
103	1.63211
104	1.6204
105	1.60841
106	1.59664
107	1.58542
108	1.5748
109	1.56536
110	1.55576
111	1.54557
112	1.53478
113	1.5236
114	1.51238
115	1.50158
116	1.49096
117	1.47993
118	1.46787
119	1.4549
120	1.44127
121	1.42723
122	1.41394
123	1.40205
124	1.39152
125	1.38212
126	1.37375
127	1.36557
128	1.35713
129	1.34712
130	1.33505
131	1.32093
132	1.30585
133	1.29066
134	1.27623
135	1.26375
136	1.25354
137	1.24539
138	1.23822
139	1.23124
140	1.22351
141	1.21404
142	1.20182
143	1.18708
144	1.17052
145	1.15362
146	1.13809
147	1.1247
148	1.11432
149	1.10639
150	1.09988
151	1.09352
152	1.08694
153	1.07889
154	1.06867
155	1.05568
156	1.04047
157	1.02441
158	1.00911
159	0.996283
160	0.98693
161	0.980849
162	0.976391
163	0.972042
164	0.966054
165	0.958253
166	0.948544
167	0.93752
168	0.925314
169	0.912689
170	0.900289
171	0.889104
172	0.879366
173	0.871229
174	0.865148
175	0.860335
176	0.855482
177	0.849539
178	0.842114
179	0.83367
180	0.82404
181	0.813472
182	0.802265
183	0.790839
184	0.779707
185	0.769752
186	0.761881
187	0.75631
188	0.752873
189	0.750085
190	0.746111
191	0.740462
192	0.732043
193	0.720879
194	0.707992
195	0.694922
196	0.683449
197	0.674486
198	0.668647
199	0.66539
200	0.663909
201	0.662307
202	0.658981
203	0.652977
204	0.644632
205	0.63403
206	0.622246
207	0.610561
208	0.600822
209	0.59338
210	0.588569
211	0.585389
212	0.582949
213	0.579967
214	0.575594
215	0.56962
216	0.562008
217	0.553147
218	0.543534
219	0.534238
220	0.526103
221	0.519565
222	0.514138
223	0.509763
224	0.506448
225	0.503538
226	0.500487
227	0.496802
228	0.492043
229	0.486023
230	0.478389
231	0.470123
232	0.461569
233	0.454302
234	0.448745
235	0.445048
236	0.442784
237	0.441419
238	0.43975
239	0.437459
240	0.433668
241	0.428284
242	0.421588
243	0.414134
244	0.406802
245	0.399887
246	0.394253
247	0.390579
248	0.388035
249	0.386874
250	0.385949
251	0.384242
252	0.380891
253	0.37543
254	0.368768
255	0.361531
256	0.354623
257	0.348244
258	0.343308
259	0.339604
260	0.337904
261	0.337444
262	0.337175
263	0.336503
264	0.334694
265	0.330829
266	0.324861
267	0.317894
268	0.311081
269	0.305093
270	0.300571
271	0.297668
272	0.29692
273	0.297506
274	0.297885
275	0.29666
276	0.29422
277	0.290305
278	0.284718
279	0.278394
280	0.272215
281	0.266874
282	0.262645
283	0.259941
284	0.258315
285	0.257778
286	0.257158
287	0.256172
288	0.254195
289	0.251125
290	0.246995
291	0.242248
292	0.237239
293	0.232536
294	0.228941
295	0.226113
296	0.22421
297	0.222875
298	0.222081
299	0.221418
300	0.22027
301	0.218626
302	0.215874
303	0.212322
304	0.207771
305	0.20314
306	0.199139
307	0.195971
308	0.19406
309	0.193183
310	0.192653
311	0.192373
312	0.19137
313	0.189784
314	0.187394
315	0.183974
316	0.180269
317	0.176207
318	0.172668
319	0.169852
320	0.168201
321	0.167235
322	0.166595
323	0.165551
324	0.16431
325	0.162093
326	0.15915
327	0.155954
328	0.152452
329	0.148839
330	0.145801
331	0.143532
332	0.142163
333	0.141317
334	0.141182
335	0.141094
336	0.140331
337	0.139346
338	0.137878
339	0.136006
340	0.133629
341	0.131195
342	0.129269
343	0.127659
344	0.12661
345	0.125947
346	0.125854
347	0.125622
348	0.124934
349	0.123367
350	0.12117
351	0.118367
352	0.115417
353	0.112379
354	0.109668
355	0.107697
356	0.106601
357	0.105854
358	0.105227
359	0.105033
360	0.104494
361	0.10289
362	0.100574
363	0.0975747
364	0.0941668
365	0.0907477
366	0.0881361
367	0.0865596
368	0.0857995
369	0.0859055
370	0.0863182
371	0.0866385
372	0.0864468
373	0.0855875
374	0.0840358
375	0.0815459
376	0.0786839
377	0.0761489
378	0.0740763
379	0.0725742
380	0.0723058
381	0.072608
382	0.0732057
383	0.073774
384	0.0738056
385	0.0730433
386	0.0713563
387	0.0689882
388	0.0664555
389	0.064058
390	0.0621568
391	0.0609547
392	0.0606773
393	0.0610269
394	0.0616516
395	0.0618929
396	0.0617328
397	0.0611329
398	0.0599939
399	0.0583836
400	0.0563515
401	0.0541887
402	0.0520844
403	0.0504606
404	0.0495427
405	0.0494096
406	0.0492585
407	0.0494818
408	0.0497118
409	0.0497727
410	0.0490352
411	0.0476482
412	0.045986
413	0.0439381
414	0.0419264
415	0.0402281
416	0.0392538
417	0.0393418
418	0.0400093
419	0.0408641
420	0.0419647
421	0.0429255
422	0.0434848
423	0.0430766
424	0.041852
425	0.0401717
426	0.0386088
427	0.0370458
428	0.0360061
429	0.0355889
430	0.0358279
431	0.0363873
432	0.0365587
433	0.0368022
434	0.0364865
435	0.035767
436	0.0346123
437	0.0333516
438	0.0323412
439	0.0316804
440	0.0316759
441	0.0321562
442	0.0331644
443	0.0343507
444	0.0357039
445	0.0365857
446	0.0367526
447	0.0367391
448	0.0362226
449	0.0353904
450	0.0345311
451	0.0339515
452	0.0335636
453	0.0328847
454	0.0321811
455	0.0319149
456	0.0315902
457	0.0312721
458	0.0306339
459	0.0298378
460	0.0290619
461	0.0281868
462	0.0277132
463	0.027614
464	0.0280335
465	0.0282477
466	0.0283447
467	0.0286763
468	0.0292717
469	0.0296641
470	0.0295806
471	0.0293145
472	0.0288567
473	0.0282004
474	0.0274042
475	0.0267367
476	0.0264773
477	0.0261458
478	0.0261615
479	0.0260037
480	0.0261706
481	0.0259428
482	0.0257375
483	0.0252504
484	0.0248264
485	0.0243911
486	0.0237777
487	0.0236604
488	0.0234867
489	0.0235769
490	0.0237032
491	0.0234371
492	0.0230311
493	0.0226387
494	0.0218809
495	0.0209314
496	0.0198894
497	0.0187821
498	0.0178732
499	0.0170567
500	0.0166282
501	0.0162245
502	0.0158005
503	0.0153946
504	0.0148848
505	0.0143842
506	0.0136241
507	0.0130016
508	0.0121807
509	0.0111838
510	0.0103336
511	0.00974943
512	0.0092916
513	0.00865108
514	0.00841653
515	0.00820227
516	0.00786397
517	0.00759333
518	0.00702949
519	0.006398
520	0.00577552
521	0.00530867
522	0.00516207
523	0.00493654
524	0.00454185
525	0.00404117
526	0.00362167
527	0.00347507
528	0.0032518
529	0.00283456
530	0.00229328
531	0.0013325
532	0.000646878
533	0.000148447
534	-0.000286834
535	-0.000681518
536	-0.000834881
537	-0.00104012
538	-0.00111229
539	-0.0014551
540	-0.00172123
541	-0.00214974
542	-0.00255571
543	-0.00172349
544	0.00112275
545	0.00571914
546	0.0118018
547	0.0182836
548	0.0243167
549	-0.0127634
550	-0.0128446
551	-0.0127205
552	-0.0126393
553	-0.0132032
554	-0.0139993
555	-0.0150029
556	-0.0161013
557	-0.0168117
558	-0.0172177
559	-0.0171162
560	-0.0167644
561	-0.0163561
562	-0.0162501
563	-0.0167869
564	-0.0172695
565	-0.0180161
566	-0.0187242
567	-0.0193625
568	-0.019879
569	-0.0199557
570	-0.0195948
571	-0.0190671
572	-0.0185619
573	-0.0180544
574	-0.0175876
575	-0.017662
576	-0.0177071
577	-0.0184153
578	-0.0190152
579	-0.0196106
580	-0.0197459
581	-0.0198835
582	-0.0201023
583	-0.0202714
584	-0.0202353
585	-0.0201722
586	-0.0201632
587	-0.0201902
588	-0.020436
589	-0.0210766
590	-0.021902
591	-0.0225561
592	-0.0232349
593	-0.0237176
594	-0.023686
595	-0.0234537
596	-0.0229575
597	-0.0222493
598	-0.0212683
599	-0.0205263
600	-0.0200865
601	-0.0200594
602	-0.0204541
603	-0.0212164
604	-0.0223215
605	-0.0231041
606	-0.0235123
607	-0.0237085
608	-0.023801
609	-0.0235507
610	-0.0232011
611	-0.0228109
612	-0.0225087
613	-0.0224839
614	-0.0228538
615	-0.0233048
616	-0.0239476
617	-0.0243964
618	-0.024631
619	-0.0244077
620	-0.0237491
621	-0.0232124
622	-0.0227117
623	-0.0220915
624	-0.021478
625	-0.0212818
626	-0.0215231
627	-0.021805
628	-0.022202
629	-0.022723
630	-0.0231492
631	-0.0232124
632	-0.0228899
633	-0.0226034
634	-0.0225876
635	-0.0227342
636	-0.0224839
637	-0.0222245
638	-0.022723
639	-0.0232552
640	-0.0236116
641	-0.024022
642	-0.0247934
643	-0.0253301
644	-0.0253414
645	-0.0254474
646	-0.0256369
647	-0.0258917
648	-0.0258737
649	-0.0259526
650	-0.0259165
651	-0.0262819
652	-0.0267487
653	-0.0272336
654	-0.0274975
655	-0.0277546
656	-0.0279824
657	-0.0276035
658	-0.0271276
659	-0.0269404
660	-0.0269111
661	-0.0268931
662	-0.026875
663	-0.0271525
664	0.00924649
665	0.00867589
666	0.00831053
667	0.00787299
668	0.0073723
669	0.00696183
670	0.00688966
671	0.00667766
672	0.00634161
673	0.00569207
674	0.00508539
675	0.00454185
676	0.00411334
677	0.00364874
678	0.00319992
679	0.00310069
680	0.00292928
681	0.00264736
682	0.00229102
683	0.0018828
684	0.00148586
685	0.000759645
686	0.000125894
687	-0.000207897
688	-0.000589049
689	-0.00121603
690	-0.00175957
691	-0.00201668
692	-0.00221966
693	-0.00212945
694	-0.00247451
695	-0.00316916
696	-0.00371495
697	-0.00418406
698	-0.00495313
699	-0.00550795
700	-0.00634919
701	-0.00703481
702	-0.00730771
703	-0.00781742
704	-0.00812414
705	-0.00846921
706	-0.0086564
707	-0.00908943
708	-0.00939615
709	-0.010066
710	-0.0106163
711	-0.0112861
712	-0.0119808
713	-0.0125266
714	-0.0127544
715	-0.0130836
716	-0.0132505
717	-0.0135956
718	-0.0136565
719	-0.0136926
720	-0.0138888
721	-0.014288
722	-0.0148338
723	-0.0151743
724	-0.0158306
725	-0.0164869
726	-0.0168343
727	-0.0172199
728	-0.0174928
729	-0.0175064
730	-0.017689
731	-0.0182168
732	-0.0186882
733	-0.0193332
734	-0.0202624
735	-0.0207157
736	-0.0209728
737	-0.0213788
738	-0.0215885
739	-0.0212886
740	-0.0212141
741	-0.0213968
742	-0.0214961
743	-0.021566
744	-0.021902
745	-0.0225764
746	-0.0232823
747	-0.0240965
748	-0.0243806
749	-0.0245453
750	-0.02434
751	-0.0244844
752	-0.0243851
753	-0.0244911
754	-0.0246738
755	-0.0252286
756	-0.025488
757	-0.0256842
758	-0.0264781
759	-0.0271953
760	-0.0274998
761	-0.0276982
762	-0.0277591
763	-0.0280907
764	-0.028129
765	-0.0283613
766	-0.0286793
767	-0.0290154
768	-0.0296514
769	-0.0300866
770	-0.0305693
771	-0.0312211
772	-0.0316564
773	-0.0319766
774	-0.0322676
775	-0.0323036
776	-0.0323781
777	-0.0323442
778	-0.0321458
779	-0.0323578
780	-0.0325359
781	-0.0326126
782	-0.0324593
783	-0.0323059
784	-0.0318503
785	-0.0312279
786	-0.0303934
787	-0.0294687
788	-0.0287402
789	-0.0281471
790	-0.0278584
791	-0.0277028
792	-0.0278155
793	-0.0280726
794	-0.0284605
795	-0.0289071
796	-0.0294258
797	-0.0298002
798	-0.029825
799	-0.0294506
800	-0.0289071
801	-0.0282734
802	-0.0280162
803	-0.0281651
804	-0.028235
805	-0.0286207
806	-0.0292026
807	-0.0294258
808	-0.02971
809	-0.0298318
810	-0.0298228
811	-0.0294777
812	-0.0288755
813	-0.0283365
814	-0.0280726
815	-0.0281561
816	-0.0284425
817	-0.0289003
818	-0.0295657
819	-0.0299355
820	-0.0301137
821	-0.0300754
822	-0.0299536
823	-0.0296401
824	-0.0290717
825	-0.0283275
826	-0.0273983
827	-0.0263202
828	-0.0252512
829	-0.0243739
830	-0.0237198
831	-0.0232191
832	-0.0229462
833	-0.0228808
834	-0.0228335
835	-0.0229192
836	-0.0226215
837	-0.0223666
838	-0.0220621
839	-0.0218817
840	-0.0218975
841	-0.0219652
842	-0.0222426
843	-0.022617
844	-0.0228425
845	-0.0232101
846	-0.02388
847	-0.0240333
848	-0.0237627
849	-0.0233319
850	-0.0227884
851	-0.0224816
852	-0.0225583
853	-0.0227433
854	-0.023174
855	-0.0236183
856	-0.024004
857	-0.0243603
858	-0.0246738
859	-0.0251181
860	-0.0254767
861	-0.025576
862	-0.0256391
863	-0.0258917
864	-0.0262142
865	-0.0263834
866	-0.0263563
867	-0.0265773
868	-0.0270487
869	-0.0273509
870	-0.0276148
871	-0.0279757
872	-0.0283636
873	-0.0287628
874	-0.0289657
875	-0.029171
876	-0.0293176
877	-0.0295566
878	-0.0295634
879	-0.0294258
880	-0.0295093
881	-0.0297326
882	-0.0297822
883	-0.029904
884	-0.0299874
885	-0.0301678
886	-0.0304926
887	-0.0307181
888	-0.0305603
889	-0.0305061
890	-0.0304159
891	-0.0303505
892	-0.0306302
893	-0.0308422
894	-0.0312166
895	-0.031397
896	-0.0319202
897	-0.0325833
898	-0.033208
899	-0.0335396
900	-0.0333208
901	-0.0336208
902	-0.0337696
903	-0.0339275
904	-0.0339185
905	-0.0338982
906	-0.0338689
907	-0.0339861
908	-0.0340583
909	-0.034347
910	-0.0348973
911	-0.0351657
912	-0.0351679
913	-0.0348883
914	-0.0347484
915	-0.0348161
916	-0.0347845
917	-0.0347845
918	-0.0348973
919	-0.0350777
920	-0.0350867
921	-0.0349717
922	-0.0350529
923	-0.0355694
924	-0.0358581
925	-0.0358716
926	-0.0358084
927	-0.0356957
928	-0.0355491
929	-0.0357476
930	-0.0355942
931	-0.035504
932	-0.0358175
933	-0.0360723
934	-0.0362009
935	-0.0360904
936	-0.0363204
937	-0.036679
938	-0.0367489
939	-0.036794
940	-0.0365708
941	-0.0365256
942	-0.0364648
943	-0.0365189
944	-0.0365279
945	-0.0369767
946	-0.0372
947	-0.0372789
948	-0.037518
949	-0.0381833
950	-0.038463
951	-0.0386434
952	-0.0384675
953	-0.0382983
954	-0.0380818
955	-0.0380142
956	-0.0380412
957	-0.0382465
958	-0.0386772
959	-0.0389095
960	-0.0392636
961	-0.039329
962	-0.0395298
963	-0.0396561
964	-0.0395501
965	-0.0394305
966	-0.0397914
967	-0.0400959
968	-0.0400891
969	-0.0399041
970	-0.0402785
971	-0.0407183
972	-0.040998
973	-0.0413431
974	-0.0417242
975	-0.0416768
976	-0.0412979
977	-0.040689
978	-0.0399628
979	-0.0394215
980	-0.0390404
981	-0.0386592
982	-0.0387156
983	-0.0388419
984	-0.0389546
985	-0.0387223
986	-0.0387562
987	-0.0388306
988	-0.0389659
989	-0.0391035
990	-0.038905
991	-0.0389208
992	-0.0388599
993	-0.0387269
994	-0.0389028
995	-0.0390945
996	-0.0392072
997	-0.0396267
998	-0.0398838
999	-0.0402898
1000	-0.0406146
1001	-0.0410138
1002	-0.0410183
1003	-0.0407476
1004	-0.0405063
1005	-0.0402515
1006	-0.0403913
1007	-0.0405063
1008	-0.0405199
1009	-0.0404522
1010	-0.0407228
1011	-0.0407161
1012	-0.0404973
1013	-0.0403778
1014	-0.0403146
1015	-0.0401207
1016	-0.0396899
1017	-0.039532
1018	-0.0397373
1019	-0.0397846
1020	-0.0400598
1021	-0.0399921
1022	-0.0401252
1023	-0.0401906
