0	-0.000182953
1	-0.000221294
2	-0.000158144
3	-0.000162655
4	-5.89092e-05
5	9.21986e-05
6	0.000166625
7	0.00016888
8	0.000182412
9	0.000281647
10	0.000245562
11	0.000310967
12	0.000157603
13	0.000263605
14	0.000107986
15	0.000180157
16	0.000252328
17	6.28792e-05
18	-1.60577e-05
19	4.25811e-05
20	0.00020271
21	0.000200455
22	3.80704e-05
23	0.000117007
24	1.77724e-05
25	-4.78104e-06
26	-0.000124314
27	-0.000106271
28	-2.73344e-05
29	-0.000239336
30	-0.000237081
31	-3.18451e-05
32	-1.15471e-05
33	-9.27393e-05
34	-7.69519e-05
35	7.64112e-05
36	0.000250072
37	0.000189178
38	-2.70355e-07
39	-0.000101761
40	-0.000146867
41	-0.000268656
42	-0.000187464
43	-0.000264145
44	-0.00029572
45	-0.000214528
46	-4.98878e-05
47	3.80704e-05
48	-8.59733e-05
49	-0.000277677
50	-0.00023257
51	-0.000169421
52	-8.3718e-05
53	0.000148582
54	0.000268115
55	0.00029969
56	0.000457564
57	0.000816163
58	0.00137549
59	0.00267456
60	0.00692363
61	0.0209361
62	0.0613653
63	0.154473
64	0.319825
65	0.551794
66	0.826442
67	1.11386
68	1.38364
69	1.61128
70	1.78311
71	1.89797
72	1.96246
73	1.98828
74	1.98751
75	1.97028
76	1.94421
77	1.91464
78	1.88524
79	1.85801
80	1.83376
81	1.81241
82	1.79399
83	1.77839
84	1.76577
85	1.75515
86	1.74559
87	1.7366
88	1.72801
89	1.71954
90	1.7111
91	1.70267
92	1.69412
93	1.6855
94	1.67683
95	1.66865
96	1.66025
97	1.65138
98	1.64156
99	1.63171
100	1.62132
101	1.61073
102	1.60014
103	1.58929
104	1.57824
105	1.56715
106	1.55625
107	1.54568
108	1.53511
109	1.52443
110	1.51398
111	1.50348
112	1.49277
113	1.48136
114	1.4697
115	1.45774
116	1.44612
117	1.43469
118	1.42326
119	1.41138
120	1.3996
121	1.38781
122	1.37597
123	1.36397
124	1.35222
125	1.34044
126	1.32901
127	1.31807
128	1.30744
129	1.29644
130	1.28545
131	1.2747
132	1.26406
133	1.25307
134	1.24157
135	1.22997
136	1.21852
137	1.20745
138	1.19678
139	1.18629
140	1.17577
141	1.16509
142	1.15398
143	1.14278
144	1.13207
145	1.12164
146	1.11115
147	1.10092
148	1.09113
149	1.08146
150	1.0715
151	1.06181
152	1.05228
153	1.04289
154	1.0334
155	1.0246
156	1.0179
157	1.01371
158	1.01153
159	1.00998
160	1.00634
161	0.997422
162	0.988119
163	0.976736
164	0.966048
165	0.956086
166	0.946151
167	0.93646
168	0.927493
169	0.919333
170	0.911442
171	0.903979
172	0.895904
173	0.887226
174	0.878683
175	0.870275
176	0.862176
177	0.854316
178	0.84661
179	0.839165
180	0.831659
181	0.824031
182	0.816537
183	0.808794
184	0.80125
185	0.794024
186	0.78687
187	0.779513
188	0.772659
189	0.765834
190	0.759046
191	0.752564
192	0.746197
193	0.739745
194	0.733331
195	0.727018
196	0.720987
197	0.714722
198	0.708576
199	0.702108
200	0.695493
201	0.688632
202	0.682344
203	0.676288
204	0.670416
205	0.664773
206	0.658965
207	0.653467
208	0.648027
209	0.642269
210	0.636306
211	0.630399
212	0.624903
213	0.619271
214	0.613782
215	0.608236
216	0.602927
217	0.59757
218	0.591979
219	0.586373
220	0.580671
221	0.575335
222	0.570159
223	0.565272
224	0.560567
225	0.555772
226	0.55072
227	0.5454
228	0.540242
229	0.535068
230	0.530133
231	0.525309
232	0.519249
233	0.51304
234	0.507368
235	0.502408
236	0.49795
237	0.493958
238	0.490365
239	0.487207
240	0.484237
241	0.481725
242	0.479061
243	0.476188
244	0.472604
245	0.468745
246	0.464537
247	0.459934
248	0.454746
249	0.450163
250	0.445989
251	0.442211
252	0.438447
253	0.434408
254	0.43054
255	0.426476
256	0.422364
257	0.418458
258	0.414238
259	0.410111
260	0.406308
261	0.402837
262	0.399592
263	0.396105
264	0.392316
265	0.388345
266	0.384305
267	0.380634
268	0.377009
269	0.373365
270	0.369621
271	0.36583
272	0.362618
273	0.359566
274	0.356366
275	0.353123
276	0.349753
277	0.346779
278	0.343948
279	0.34105
280	0.338215
281	0.335179
282	0.332266
283	0.329214
284	0.326248
285	0.323416
286	0.320581
287	0.317888
288	0.315249
289	0.31252
290	0.30985
291	0.307195
292	0.30422
293	0.301279
294	0.29826
295	0.295537
296	0.292878
297	0.290427
298	0.28798
299	0.285307
300	0.282346
301	0.279425
302	0.276832
303	0.274635
304	0.272472
305	0.270095
306	0.268045
307	0.266171
308	0.264233
309	0.262136
310	0.26011
311	0.25802
312	0.255778
313	0.253527
314	0.251191
315	0.24898
316	0.24677
317	0.244533
318	0.242365
319	0.240124
320	0.237839
321	0.235453
322	0.233231
323	0.230967
324	0.228811
325	0.226686
326	0.224805
327	0.222931
328	0.221122
329	0.219361
330	0.217512
331	0.215631
332	0.213781
333	0.212042
334	0.210412
335	0.20845
336	0.20653
337	0.204868
338	0.203574
339	0.20298
340	0.202586
341	0.20215
342	0.201607
343	0.200921
344	0.199974
345	0.198813
346	0.197462
347	0.195883
348	0.194155
349	0.192416
350	0.19033
351	0.188129
352	0.185984
353	0.183934
354	0.182168
355	0.180504
356	0.178823
357	0.177348
358	0.176061
359	0.174795
360	0.173474
361	0.172084
362	0.170801
363	0.169489
364	0.168034
365	0.166645
366	0.165447
367	0.164403
368	0.16307
369	0.161617
370	0.160273
371	0.159168
372	0.157849
373	0.156879
374	0.156173
375	0.155582
376	0.155196
377	0.154921
378	0.154842
379	0.154515
380	0.154091
381	0.153541
382	0.152756
383	0.151726
384	0.150823
385	0.149944
386	0.14885
387	0.147693
388	0.146513
389	0.145489
390	0.144197
391	0.143054
392	0.14198
393	0.140986
394	0.13998
395	0.138807
396	0.137566
397	0.136137
398	0.135068
399	0.134003
400	0.132869
401	0.131529
402	0.130406
403	0.129179
404	0.128232
405	0.127176
406	0.126067
407	0.124986
408	0.124213
409	0.123462
410	0.122681
411	0.121678
412	0.120938
413	0.120252
414	0.119612
415	0.11877
416	0.117889
417	0.117088
418	0.116678
419	0.116454
420	0.116098
421	0.115717
422	0.115408
423	0.11543
424	0.115566
425	0.11571
426	0.115771
427	0.115708
428	0.115304
429	0.114688
430	0.114088
431	0.113344
432	0.112408
433	0.111689
434	0.111132
435	0.110823
436	0.111614
437	0.114276
438	0.118696
439	0.123944
440	0.129195
441	0.133412
442	0.136044
443	0.137483
444	0.137866
445	0.137357
446	0.136042
447	0.134479
448	0.132754
449	0.130997
450	0.129355
451	0.127503
452	0.125843
453	0.124134
454	0.122808
455	0.121736
456	0.120807
457	0.120054
458	0.119386
459	0.118685
460	0.117965
461	0.117212
462	0.116684
463	0.116023
464	0.115248
465	0.114492
466	0.11414
467	0.11391
468	0.113353
469	0.112778
470	0.112521
471	0.112115
472	0.111653
473	0.111127
474	0.110466
475	0.109821
476	0.109379
477	0.10868
478	0.107961
479	0.107261
480	0.106474
481	0.105771
482	0.10515
483	0.104451
484	0.103712
485	0.102848
486	0.102022
487	0.101267
488	0.100568
489	0.0999406
490	0.0991084
491	0.0985468
492	0.0978319
493	0.0972636
494	0.0968035
495	0.0964381
496	0.0958066
497	0.0951548
498	0.0945075
499	0.0939775
500	0.0932648
501	0.0926739
502	0.0919906
503	0.0915012
504	0.0909689
505	0.0902111
506	0.089521
507	0.0889526
508	0.088161
509	0.0872882
510	0.0863635
511	0.0855245
512	0.0848366
513	0.0842593
514	0.0836887
515	0.0831654
516	0.082667
517	0.0823061
518	0.0819904
519	0.0815461
520	0.0808244
521	0.0802538
522	0.0797666
523	0.0793426
524	0.0788126
525	0.0781653
526	0.0777774
527	0.0770354
528	0.0763611
529	0.075716
530	0.0749334
531	0.0744282
532	0.0737877
533	0.0732329
534	0.0728066
535	0.072633
536	0.0724165
537	0.0719068
538	0.0713091
539	0.0708355
540	0.070752
541	0.0704318
542	0.0704137
543	0.0705107
544	0.0705581
545	0.0704566
546	0.0706325
547	0.0712843
548	0.0733231
549	0.0780142
550	0.085211
551	0.0935941
552	0.100698
553	0.103312
554	0.102613
555	0.100353
556	0.0976627
557	0.0957547
558	0.0948368
559	0.0941715
560	0.0933686
561	0.0923943
562	0.0912824
563	0.0905923
564	0.0898841
565	0.0892999
566	0.0886211
567	0.0879806
568	0.0873513
569	0.0869634
570	0.0868281
571	0.0869296
572	0.087234
573	0.0877347
574	0.0880257
575	0.0880482
576	0.0878926
577	0.08764
578	0.0874889
579	0.087216
580	0.0867604
581	0.0862981
582	0.0859891
583	0.0857591
584	0.0853824
585	0.0848975
586	0.0847374
587	0.0844848
588	0.0841533
589	0.08393
590	0.0837338
591	0.0837676
592	0.0836593
593	0.0835556
594	0.0836593
595	0.0838533
596	0.0845773
597	0.0857748
598	0.0878836
599	0.0906802
600	0.0935873
601	0.0961697
602	0.0979875
603	0.0990859
604	0.0997625
605	0.0996452
606	0.0994016
607	0.0987882
608	0.0980597
609	0.0973447
610	0.0966118
611	0.0964313
612	0.0962396
613	0.0961539
614	0.0960479
615	0.0959803
616	0.095642
617	0.0951661
618	0.0948233
619	0.0946789
620	0.0946925
621	0.0942752
622	0.094088
623	0.0944602
624	0.0952834
625	0.0957434
626	0.0958134
627	0.09566
628	0.0953916
629	0.0952924
630	0.0950285
631	0.0946
632	0.0940159
633	0.0933596
634	0.0925206
635	0.0918192
636	0.0912147
637	0.0907298
638	0.0902923
639	0.0899495
640	0.0895525
641	0.0893383
642	0.089415
643	0.08923
644	0.0887113
645	0.0879693
646	0.0874957
647	0.0872047
648	0.0866589
649	0.0861041
650	0.0855132
651	0.0850125
652	0.0844848
653	0.0839999
654	0.0834947
655	0.0832624
656	0.0829715
657	0.0828316
658	0.0823693
659	0.0817671
660	0.0810071
661	0.0803011
662	0.0796967
663	0.0792501
664	0.0789164
665	0.0785307
666	0.0780977
667	0.0773895
668	0.0767061
669	0.0761603
670	0.0755604
671	0.075195
672	0.0746741
673	0.0740335
674	0.0735735
675	0.0728021
676	0.0721932
677	0.0716857
678	0.0711941
679	0.0706054
680	0.0699717
681	0.0695048
682	0.0691192
683	0.0686681
684	0.0683388
685	0.0679577
686	0.067581
687	0.0675449
688	0.0678877
689	0.0688214
690	0.0701295
691	0.0714083
692	0.0724187
693	0.0726668
694	0.0726916
695	0.0722496
696	0.0716722
697	0.0709505
698	0.0700326
699	0.0692906
700	0.0687921
701	0.0682554
702	0.0675449
703	0.0671254
704	0.0665436
705	0.0662684
706	0.0658579
707	0.0653166
708	0.0647122
709	0.0642589
710	0.0637447
711	0.0631064
712	0.0626328
713	0.062211
714	0.0617938
715	0.0614194
716	0.0606481
717	0.0599602
718	0.0593468
719	0.05904
720	0.0585281
721	0.057874
722	0.0572064
723	0.056814
724	0.0561825
725	0.0555646
726	0.0549894
727	0.0544166
728	0.0536408
729	0.0530363
730	0.0524251
731	0.0518297
732	0.0514621
733	0.0510719
734	0.0506457
735	0.0503434
736	0.0501405
737	0.0499375
738	0.0496578
739	0.0494909
740	0.0493285
741	0.0489203
742	0.0481918
743	0.0475716
744	0.0473957
745	0.0471724
746	0.0469627
747	0.0469153
748	0.0469446
749	0.0469446
750	0.0468567
751	0.0465342
752	0.0463064
753	0.046144
754	0.0456501
755	0.0451404
756	0.0448382
757	0.0446036
758	0.0442495
759	0.0438345
760	0.0434421
761	0.0432008
762	0.0428377
763	0.042558
764	0.0423235
765	0.042037
766	0.0418273
767	0.0414236
768	0.0411687
769	0.0409161
770	0.0403636
771	0.0397952
772	0.0395742
773	0.0393893
774	0.039184
775	0.0389901
776	0.0386472
777	0.038221
778	0.0377902
779	0.0375399
780	0.0372692
781	0.0371001
782	0.0373121
783	0.0379503
784	0.0395494
785	0.0428692
786	0.0474814
787	0.0525086
788	0.0573485
789	0.0615886
790	0.0649806
791	0.067466
792	0.0687989
793	0.0692815
794	0.0691913
795	0.0687718
796	0.068411
797	0.0679216
798	0.0673036
799	0.0666586
800	0.0660203
801	0.0653505
802	0.0650032
803	0.064428
804	0.0638552
805	0.0633387
806	0.0627862
807	0.0625651
808	0.062202
809	0.0621637
810	0.0619584
811	0.0616247
812	0.0611443
813	0.0607969
814	0.060488
815	0.0602669
816	0.0601835
817	0.0602444
818	0.0601948
819	0.0599805
820	0.0594031
821	0.0589408
822	0.0586589
823	0.0583747
824	0.0580748
825	0.0579079
826	0.0577703
827	0.0578785
828	0.0579507
829	0.0580793
830	0.0581244
831	0.0580274
832	0.057856
833	0.057556
834	0.0572786
835	0.0569245
836	0.0564577
837	0.0560201
838	0.0556052
839	0.0550481
840	0.0546827
841	0.054164
842	0.0537761
843	0.0533633
844	0.0530047
845	0.0525785
846	0.052044
847	0.0518049
848	0.0514057
849	0.0508419
850	0.0503795
851	0.0501224
852	0.0500232
853	0.0498337
854	0.0495405
855	0.0492676
856	0.0489384
857	0.0485504
858	0.0480475
859	0.0475626
860	0.0471724
861	0.0470439
862	0.0467236
863	0.0463154
864	0.0457922
865	0.0451945
866	0.0446668
867	0.0442247
868	0.0437466
869	0.0433699
870	0.0427407
871	0.0422377
872	0.0419784
873	0.0420077
874	0.0423505
875	0.0425422
876	0.0425603
877	0.0426369
878	0.0425828
879	0.0425039
880	0.0423347
881	0.041922
882	0.0414777
883	0.0411642
884	0.0408778
885	0.0405756
886	0.040129
887	0.0399215
888	0.039369
889	0.0390149
890	0.0387623
891	0.0385751
892	0.0382278
893	0.0379481
894	0.0375376
895	0.0372174
896	0.03694
897	0.0363671
898	0.0361258
899	0.0356138
900	0.0355078
901	0.0352981
902	0.0351582
903	0.0347387
904	0.0341524
905	0.0336472
906	0.0335592
907	0.0339178
908	0.0342764
909	0.0344816
910	0.0343644
911	0.0344861
912	0.0346756
913	0.0347748
914	0.0346012
915	0.0343035
916	0.0339246
917	0.0336088
918	0.0335006
919	0.0331172
920	0.0326819
921	0.0323594
922	0.0321271
923	0.0319962
924	0.0317685
925	0.0312114
926	0.0308753
927	0.0305686
928	0.0301784
929	0.0298018
930	0.0294612
931	0.0293395
932	0.0293034
933	0.0293056
934	0.0295672
935	0.0299935
936	0.0306881
937	0.0315722
938	0.0324766
939	0.0339404
940	0.0349034
941	0.0357176
942	0.0362002
943	0.0363558
944	0.0362521
945	0.0360153
946	0.03581
947	0.0353973
948	0.034865
949	0.0345245
950	0.0346666
951	0.0347004
952	0.0346643
953	0.0344726
954	0.0344478
955	0.034229
956	0.034008
957	0.0338614
958	0.0336336
959	0.0332502
960	0.0330495
961	0.0328894
962	0.0327022
963	0.0328781
964	0.0328443
965	0.0326368
966	0.0326616
967	0.032718
968	0.0325533
969	0.0324811
970	0.0321789
971	0.032012
972	0.0315474
973	0.0313738
974	0.0310152
975	0.0309385
976	0.0309859
977	0.0308956
978	0.0307693
979	0.0307084
980	0.0304987
981	0.0304558
982	0.0302912
983	0.0299912
984	0.0298785
985	0.0297387
986	0.0296845
987	0.0294455
988	0.0294206
989	0.0291996
990	0.0290891
991	0.0287801
992	0.0285614
993	0.028311
994	0.0278284
995	0.0277291
996	0.0277156
997	0.0275532
998	0.027463
999	0.0272736
1000	0.0271337
1001	0.0267458
1002	0.0265767
1003	0.0265473
1004	0.0264707
1005	0.0266962
1006	0.0272758
1007	0.028108
1008	0.0290463
1009	0.0300048
1010	0.0311189
1011	0.0318542
1012	0.0320865
1013	0.032294
1014	0.0323323
1015	0.0322353
1016	0.0320932
1017	0.0320391
1018	0.0318497
1019	0.0315948
1020	0.0314031
1021	0.0312272
1022	0.0309159
1023	0.0303589
