0	0.000348767
1	0.00042996
2	0.000346512
3	0.00023149
4	0.000150297
5	0.000247277
6	0.000290128
7	9.61691e-05
8	0.000150297
9	9.84245e-05
10	-0.000138386
11	-8.65135e-05
12	-4.59173e-05
13	1.04662e-05
14	0.000199915
15	7.58711e-05
16	7.81264e-05
17	-3.01299e-05
18	2.62536e-05
19	1.72322e-05
20	3.75303e-05
21	-0.000111322
22	-6.62154e-05
23	-0.000212813
24	-0.000163195
25	-0.00013162
26	-0.000129365
27	-0.000174472
28	-0.000111322
29	-8.87688e-05
30	-0.000147408
31	-7.74921e-05
32	-0.000113578
33	-0.000145152
34	8.71478e-05
35	0.000123233
36	0.000177361
37	6.00837e-05
38	0.00010519
39	-3.46406e-05
40	-6.39601e-05
41	-2.78746e-05
42	4.2041e-05
43	-0.000129365
44	-0.000273707
45	-0.000269196
46	-0.000142897
47	-5.7194e-05
48	-0.000197025
49	-0.000260175
50	-0.000395495
51	-0.000287239
52	-0.000192514
53	-0.000321069
54	-0.000224089
55	-1.20872e-05
56	0.00118099
57	0.00529247
58	0.0175164
59	0.0477222
60	0.10868
61	0.204227
62	0.324951
63	0.455249
64	0.582664
65	0.700472
66	0.806671
67	0.900115
68	0.980621
69	1.04819
70	1.10365
71	1.14819
72	1.1835
73	1.21095
74	1.23216
75	1.2481
76	1.2598
77	1.26845
78	1.27478
79	1.2801
80	1.28585
81	1.29324
82	1.30299
83	1.31411
84	1.32541
85	1.33574
86	1.34458
87	1.35161
88	1.35681
89	1.36016
90	1.36172
91	1.3617
92	1.36017
93	1.35733
94	1.35336
95	1.34875
96	1.34323
97	1.33716
98	1.33082
99	1.32413
100	1.31763
101	1.3112
102	1.30504
103	1.299
104	1.29293
105	1.28684
106	1.28053
107	1.27394
108	1.26735
109	1.26017
110	1.25271
111	1.24502
112	1.23727
113	1.22919
114	1.22078
115	1.21229
116	1.20346
117	1.19466
118	1.18575
119	1.17681
120	1.16778
121	1.15885
122	1.14989
123	1.14096
124	1.13201
125	1.12293
126	1.11381
127	1.10484
128	1.0957
129	1.08664
130	1.07727
131	1.06821
132	1.05928
133	1.0503
134	1.04131
135	1.0325
136	1.02341
137	1.01439
138	1.00542
139	0.996316
140	0.987128
141	0.978127
142	0.96897
143	0.959888
144	0.951056
145	0.942398
146	0.933782
147	0.92514
148	0.916552
149	0.908128
150	0.899797
151	0.891486
152	0.883504
153	0.875581
154	0.86803
155	0.860745
156	0.853434
157	0.846169
158	0.839272
159	0.832231
160	0.825188
161	0.817792
162	0.810397
163	0.803011
164	0.795611
165	0.788166
166	0.780744
167	0.773263
168	0.765868
169	0.758657
170	0.751573
171	0.744325
172	0.737482
173	0.730542
174	0.723596
175	0.716699
176	0.709802
177	0.702754
178	0.695621
179	0.688422
180	0.681392
181	0.674443
182	0.667352
183	0.660388
184	0.653317
185	0.646662
186	0.640033
187	0.633569
188	0.627169
189	0.62059
190	0.614266
191	0.607823
192	0.601467
193	0.595229
194	0.589065
195	0.582928
196	0.576692
197	0.570724
198	0.564687
199	0.558864
200	0.553189
201	0.547337
202	0.541624
203	0.535952
204	0.530358
205	0.524639
206	0.519348
207	0.513847
208	0.508603
209	0.503251
210	0.498118
211	0.49296
212	0.487642
213	0.482484
214	0.477448
215	0.472367
216	0.467414
217	0.462206
218	0.457209
219	0.452306
220	0.44754
221	0.44245
222	0.437578
223	0.432894
224	0.428223
225	0.423536
226	0.418737
227	0.413913
228	0.409382
229	0.404794
230	0.400173
231	0.395638
232	0.391053
233	0.386657
234	0.382097
235	0.37764
236	0.373414
237	0.369169
238	0.36513
239	0.361206
240	0.357405
241	0.353754
242	0.350037
243	0.346447
244	0.342689
245	0.339072
246	0.335411
247	0.331882
248	0.328192
249	0.324698
250	0.321169
251	0.317768
252	0.314371
253	0.310864
254	0.307558
255	0.30406
256	0.300918
257	0.297429
258	0.294129
259	0.290814
260	0.287463
261	0.284316
262	0.281186
263	0.278119
264	0.275027
265	0.27198
266	0.268982
267	0.265854
268	0.262839
269	0.259929
270	0.257022
271	0.254338
272	0.251567
273	0.248635
274	0.245858
275	0.243199
276	0.240382
277	0.237572
278	0.234999
279	0.232387
280	0.229832
281	0.22738
282	0.22501
283	0.222538
284	0.220163
285	0.217849
286	0.215589
287	0.213339
288	0.210989
289	0.208735
290	0.206742
291	0.204523
292	0.202384
293	0.20031
294	0.198212
295	0.195986
296	0.193726
297	0.191414
298	0.189227
299	0.187283
300	0.185893
301	0.185206
302	0.184863
303	0.18466
304	0.184321
305	0.184114
306	0.183433
307	0.182695
308	0.181714
309	0.180503
310	0.179215
311	0.17795
312	0.176538
313	0.17482
314	0.173121
315	0.171378
316	0.169402
317	0.167492
318	0.165503
319	0.163755
320	0.161946
321	0.160164
322	0.158486
323	0.15668
324	0.154961
325	0.153159
326	0.151585
327	0.149977
328	0.148089
329	0.146443
330	0.144567
331	0.142769
332	0.140904
333	0.138971
334	0.136887
335	0.135074
336	0.133445
337	0.13188
338	0.130552
339	0.129117
340	0.127803
341	0.12651
342	0.125087
343	0.123835
344	0.122446
345	0.121185
346	0.119864
347	0.118337
348	0.116916
349	0.115617
350	0.114289
351	0.112938
352	0.111814
353	0.110637
354	0.109609
355	0.10854
356	0.107414
357	0.106183
358	0.105191
359	0.104119
360	0.102861
361	0.101722
362	0.100524
363	0.0995184
364	0.0984899
365	0.09736
366	0.0960519
367	0.0948318
368	0.0936996
369	0.0925493
370	0.0912999
371	0.0902466
372	0.0893084
373	0.0892295
374	0.0904564
375	0.0923351
376	0.0938462
377	0.0956144
378	0.0970826
379	0.0983027
380	0.099171
381	0.0997281
382	0.100066
383	0.0999717
384	0.0996898
385	0.099259
386	0.0985689
387	0.0976938
388	0.0967736
389	0.0959797
390	0.0951813
391	0.0942589
392	0.0930478
393	0.0919562
394	0.0909458
395	0.0898069
396	0.0886927
397	0.0875493
398	0.086381
399	0.0853255
400	0.084376
401	0.0834197
402	0.0823981
403	0.0815726
404	0.0809298
405	0.0800751
406	0.0795857
407	0.0789587
408	0.0782888
409	0.0775649
410	0.0768792
411	0.0760809
412	0.0751449
413	0.0741954
414	0.0733519
415	0.0725603
416	0.0718882
417	0.0711281
418	0.0705801
419	0.0701809
420	0.0695088
421	0.0688638
422	0.0681939
423	0.0673685
424	0.0666084
425	0.0659251
426	0.0652958
427	0.0644591
428	0.0635073
429	0.0624857
430	0.0613287
431	0.0602551
432	0.0595064
433	0.0585614
434	0.0578915
435	0.0571856
436	0.0565158
437	0.056067
438	0.0558098
439	0.055458
440	0.0550769
441	0.0546844
442	0.0542717
443	0.0538364
444	0.0533493
445	0.0528441
446	0.0524494
447	0.0520231
448	0.0513623
449	0.0505955
450	0.0499505
451	0.0493506
452	0.0486875
453	0.0479139
454	0.0472441
455	0.046669
456	0.0461006
457	0.045512
458	0.0449143
459	0.0441024
460	0.0435092
461	0.0427988
462	0.0421109
463	0.0414862
464	0.040681
465	0.0399728
466	0.0393256
467	0.0386648
468	0.0380355
469	0.0372033
470	0.0363711
471	0.0356584
472	0.0348622
473	0.0341766
474	0.0335384
475	0.0328775
476	0.032104
477	0.0312379
478	0.0306808
479	0.0300764
480	0.0294742
481	0.0287052
482	0.0280646
483	0.0275234
484	0.0267791
485	0.0262175
486	0.0255883
487	0.0247267
488	0.0239509
489	0.023254
490	0.0226518
491	0.021876
492	0.0211949
493	0.0205859
494	0.0199319
495	0.0192147
496	0.0186328
497	0.0179788
498	0.017345
499	0.0167428
500	0.0161452
501	0.0156174
502	0.0149115
503	0.0143274
504	0.0138989
505	0.013635
506	0.0136869
507	0.0139146
508	0.0142958
509	0.0148078
510	0.0151934
511	0.015631
512	0.0160211
513	0.0160753
514	0.0160279
515	0.0160347
516	0.0159467
517	0.0157595
518	0.0156061
519	0.015225
520	0.0147649
521	0.0146251
522	0.0142845
523	0.0139778
524	0.0136169
525	0.0132177
526	0.0130847
527	0.0129313
528	0.0124396
529	0.0120066
530	0.0117022
531	0.0113751
532	0.0110053
533	0.0107166
534	0.0103264
535	0.00985503
536	0.00940622
537	0.00894838
538	0.00847701
539	0.00812293
540	0.00767862
541	0.00722305
542	0.0069524
543	0.00639759
544	0.00607508
545	0.00575031
546	0.00563529
547	0.00552928
548	0.00545711
549	0.00547065
550	0.00541652
551	0.00545711
552	0.00546839
553	0.00539171
554	0.00514137
555	0.00476247
556	0.00437229
557	0.00400016
558	0.00377237
559	0.00330552
560	0.00297173
561	0.00247104
562	0.00212146
563	0.00174933
564	0.00139299
565	0.00107499
566	0.000601365
567	0.000222468
568	-0.000379708
569	-0.000869117
570	-0.00133146
571	-0.00170585
572	-0.00224713
573	-0.00267113
574	-0.00320339
575	-0.00352365
576	-0.00404238
577	-0.0044303
578	-0.00463328
579	-0.00490392
580	-0.00524899
581	-0.00581508
582	-0.00623683
583	-0.00673751
584	-0.00715701
585	-0.00750433
586	-0.00781331
587	-0.00813808
588	-0.00855306
589	-0.00910111
590	-0.00952286
591	-0.00986567
592	-0.0101859
593	-0.0106302
594	-0.0111129
595	-0.0114264
596	-0.0118256
597	-0.0121661
598	-0.0124277
599	-0.0127503
600	-0.0130976
601	-0.0134945
602	-0.0137178
603	-0.0141035
604	-0.0143312
605	-0.0146583
606	-0.0148861
607	-0.0152695
608	-0.0155176
609	-0.0157589
610	-0.0160025
611	-0.0163092
612	-0.0166046
613	-0.0167309
614	-0.0169181
615	-0.0171933
616	-0.0176489
617	-0.0177481
618	-0.0178112
619	-0.017836
620	-0.0176759
621	-0.0173534
622	-0.0171843
623	-0.0168978
624	-0.0168798
625	-0.0166091
626	-0.0164422
627	-0.016555
628	-0.0165212
629	-0.0165302
630	-0.0165685
631	-0.0167896
632	-0.0170895
633	-0.0172203
634	-0.0174774
635	-0.0176849
636	-0.0176985
637	-0.0177549
638	-0.0179353
639	-0.0181405
640	-0.018127
641	-0.0181225
642	-0.0183367
643	-0.0186841
644	-0.0188938
645	-0.0193945
646	-0.019602
647	-0.019841
648	-0.0201478
649	-0.0203665
650	-0.0204635
651	-0.0207296
652	-0.0210589
653	-0.0213408
654	-0.0215122
655	-0.0217378
656	-0.0219205
657	-0.0221889
658	-0.0224189
659	-0.0226625
660	-0.0230233
661	-0.0232917
662	-0.0236142
663	-0.0239435
664	-0.024266
665	-0.0245682
666	-0.0249381
667	-0.0252155
668	-0.0254433
669	-0.0256937
670	-0.0259575
671	-0.0263116
672	-0.0266229
673	-0.0270017
674	-0.0272453
675	-0.0274866
676	-0.0276084
677	-0.0277911
678	-0.028037
679	-0.0283256
680	-0.0285331
681	-0.0286572
682	-0.0289007
683	-0.029133
684	-0.029212
685	-0.0286527
686	-0.0277077
687	-0.0263071
688	-0.024778
689	-0.023321
690	-0.0219701
691	-0.0207951
692	-0.01962
693	-0.0187562
694	-0.0179759
695	-0.0172429
696	-0.0168324
697	-0.0166294
698	-0.0164355
699	-0.0162641
700	-0.0161197
701	-0.0161378
702	-0.0159889
703	-0.0160836
704	-0.0162911
705	-0.0164422
706	-0.0166723
707	-0.0167287
708	-0.0168572
709	-0.0167557
710	-0.0167445
711	-0.016767
712	-0.0169114
713	-0.016979
714	-0.0170377
715	-0.0174188
716	-0.0176646
717	-0.0176849
718	-0.0177368
719	-0.0177616
720	-0.0180909
721	-0.0182488
722	-0.0186795
723	-0.0191193
724	-0.0193223
725	-0.0194328
726	-0.0197937
727	-0.020017
728	-0.0201996
729	-0.0205176
730	-0.020883
731	-0.0211559
732	-0.021307
733	-0.0217513
734	-0.0221009
735	-0.0224347
736	-0.0227707
737	-0.0230481
738	-0.0234789
739	-0.0238127
740	-0.0240179
741	-0.0242299
742	-0.0244803
743	-0.0246472
744	-0.0248637
745	-0.0251614
746	-0.0254636
747	-0.0255335
748	-0.0256734
749	-0.025741
750	-0.0257839
751	-0.0260026
752	-0.0261334
753	-0.0261943
754	-0.0264492
755	-0.0264966
756	-0.0266995
757	-0.0269837
758	-0.0273017
759	-0.0275769
760	-0.0277889
761	-0.0278159
762	-0.0279896
763	-0.02817
764	-0.0284204
765	-0.0287271
766	-0.0289616
767	-0.0293947
768	-0.0295593
769	-0.0296157
770	-0.029839
771	-0.0301119
772	-0.0303848
773	-0.0305223
774	-0.0306937
775	-0.0310839
776	-0.0314177
777	-0.0316094
778	-0.0317492
779	-0.0319116
780	-0.0320424
781	-0.0319116
782	-0.0315575
783	-0.0310997
784	-0.0306937
785	-0.0302404
786	-0.0297127
787	-0.0294556
788	-0.0293608
789	-0.0291939
790	-0.029018
791	-0.0289165
792	-0.0287203
793	-0.0286549
794	-0.0286211
795	-0.0287068
796	-0.028682
797	-0.0288376
798	-0.0288917
799	-0.0288962
800	-0.0289571
801	-0.0291714
802	-0.0293653
803	-0.0292774
804	-0.0292278
805	-0.0293811
806	-0.0294037
807	-0.029327
808	-0.0292616
809	-0.0291601
810	-0.0291195
811	-0.029115
812	-0.0291082
813	-0.0290406
814	-0.0291624
815	-0.029415
816	-0.0294804
817	-0.0296721
818	-0.0297465
819	-0.0299134
820	-0.0298886
821	-0.0300374
822	-0.0301592
823	-0.0303194
824	-0.0304321
825	-0.0304682
826	-0.030599
827	-0.0306577
828	-0.0307186
829	-0.0307253
830	-0.0308697
831	-0.0309711
832	-0.0311403
833	-0.0312283
834	-0.0314854
835	-0.0317154
836	-0.0319793
837	-0.032056
838	-0.0321575
839	-0.0324168
840	-0.03271
841	-0.0328521
842	-0.033143
843	-0.0331949
844	-0.0335107
845	-0.0338354
846	-0.0340632
847	-0.0343361
848	-0.0345842
849	-0.0347466
850	-0.0349992
851	-0.0352112
852	-0.0355044
853	-0.0356735
854	-0.0358923
855	-0.0358111
856	-0.0360209
857	-0.0360637
858	-0.0362554
859	-0.0363118
860	-0.0362938
861	-0.0365261
862	-0.0366185
863	-0.0367065
864	-0.0367606
865	-0.0369523
866	-0.0372297
867	-0.0373425
868	-0.0374913
869	-0.0375432
870	-0.0376988
871	-0.0378274
872	-0.0381093
873	-0.0380259
874	-0.03808
875	-0.038292
876	-0.0382852
877	-0.0383393
878	-0.0383416
879	-0.0384183
880	-0.0381995
881	-0.0382604
882	-0.0385108
883	-0.0386844
884	-0.0384859
885	-0.0386776
886	-0.0387137
887	-0.0387679
888	-0.0388265
889	-0.0388919
890	-0.0390701
891	-0.0392392
892	-0.0393497
893	-0.0395572
894	-0.0397264
895	-0.0397828
896	-0.0398527
897	-0.0400579
898	-0.0401323
899	-0.0402203
900	-0.0403376
901	-0.0403872
902	-0.0404955
903	-0.0408112
904	-0.0409781
905	-0.0411991
906	-0.0414833
907	-0.0415104
908	-0.0418148
909	-0.0419907
910	-0.0420697
911	-0.0423584
912	-0.0425636
913	-0.0426899
914	-0.0428275
915	-0.0430485
916	-0.0431568
917	-0.0433778
918	-0.043574
919	-0.0438582
920	-0.0440792
921	-0.0441762
922	-0.0444355
923	-0.0446047
924	-0.0446949
925	-0.0448415
926	-0.0451324
927	-0.0453602
928	-0.0454504
929	-0.0457166
930	-0.0456061
931	-0.0453219
932	-0.0449114
933	-0.0443859
934	-0.0441739
935	-0.0438198
936	-0.0435063
937	-0.0431365
938	-0.042938
939	-0.0428636
940	-0.0426448
941	-0.0425862
942	-0.0425433
943	-0.042726
944	-0.0427936
945	-0.0427192
946	-0.0427869
947	-0.0427463
948	-0.0428816
949	-0.0429853
950	-0.0431319
951	-0.0430575
952	-0.0428297
953	-0.0420246
954	-0.0405518
955	-0.0389099
956	-0.0371034
957	-0.0356735
958	-0.0341715
959	-0.0329852
960	-0.0319567
961	-0.03112
962	-0.0303126
963	-0.0296067
964	-0.0291488
965	-0.0288579
966	-0.0287677
967	-0.028673
968	-0.0285827
969	-0.028479
970	-0.0285963
971	-0.028576
972	-0.0285241
973	-0.0284925
974	-0.0284993
975	-0.02847
976	-0.0282287
977	-0.0281497
978	-0.028152
979	-0.0281204
980	-0.028258
981	-0.0283504
982	-0.0286188
983	-0.0288714
984	-0.0289346
985	-0.0290541
986	-0.0292345
987	-0.0294691
988	-0.0294849
989	-0.0294037
990	-0.0297172
991	-0.0299134
992	-0.0299968
993	-0.0300014
994	-0.0300938
995	-0.0302088
996	-0.0302269
997	-0.0304096
998	-0.0304005
999	-0.030502
1000	-0.0306486
1001	-0.0307569
1002	-0.030784
1003	-0.0310546
1004	-0.031208
1005	-0.0312643
1006	-0.0312102
1007	-0.0312576
1008	-0.0312801
1009	-0.031341
1010	-0.0314786
1011	-0.0315869
1012	-0.0317019
1013	-0.0319274
1014	-0.0319838
1015	-0.0320063
1016	-0.0321575
1017	-0.032268
1018	-0.0323469
1019	-0.0325161
1020	-0.0325589
1021	-0.032719
1022	-0.0329446
1023	-0.0332242
