0	2.12027e-05
1	0.000255758
2	0.00026478
3	0.000334695
4	8.8863e-05
5	-0.000276502
6	-0.000170501
7	2.79688e-05
8	0.000406866
9	0.000506101
10	-7.57769e-05
11	-0.000384759
12	-0.000560675
13	-0.00100723
14	-0.000894466
15	-0.000542632
16	-9.15643e-05
17	0.000109161
18	0.000354993
19	0.000391079
20	0.000451973
21	0.000325674
22	0.000215162
23	0.000185843
24	0.000176821
25	0.000420398
26	0.000393334
27	7.30756e-05
28	-5.99895e-05
29	-0.000199821
30	-0.000235906
31	-0.000285524
32	-0.000114118
33	0.000280567
34	0.000842147
35	0.000711337
36	0.000379802
37	0.000199375
38	0.000115927
39	-3.06701e-05
40	-0.000384759
41	-0.000276502
42	0.000192609
43	0.000282822
44	0.000183587
45	-0.000281013
46	-0.000635101
47	-0.000662165
48	-0.000479483
49	-0.000542632
50	-0.000601271
51	-0.000274247
52	-0.000150203
53	-0.000118628
54	-0.000188544
55	-0.000420844
56	-0.000738847
57	-0.000235906
58	0.000914318
59	0.00368839
60	0.0105424
61	0.0285761
62	0.0730288
63	0.171544
64	0.356909
65	0.649584
66	1.04097
67	1.48219
68	1.90791
69	2.26934
70	2.54248
71	2.7243
72	2.82735
73	2.87128
74	2.8743
75	2.85172
76	2.8134
77	2.76667
78	2.71738
79	2.67008
80	2.62781
81	2.59083
82	2.55833
83	2.52965
84	2.504
85	2.48147
86	2.46156
87	2.44394
88	2.42777
89	2.41347
90	2.39991
91	2.38696
92	2.37414
93	2.36081
94	2.34588
95	2.3305
96	2.31544
97	2.3007
98	2.28583
99	2.27002
100	2.2528
101	2.23586
102	2.21966
103	2.20399
104	2.18881
105	2.17398
106	2.15912
107	2.1444
108	2.13038
109	2.11575
110	2.10026
111	2.08403
112	2.06756
113	2.05136
114	2.03551
115	2.0192
116	2.00272
117	1.98588
118	1.96865
119	1.95126
120	1.9343
121	1.91742
122	1.90018
123	1.88307
124	1.86589
125	1.84882
126	1.83173
127	1.81511
128	1.79887
129	1.78263
130	1.76645
131	1.75004
132	1.73386
133	1.71831
134	1.70346
135	1.68894
136	1.67456
137	1.66045
138	1.64648
139	1.63263
140	1.61876
141	1.60527
142	1.59188
143	1.57866
144	1.56619
145	1.55455
146	1.54293
147	1.53088
148	1.51787
149	1.50389
150	1.48915
151	1.4739
152	1.45905
153	1.44449
154	1.42951
155	1.41458
156	1.40026
157	1.38681
158	1.37455
159	1.36413
160	1.35573
161	1.34967
162	1.34473
163	1.33556
164	1.3228
165	1.31037
166	1.29815
167	1.28555
168	1.27298
169	1.26024
170	1.24735
171	1.23494
172	1.22293
173	1.21188
174	1.20152
175	1.19155
176	1.18206
177	1.17204
178	1.16143
179	1.15082
180	1.14042
181	1.12991
182	1.11899
183	1.10815
184	1.09728
185	1.08652
186	1.07605
187	1.06569
188	1.05534
189	1.0455
190	1.03603
191	1.02609
192	1.01585
193	1.006
194	0.996546
195	0.987299
196	0.977887
197	0.968212
198	0.958692
199	0.949396
200	0.940018
201	0.930868
202	0.92214
203	0.913473
204	0.904562
205	0.8957
206	0.887385
207	0.879169
208	0.870905
209	0.863095
210	0.855397
211	0.84786
212	0.840275
213	0.832445
214	0.824786
215	0.816976
216	0.808881
217	0.800272
218	0.791445
219	0.782622
220	0.774433
221	0.766212
222	0.758136
223	0.749994
224	0.74141
225	0.732793
226	0.724856
227	0.717465
228	0.710262
229	0.703446
230	0.696425
231	0.689556
232	0.682902
233	0.676091
234	0.669521
235	0.663109
236	0.656057
237	0.649153
238	0.643204
239	0.637798
240	0.632274
241	0.626217
242	0.619899
243	0.613783
244	0.60775
245	0.602353
246	0.596884
247	0.591216
248	0.585422
249	0.579711
250	0.57463
251	0.569344
252	0.564084
253	0.559001
254	0.55407
255	0.548962
256	0.54407
257	0.539235
258	0.53442
259	0.529438
260	0.524009
261	0.518596
262	0.513427
263	0.508303
264	0.503158
265	0.4981
266	0.493266
267	0.488436
268	0.484766
269	0.482006
270	0.479315
271	0.47676
272	0.474216
273	0.4718
274	0.46855
275	0.465291
276	0.462343
277	0.458586
278	0.454887
279	0.450952
280	0.446935
281	0.443241
282	0.439224
283	0.43488
284	0.430633
285	0.426276
286	0.422377
287	0.418367
288	0.414354
289	0.410338
290	0.406754
291	0.403078
292	0.399185
293	0.395757
294	0.392211
295	0.388596
296	0.384674
297	0.381052
298	0.377507
299	0.373846
300	0.370283
301	0.36639
302	0.362504
303	0.359326
304	0.356467
305	0.353305
306	0.351629
307	0.350991
308	0.350366
309	0.349089
310	0.347393
311	0.345681
312	0.343483
313	0.340853
314	0.337734
315	0.334707
316	0.332231
317	0.329833
318	0.327039
319	0.324123
320	0.3212
321	0.318633
322	0.316213
323	0.313466
324	0.310496
325	0.307368
326	0.304199
327	0.301484
328	0.298723
329	0.295834
330	0.292701
331	0.289672
332	0.287273
333	0.285011
334	0.282374
335	0.279566
336	0.277306
337	0.275313
338	0.273765
339	0.273238
340	0.273416
341	0.274079
342	0.274823
343	0.274634
344	0.273822
345	0.272387
346	0.270225
347	0.267922
348	0.266174
349	0.264205
350	0.262008
351	0.259426
352	0.256776
353	0.254494
354	0.252254
355	0.249857
356	0.247786
357	0.246009
358	0.244302
359	0.242326
360	0.240251
361	0.237872
362	0.23586
363	0.234376
364	0.233063
365	0.23141
366	0.229761
367	0.227993
368	0.226315
369	0.224949
370	0.22346
371	0.221552
372	0.219946
373	0.218755
374	0.21786
375	0.216854
376	0.216049
377	0.21514
378	0.214315
379	0.213178
380	0.211942
381	0.210526
382	0.209247
383	0.207853
384	0.206374
385	0.204784
386	0.203117
387	0.201428
388	0.20046
389	0.199283
390	0.19797
391	0.196459
392	0.194883
393	0.193741
394	0.192584
395	0.191143
396	0.189413
397	0.187296
398	0.185525
399	0.184589
400	0.183802
401	0.182375
402	0.180974
403	0.179515
404	0.177929
405	0.176179
406	0.174343
407	0.172611
408	0.171429
409	0.170381
410	0.169188
411	0.167589
412	0.166012
413	0.1646
414	0.163978
415	0.164499
416	0.165771
417	0.167377
418	0.169221
419	0.170933
420	0.171903
421	0.172047
422	0.171569
423	0.170796
424	0.169954
425	0.169005
426	0.168497
427	0.167965
428	0.167241
429	0.166215
430	0.165446
431	0.164846
432	0.163639
433	0.161864
434	0.160356
435	0.15861
436	0.157268
437	0.156082
438	0.154866
439	0.153664
440	0.152349
441	0.151589
442	0.152863
443	0.157915
444	0.167248
445	0.178728
446	0.181912
447	0.1817
448	0.181432
449	0.180726
450	0.180239
451	0.17931
452	0.178252
453	0.176887
454	0.17559
455	0.174336
456	0.173416
457	0.172487
458	0.17147
459	0.170735
460	0.170182
461	0.169537
462	0.169043
463	0.16829
464	0.167453
465	0.167
466	0.166492
467	0.165913
468	0.165378
469	0.164372
470	0.163493
471	0.162399
472	0.161468
473	0.160683
474	0.160008
475	0.15951
476	0.158887
477	0.158402
478	0.157744
479	0.156903
480	0.156183
481	0.155356
482	0.154271
483	0.153495
484	0.152667
485	0.152187
486	0.151684
487	0.151082
488	0.150576
489	0.149949
490	0.149485
491	0.148824
492	0.148078
493	0.147101
494	0.145971
495	0.144979
496	0.144088
497	0.143314
498	0.142367
499	0.141415
500	0.140763
501	0.14004
502	0.139113
503	0.13833
504	0.137541
505	0.136688
506	0.135712
507	0.135017
508	0.134555
509	0.134435
510	0.134615
511	0.135319
512	0.136517
513	0.137509
514	0.138037
515	0.138136
516	0.137644
517	0.137017
518	0.136305
519	0.135865
520	0.135854
521	0.135301
522	0.134365
523	0.133607
524	0.132881
525	0.132144
526	0.131038
527	0.130457
528	0.129954
529	0.129426
530	0.129148
531	0.128964
532	0.128231
533	0.127678
534	0.127207
535	0.126783
536	0.126395
537	0.126142
538	0.125732
539	0.125048
540	0.124405
541	0.124241
542	0.123779
543	0.124128
544	0.125901
545	0.129717
546	0.134936
547	0.140752
548	0.146291
549	0.150786
550	0.152863
551	0.15227
552	0.151549
553	0.150834
554	0.150646
555	0.150534
556	0.150146
557	0.148763
558	0.147135
559	0.145369
560	0.143741
561	0.142103
562	0.140809
563	0.139676
564	0.138977
565	0.138228
566	0.137389
567	0.136131
568	0.135044
569	0.133919
570	0.133375
571	0.132786
572	0.132601
573	0.132725
574	0.132845
575	0.133046
576	0.134081
577	0.135175
578	0.135867
579	0.136122
580	0.135926
581	0.135213
582	0.134054
583	0.133204
584	0.132421
585	0.131623
586	0.130808
587	0.129825
588	0.12902
589	0.12824
590	0.12759
591	0.12695
592	0.126544
593	0.126275
594	0.126717
595	0.127595
596	0.129063
597	0.131113
598	0.133082
599	0.13432
600	0.134688
601	0.134469
602	0.134185
603	0.133632
604	0.133174
605	0.132247
606	0.131433
607	0.130603
608	0.129327
609	0.128271
610	0.127155
611	0.126359
612	0.125626
613	0.124811
614	0.124313
615	0.124164
616	0.123564
617	0.123111
618	0.122967
619	0.122892
620	0.122838
621	0.122899
622	0.122894
623	0.123501
624	0.125208
625	0.127906
626	0.130781
627	0.13351
628	0.136043
629	0.137714
630	0.138344
631	0.137832
632	0.136862
633	0.135637
634	0.134034
635	0.132141
636	0.130425
637	0.129176
638	0.127899
639	0.126264
640	0.124744
641	0.123569
642	0.122581
643	0.12178
644	0.121255
645	0.12075
646	0.119999
647	0.118835
648	0.117367
649	0.116009
650	0.115086
651	0.114083
652	0.113772
653	0.113625
654	0.113363
655	0.113039
656	0.112901
657	0.112921
658	0.112491
659	0.112326
660	0.112089
661	0.111478
662	0.110542
663	0.109532
664	0.108729
665	0.108097
666	0.10726
667	0.10618
668	0.105208
669	0.104123
670	0.10346
671	0.10298
672	0.102504
673	0.101913
674	0.101408
675	0.100679
676	0.09982
677	0.09906
678	0.0984758
679	0.0978917
680	0.0971565
681	0.0968746
682	0.0963761
683	0.0959408
684	0.0952845
685	0.0945561
686	0.0940261
687	0.0932299
688	0.0924248
689	0.0920188
690	0.0932728
691	0.0964686
692	0.101678
693	0.108172
694	0.114748
695	0.118521
696	0.117867
697	0.116929
698	0.116
699	0.115242
700	0.114466
701	0.113702
702	0.11298
703	0.112558
704	0.111997
705	0.111464
706	0.11088
707	0.110152
708	0.109261
709	0.108399
710	0.107303
711	0.106099
712	0.105104
713	0.104083
714	0.102941
715	0.102066
716	0.101584
717	0.100625
718	0.0996373
719	0.0989472
720	0.0984059
721	0.0978669
722	0.097488
723	0.0972309
724	0.0967189
725	0.0957762
726	0.0949395
727	0.0941321
728	0.0932141
729	0.0920481
730	0.0907648
731	0.0899913
732	0.0893169
733	0.0886629
734	0.0882682
735	0.0877946
736	0.0872397
737	0.0865068
738	0.0858865
739	0.0851603
740	0.0842198
741	0.0833312
742	0.0825441
743	0.0817525
744	0.0809451
745	0.0802301
746	0.0795783
747	0.0789784
748	0.0787281
749	0.0785634
750	0.0779274
751	0.0772644
752	0.0769599
753	0.0773388
754	0.0774132
755	0.0767501
756	0.0759337
757	0.0750226
758	0.0746459
759	0.0742941
760	0.0739648
761	0.0733626
762	0.0724289
763	0.0714524
764	0.0705886
765	0.0699503
766	0.0694789
767	0.069206
768	0.0685858
769	0.0679836
770	0.0675371
771	0.0673003
772	0.0668266
773	0.0663169
774	0.0660395
775	0.0659065
776	0.0652344
777	0.0645059
778	0.0638767
779	0.063164
780	0.0625956
781	0.0618672
782	0.0611635
783	0.0606064
784	0.0604982
785	0.0614995
786	0.0646683
787	0.0712697
788	0.0805662
789	0.0911234
790	0.10118
791	0.102605
792	0.103111
793	0.103336
794	0.102849
795	0.1021
796	0.101757
797	0.101248
798	0.100447
799	0.0998854
800	0.0995359
801	0.0992043
802	0.0985706
803	0.0981872
804	0.0976098
805	0.0969918
806	0.0966558
807	0.0961416
808	0.0955574
809	0.0951064
810	0.0945809
811	0.0939629
812	0.0935502
813	0.0929097
814	0.0926232
815	0.092188
816	0.0919872
817	0.0917775
818	0.0914865
819	0.090828
820	0.0900093
821	0.0895943
822	0.0892335
823	0.088744
824	0.0884982
825	0.0884441
826	0.0886132
827	0.0888365
828	0.089053
829	0.0889854
830	0.0888546
831	0.0888906
832	0.0889538
833	0.0890192
834	0.0892267
835	0.0895064
836	0.0895334
837	0.0891748
838	0.0884554
839	0.0874585
840	0.0869759
841	0.0864256
842	0.0855821
843	0.0847679
844	0.0841319
845	0.083453
846	0.0830471
847	0.0827945
848	0.0825306
849	0.0824562
850	0.0820051
851	0.0816893
852	0.0815833
853	0.0812496
854	0.080679
855	0.0801151
856	0.0793145
857	0.0787168
858	0.0785725
859	0.078692
860	0.0778868
861	0.0767479
862	0.0760081
863	0.0761412
864	0.0761029
865	0.0758886
866	0.0753609
867	0.0752391
868	0.0750113
869	0.0748331
870	0.0743933
871	0.0743166
872	0.073922
873	0.0734258
874	0.0728687
875	0.0725372
876	0.0720297
877	0.0717365
878	0.071608
879	0.0712832
880	0.070778
881	0.0701578
882	0.0690482
883	0.0678618
884	0.0670319
885	0.0665673
886	0.0659764
887	0.0653223
888	0.0647562
889	0.0642059
890	0.0638022
891	0.0633918
892	0.0631933
893	0.0628302
894	0.062431
895	0.0620228
896	0.0617927
897	0.0614161
898	0.060762
899	0.0598103
900	0.0591021
901	0.0584706
902	0.0580466
903	0.0572933
904	0.0564927
905	0.0562446
906	0.0562807
907	0.0558973
908	0.0556041
909	0.0554191
910	0.0553808
911	0.055144
912	0.0550899
913	0.0545463
914	0.054111
915	0.0541178
916	0.0539735
917	0.0538088
918	0.0537389
919	0.05336
920	0.0530758
921	0.052918
922	0.0523631
923	0.0520451
924	0.0520136
925	0.0516347
926	0.0509942
927	0.0502138
928	0.0497898
929	0.0496297
930	0.0492237
931	0.0487456
932	0.048096
933	0.0475615
934	0.0468804
935	0.0470744
936	0.0483532
937	0.0498642
938	0.0520451
939	0.0543839
940	0.0568062
941	0.0584977
942	0.059569
943	0.0602636
944	0.0603065
945	0.0602253
946	0.0598283
947	0.0590006
948	0.0581932
949	0.0575301
950	0.0567453
951	0.0561905
952	0.0552838
953	0.0544223
954	0.0537818
955	0.0534457
956	0.0532811
957	0.0533149
958	0.0531525
959	0.0528323
960	0.0526541
961	0.0527375
962	0.0529811
963	0.0526834
964	0.0522955
965	0.0519211
966	0.0518106
967	0.051779
968	0.0516392
969	0.0514069
970	0.0506356
971	0.0501845
972	0.050074
973	0.0499725
974	0.0497064
975	0.0492869
976	0.0494109
977	0.0498146
978	0.0496703
979	0.0494876
980	0.049544
981	0.0500401
982	0.0502702
983	0.0502025
984	0.0497898
985	0.0492981
986	0.0490365
987	0.0487569
988	0.0486035
989	0.0488629
990	0.0489801
991	0.0487072
992	0.0481344
993	0.0476292
994	0.0475773
995	0.0475277
996	0.0474352
997	0.0469999
998	0.0462016
999	0.0455543
1000	0.0450694
1001	0.0444717
1002	0.0440319
1003	0.0436981
1004	0.043229
1005	0.0424329
1006	0.0419863
1007	0.0416751
1008	0.0415736
1009	0.0416931
1010	0.0423314
1011	0.0429358
1012	0.0433283
1013	0.0436756
1014	0.0439891
1015	0.0444379
1016	0.044819
1017	0.0451303
1018	0.0450446
1019	0.0447491
1020	0.0444604
1021	0.044156
1022	0.0440319
1023	0.0439011
