0	-0.000182596
1	-6.67902e-06
2	0.000390261
3	0.000536858
4	0.000496262
5	0.000128641
6	-6.75732e-05
7	-0.00024349
8	-0.000428428
9	-0.000514131
10	-0.000326937
11	-1.3445e-05
12	0.000433112
13	0.000706009
14	0.000475964
15	0.000277494
16	0.000223366
17	9.70666e-05
18	-0.000245745
19	-0.0003743
20	-0.000169064
21	6.09812e-05
22	0.000110599
23	0.000103833
24	0.000124131
25	-0.00014651
26	-0.000556982
27	-0.000538939
28	-0.000401364
29	-0.000358512
30	-0.00024349
31	-2.02111e-05
32	-3.37431e-05
33	-5.85519e-05
34	7.67686e-05
35	-3.14878e-05
36	-0.000187106
37	-0.000103659
38	-6.75732e-05
39	-5.85519e-05
40	0.000194046
41	0.00041507
42	0.000388006
43	0.00025494
44	5.87259e-05
45	-0.000144255
46	-0.00011268
47	-0.000198383
48	-5.40412e-05
49	0.000336133
50	0.000487241
51	0.000566178
52	0.000575199
53	0.000710519
54	0.000706009
55	0.00108942
56	0.00266815
57	0.00668041
58	0.0170482
59	0.0424682
60	0.0948146
61	0.182969
62	0.302137
63	0.438718
64	0.578975
65	0.714084
66	0.83946
67	0.952158
68	1.05025
69	1.13318
70	1.20089
71	1.25417
72	1.29417
73	1.32347
74	1.34439
75	1.35994
76	1.37274
77	1.3845
78	1.39646
79	1.4085
80	1.41961
81	1.42922
82	1.43651
83	1.44081
84	1.44252
85	1.44273
86	1.44304
87	1.4445
88	1.44713
89	1.45032
90	1.45277
91	1.45401
92	1.45253
93	1.4481
94	1.441
95	1.43267
96	1.42467
97	1.4183
98	1.41418
99	1.41124
100	1.40826
101	1.40377
102	1.39676
103	1.38696
104	1.37491
105	1.36197
106	1.35018
107	1.34063
108	1.33373
109	1.3286
110	1.32415
111	1.3188
112	1.31093
113	1.30037
114	1.28693
115	1.27269
116	1.25989
117	1.24961
118	1.24212
119	1.23615
120	1.2302
121	1.22233
122	1.21218
123	1.19923
124	1.18481
125	1.1713
126	1.15992
127	1.1512
128	1.14495
129	1.13954
130	1.13326
131	1.12427
132	1.11215
133	1.09741
134	1.08201
135	1.06771
136	1.05621
137	1.04874
138	1.04446
139	1.04111
140	1.03645
141	1.02916
142	1.0181
143	1.00391
144	0.988385
145	0.973969
146	0.9629
147	0.955856
148	0.951979
149	0.949431
150	0.946106
151	0.939534
152	0.928725
153	0.914453
154	0.898789
155	0.8844
156	0.873042
157	0.865773
158	0.862384
159	0.860654
160	0.858187
161	0.852943
162	0.844249
163	0.832149
164	0.818303
165	0.804798
166	0.794157
167	0.786875
168	0.783039
169	0.780801
170	0.778555
171	0.775037
172	0.76841
173	0.758855
174	0.746944
175	0.734729
176	0.724307
177	0.716589
178	0.711298
179	0.708046
180	0.705412
181	0.701494
182	0.69506
183	0.686573
184	0.676568
185	0.665781
186	0.6557
187	0.647366
188	0.641471
189	0.637589
190	0.633979
191	0.630172
192	0.624887
193	0.617605
194	0.60864
195	0.59871
196	0.589253
197	0.581177
198	0.574762
199	0.569848
200	0.566059
201	0.562708
202	0.558508
203	0.552468
204	0.544631
205	0.536164
206	0.527222
207	0.518974
208	0.512411
209	0.508514
210	0.506029
211	0.503645
212	0.500415
213	0.495916
214	0.489368
215	0.480938
216	0.471673
217	0.463202
218	0.456224
219	0.451068
220	0.447631
221	0.445838
222	0.44405
223	0.441253
224	0.436591
225	0.429911
226	0.422504
227	0.415596
228	0.409523
229	0.404956
230	0.402353
231	0.401207
232	0.399646
233	0.396809
234	0.392136
235	0.386155
236	0.379103
237	0.371998
238	0.366091
239	0.362093
240	0.359558
241	0.357841
242	0.356098
243	0.353665
244	0.349465
245	0.343748
246	0.337275
247	0.33131
248	0.326528
249	0.323199
250	0.321102
251	0.319692
252	0.317663
253	0.314708
254	0.310139
255	0.304791
256	0.299085
257	0.293639
258	0.289121
259	0.286462
260	0.284829
261	0.28392
262	0.282531
263	0.27968
264	0.275314
265	0.269818
266	0.263834
267	0.258266
268	0.254434
269	0.252467
270	0.251473
271	0.250778
272	0.2497
273	0.247738
274	0.24438
275	0.239883
276	0.234959
277	0.230331
278	0.22682
279	0.224476
280	0.223313
281	0.223119
282	0.222756
283	0.221287
284	0.218353
285	0.214609
286	0.210164
287	0.20596
288	0.202575
289	0.200414
290	0.199379
291	0.198968
292	0.198583
293	0.197333
294	0.195013
295	0.191472
296	0.187426
297	0.183625
298	0.180154
299	0.177843
300	0.176282
301	0.175125
302	0.174367
303	0.17324
304	0.171613
305	0.168857
306	0.165738
307	0.16236
308	0.159412
309	0.156893
310	0.155082
311	0.15379
312	0.152619
313	0.151381
314	0.149439
315	0.146879
316	0.144482
317	0.141687
318	0.139098
319	0.137095
320	0.135675
321	0.134389
322	0.133108
323	0.13159
324	0.129775
325	0.127567
326	0.125246
327	0.122799
328	0.120652
329	0.11908
330	0.118162
331	0.117115
332	0.116254
333	0.11551
334	0.114621
335	0.11327
336	0.111946
337	0.110771
338	0.109804
339	0.10905
340	0.108762
341	0.108475
342	0.107896
343	0.106878
344	0.105302
345	0.10366
346	0.102066
347	0.100843
348	0.0991404
349	0.097715
350	0.0967226
351	0.0957889
352	0.0945598
353	0.0929427
354	0.0914542
355	0.0898664
356	0.0879899
357	0.0864586
358	0.0855226
359	0.0846182
360	0.0836732
361	0.0825253
362	0.0813953
363	0.0801865
364	0.078928
365	0.0774958
366	0.0760502
367	0.0749834
368	0.0744105
369	0.073646
370	0.0729964
371	0.0722815
372	0.0711561
373	0.0698006
374	0.0682535
375	0.0670672
376	0.0663409
377	0.065829
378	0.0654388
379	0.0655989
380	0.0659665
381	0.065732
382	0.0649787
383	0.0637811
384	0.0620693
385	0.0604432
386	0.0590201
387	0.0580074
388	0.0572023
389	0.0571459
390	0.0571549
391	0.0566971
392	0.0561039
393	0.0550687
394	0.0536952
395	0.0520804
396	0.0507701
397	0.0495905
398	0.0490898
399	0.0486929
400	0.0484967
401	0.0484155
402	0.0482148
403	0.0473938
404	0.0461827
405	0.0447438
406	0.0431357
407	0.0415457
408	0.0406752
409	0.040409
410	0.0404699
411	0.0404541
412	0.0400527
413	0.0396242
414	0.0386905
415	0.0372628
416	0.0360788
417	0.0351834
418	0.0346805
419	0.0348383
420	0.0351902
421	0.0357292
422	0.0364013
423	0.0367328
424	0.0362705
425	0.0357675
426	0.0349691
427	0.0341211
428	0.0333949
429	0.0330679
430	0.0329326
431	0.0328243
432	0.0329641
433	0.0326304
434	0.0323597
435	0.0319718
436	0.0311103
437	0.0301111
438	0.0292564
439	0.0292699
440	0.0296781
441	0.0304314
442	0.0312681
443	0.0318793
444	0.0321274
445	0.0323281
446	0.0322898
447	0.0321906
448	0.03185
449	0.0316921
450	0.0316064
451	0.0314756
452	0.0316312
453	0.0314553
454	0.0309411
455	0.0301021
456	0.0290466
457	0.0279731
458	0.0269852
459	0.0269875
460	0.0273754
461	0.0282279
462	0.0291729
463	0.0301179
464	0.0307539
465	0.0309546
466	0.0309659
467	0.0308757
468	0.0305171
469	0.0304179
470	0.0302622
471	0.0304156
472	0.0303953
473	0.030366
474	0.030366
475	0.0300367
476	0.0293466
477	0.0283272
478	0.0273438
479	0.0266041
480	0.0265274
481	0.0266988
482	0.0267687
483	0.0269695
484	0.0271251
485	0.0267913
486	0.0264282
487	0.0257877
488	0.0252982
489	0.0247299
490	0.0245788
491	0.0245833
492	0.0245089
493	0.0241593
494	0.0237646
495	0.0232865
496	0.0227678
497	0.0221024
498	0.0217077
499	0.0213672
500	0.0211326
501	0.0206477
502	0.0200568
503	0.0194028
504	0.0188908
505	0.0182345
506	0.0172805
507	0.0166445
508	0.0160153
509	0.0158348
510	0.0156522
511	0.0152913
512	0.0150364
513	0.0146711
514	0.0140441
515	0.0128939
516	0.0119241
517	0.0112136
518	0.0109069
519	0.0110152
520	0.0110873
521	0.0108731
522	0.0107761
523	0.0102438
524	0.00944094
525	0.00844408
526	0.00752165
527	0.00692624
528	0.00659245
529	0.006191
530	0.0061098
531	0.00626317
532	0.00620227
533	0.00578278
534	0.00521895
535	0.00453558
536	0.00380034
537	0.00351616
538	0.00334701
539	0.00310118
540	0.00318237
541	0.00319365
542	0.00301097
543	0.00271326
544	0.00240879
545	0.00244939
546	0.00275837
547	0.00331093
548	0.00413638
549	0.00510167
550	0.0060038
551	0.00672551
552	0.00710892
553	0.0071653
554	0.00683828
555	0.00645487
556	0.00584142
557	0.00554146
558	0.00565423
559	0.00579406
560	0.00567903
561	0.00557078
562	0.00544899
563	0.00512197
564	0.0043574
565	0.00320944
566	0.00240879
567	0.00244488
568	0.00309667
569	0.00407774
570	0.00529563
571	0.00635789
572	0.00690143
573	0.00687436
574	0.00652028
575	0.00596546
576	0.00567452
577	0.0051355
578	0.00466864
579	0.00467315
580	0.00472954
581	0.00476337
582	0.00455136
583	0.00423562
584	0.00373042
585	0.00315531
586	0.00257117
587	0.00220355
588	0.00197351
589	0.0022216
590	0.00257343
591	0.00273356
592	0.00256666
593	0.0022667
594	0.00184721
595	0.00127886
596	0.000929287
597	0.00115031
598	0.00160589
599	0.00215845
600	0.0025396
601	0.00329739
602	0.0035545
603	0.00391085
604	0.00394693
605	0.00380034
606	0.0036154
607	0.00326808
608	0.00280347
609	0.00268394
610	0.00260726
611	0.00240428
612	0.001863
613	0.00115257
614	0.000600007
615	-0.000164553
616	-0.000944901
617	-0.00160572
618	-0.00195755
619	-0.00184253
620	-0.00144559
621	-0.000960689
622	-0.000417152
623	-0.000344981
624	-0.000816346
625	-0.00127193
626	-0.00131929
627	-0.00152678
628	-0.00172525
629	-0.00179516
630	-0.00169367
631	-0.0015764
632	-0.0017681
633	-0.002253
634	-0.00265219
635	-0.00305364
636	-0.0037122
637	-0.00451736
638	-0.00496843
639	-0.005
640	-0.00473613
641	-0.00486468
642	-0.00510149
643	-0.0055052
644	-0.00587056
645	-0.00628104
646	-0.00678623
647	-0.0072982
648	-0.00739969
649	-0.00743577
650	-0.00790488
651	-0.00818454
652	-0.00823642
653	-0.00868974
654	-0.00907315
655	-0.00933928
656	-0.00954677
657	-0.00982869
658	-0.0102008
659	-0.0104963
660	-0.0105707
661	-0.0107105
662	-0.0106587
663	-0.0108864
664	-0.0112721
665	-0.0117232
666	-0.0119262
667	-0.0122396
668	-0.0125802
669	-0.0127945
670	-0.0130719
671	-0.0133808
672	-0.0138928
673	-0.0141815
674	-0.0145423
675	-0.0149415
676	-0.0150408
677	-0.0149979
678	-0.0149055
679	-0.0150588
680	-0.0149618
681	-0.014813
682	-0.0151062
683	-0.0154445
684	-0.015891
685	-0.0160805
686	-0.0163015
687	-0.0161887
688	-0.0160782
689	-0.016191
690	-0.0162451
691	-0.0165609
692	-0.017039
693	-0.017542
694	-0.0179321
695	-0.0182704
696	-0.0184351
697	-0.0184689
698	-0.0183922
699	-0.0180043
700	-0.0182772
701	-0.0185005
702	-0.0186538
703	-0.0190327
704	-0.019556
705	-0.0201108
706	-0.0203634
707	-0.0203499
708	-0.0201852
709	-0.0202641
710	-0.0205686
711	-0.020722
712	-0.0211076
713	-0.0215722
714	-0.0222015
715	-0.0226638
716	-0.0229593
717	-0.0230788
718	-0.0226999
719	-0.0227924
720	-0.022745
721	-0.0230563
722	-0.0234284
723	-0.0238795
724	-0.0241095
725	-0.0244726
726	-0.0245267
727	-0.0246508
728	-0.0249395
729	-0.0251718
730	-0.0256567
731	-0.0259363
732	-0.026013
733	-0.0263468
734	-0.0270189
735	-0.0272805
736	-0.0273143
737	-0.0273234
738	-0.0274046
739	-0.0274587
740	-0.0275715
741	-0.0277609
742	-0.0279661
743	-0.0282729
744	-0.0284691
745	-0.0286946
746	-0.0288232
747	-0.0288841
748	-0.0286698
749	-0.0285593
750	-0.0285097
751	-0.0288006
752	-0.0293667
753	-0.0296283
754	-0.029926
755	-0.0305643
756	-0.0309748
757	-0.030968
758	-0.0307943
759	-0.0307988
760	-0.0310086
761	-0.0309748
762	-0.0309454
763	-0.0311078
764	-0.0312815
765	-0.0314349
766	-0.0316852
767	-0.0320663
768	-0.0321295
769	-0.032037
770	-0.0318137
771	-0.0315409
772	-0.0314754
773	-0.0316401
774	-0.0316604
775	-0.0319919
776	-0.0324858
777	-0.0329459
778	-0.0330677
779	-0.0330564
780	-0.0329211
781	-0.032646
782	-0.0321498
783	-0.0318701
784	-0.031295
785	-0.0310492
786	-0.0307199
787	-0.0302734
788	-0.0301831
789	-0.0301313
790	-0.0299959
791	-0.0297456
792	-0.0294907
793	-0.0294592
794	-0.0297772
795	-0.0299666
796	-0.0299305
797	-0.0300343
798	-0.0302125
799	-0.0302621
800	-0.029917
801	-0.0296712
802	-0.0295043
803	-0.029157
804	-0.0287194
805	-0.0285615
806	-0.0287217
807	-0.0287149
808	-0.0285345
809	-0.0283947
810	-0.0281917
811	-0.0281533
812	-0.0278804
813	-0.0278692
814	-0.0280541
815	-0.0285661
816	-0.0287194
817	-0.0287397
818	-0.0288187
819	-0.028769
820	-0.0284984
821	-0.028115
822	-0.0278917
823	-0.0277632
824	-0.0274384
825	-0.0270933
826	-0.0266986
827	-0.0259544
828	-0.0250793
829	-0.0238118
830	-0.0226571
831	-0.021482
832	-0.0204874
833	-0.019901
834	-0.0197725
835	-0.0200702
836	-0.0204536
837	-0.0207581
838	-0.0208212
839	-0.0209137
840	-0.0205348
841	-0.020325
842	-0.0200386
843	-0.0199913
844	-0.0202506
845	-0.0204716
846	-0.0206521
847	-0.0205619
848	-0.0207085
849	-0.0204716
850	-0.020219
851	-0.0196507
852	-0.0193192
853	-0.0193169
854	-0.0195064
855	-0.019777
856	-0.0200183
857	-0.0202236
858	-0.0204333
859	-0.0205754
860	-0.0204243
861	-0.0199732
862	-0.0197973
863	-0.0199326
864	-0.0203093
865	-0.0206588
866	-0.0207423
867	-0.0209813
868	-0.021137
869	-0.0209994
870	-0.0207062
871	-0.0205844
872	-0.0209904
873	-0.0212881
874	-0.021773
875	-0.0224992
876	-0.0231938
877	-0.0235344
878	-0.0233495
879	-0.0228713
880	-0.0228555
881	-0.022727
882	-0.0229728
883	-0.0235434
884	-0.0241569
885	-0.0246576
886	-0.0248853
887	-0.0252304
888	-0.0252755
889	-0.0250861
890	-0.0249575
891	-0.0248853
892	-0.0251605
893	-0.0253973
894	-0.0257717
895	-0.0260333
896	-0.0261641
897	-0.0262994
898	-0.0262228
899	-0.0261979
900	-0.0262859
901	-0.0264754
902	-0.0268046
903	-0.0271677
904	-0.027603
905	-0.0277541
906	-0.027903
907	-0.0276797
908	-0.0274835
909	-0.0271655
910	-0.02687
911	-0.0266152
912	-0.0267686
913	-0.0272061
914	-0.0274339
915	-0.0275489
916	-0.0277271
917	-0.0277767
918	-0.0277451
919	-0.027488
920	-0.0275354
921	-0.0278376
922	-0.0282684
923	-0.028742
924	-0.02906
925	-0.0291637
926	-0.0292833
927	-0.0292359
928	-0.0292472
929	-0.0289946
930	-0.0290126
931	-0.0291051
932	-0.029184
933	-0.0293667
934	-0.0296644
935	-0.0296351
936	-0.0294569
937	-0.0290758
938	-0.0285728
939	-0.0285458
940	-0.0286495
941	-0.028963
942	-0.0294456
943	-0.0298471
944	-0.0297682
945	-0.0298223
946	-0.0297524
947	-0.0297682
948	-0.0298448
949	-0.0299553
950	-0.0299305
951	-0.0300613
952	-0.0301809
953	-0.0303455
954	-0.0304154
955	-0.0306229
956	-0.0305079
957	-0.0304312
958	-0.030456
959	-0.0304425
960	-0.0304966
961	-0.0305575
962	-0.0309748
963	-0.0313311
964	-0.0313672
965	-0.0313537
966	-0.0312792
967	-0.0314236
968	-0.0315724
969	-0.0317619
970	-0.0320528
971	-0.0321566
972	-0.0320009
973	-0.031728
974	-0.0314439
975	-0.0308304
976	-0.0301222
977	-0.0295404
978	-0.0291434
979	-0.0289991
980	-0.0288006
981	-0.0286067
982	-0.0287645
983	-0.0287036
984	-0.028663
985	-0.0286766
986	-0.0289314
987	-0.029263
988	-0.029378
989	-0.0295855
990	-0.0298268
991	-0.0301042
992	-0.0303771
993	-0.0303478
994	-0.0300343
995	-0.0301741
996	-0.0300613
997	-0.0297952
998	-0.0297772
999	-0.0300794
1000	-0.0303162
1001	-0.0305079
1002	-0.030641
1003	-0.0308485
1004	-0.0311326
1005	-0.0310672
1006	-0.0308868
1007	-0.0309522
1008	-0.0308575
1009	-0.0306139
1010	-0.0304019
1011	-0.0303027
1012	-0.029899
1013	-0.0296441
1014	-0.0295855
1015	-0.0294411
1016	-0.0295855
1017	-0.0297411
1018	-0.0299148
1019	-0.0300659
1020	-0.0300771
1021	-0.0299937
1022	-0.0298178
1023	-0.0299914
