0	-0.000391661
1	-0.000360086
2	-0.000506684
3	-0.000741239
4	-0.000443534
5	-0.000263107
6	-0.000211234
7	0.000149621
8	0.0002466
9	-9.39562e-05
10	-0.00015034
11	-1.48723e-06
12	-0.000181914
13	-0.000563067
14	-0.000714175
15	-0.000646515
16	-0.000508939
17	-0.000432257
18	-0.000263107
19	3.02346e-06
20	0.000192472
21	0.000325537
22	0.000408985
23	0.000433794
24	0.000681881
25	0.000882606
26	0.000999884
27	0.000954777
28	0.000659328
29	0.000467624
30	0.000472134
31	0.000226302
32	7.06837e-05
33	-2.40406e-05
34	-0.000161616
35	-0.000335278
36	-0.000215745
37	-0.000193191
38	-0.000441279
39	-0.000590131
40	-0.000720941
41	-0.00058111
42	-0.000308214
43	-0.000139063
44	-0.000220255
45	-8.71902e-05
46	0.000271409
47	0.000663838
48	0.00107657
49	0.00130436
50	0.00146223
51	0.00147125
52	0.00129759
53	0.00142614
54	0.00150508
55	0.00188623
56	0.00270718
57	0.00415511
58	0.00613755
59	0.00964686
60	0.0184652
61	0.0442415
62	0.112948
63	0.261623
64	0.520836
65	0.891902
66	1.33962
67	1.80105
68	2.21544
69	2.55148
70	2.80375
71	2.97902
72	3.0868
73	3.13944
74	3.15066
75	3.13312
76	3.09754
77	3.0529
78	3.00454
79	2.95704
80	2.91245
81	2.87155
82	2.83552
83	2.80505
84	2.77933
85	2.75671
86	2.73627
87	2.71828
88	2.70226
89	2.68779
90	2.67529
91	2.66863
92	2.66548
93	2.65647
94	2.63892
95	2.61717
96	2.59626
97	2.57728
98	2.559
99	2.53998
100	2.52079
101	2.50116
102	2.48118
103	2.46151
104	2.44256
105	2.42386
106	2.40473
107	2.38499
108	2.36498
109	2.3441
110	2.32281
111	2.30157
112	2.2807
113	2.26029
114	2.24051
115	2.22132
116	2.20287
117	2.18365
118	2.16419
119	2.14586
120	2.12874
121	2.11199
122	2.09466
123	2.07674
124	2.05902
125	2.04119
126	2.02285
127	2.00384
128	1.98441
129	1.96581
130	1.94796
131	1.93099
132	1.91509
133	1.8992
134	1.88344
135	1.86766
136	1.85098
137	1.83336
138	1.81532
139	1.79752
140	1.78002
141	1.76228
142	1.74467
143	1.72721
144	1.71062
145	1.69504
146	1.68041
147	1.66651
148	1.65323
149	1.63976
150	1.62605
151	1.61211
152	1.59781
153	1.58306
154	1.56676
155	1.55018
156	1.53494
157	1.52301
158	1.517
159	1.51061
160	1.49512
161	1.47947
162	1.46372
163	1.44834
164	1.43259
165	1.41705
166	1.40213
167	1.38796
168	1.37415
169	1.3605
170	1.34737
171	1.33572
172	1.32541
173	1.31598
174	1.30647
175	1.29628
176	1.2851
177	1.27378
178	1.26229
179	1.25067
180	1.23866
181	1.22641
182	1.21373
183	1.20136
184	1.18981
185	1.17828
186	1.16691
187	1.15535
188	1.14407
189	1.13317
190	1.12227
191	1.11142
192	1.10114
193	1.09155
194	1.08225
195	1.07307
196	1.06369
197	1.05442
198	1.04562
199	1.03686
200	1.02822
201	1.01952
202	1.01145
203	1.00372
204	0.996277
205	0.989004
206	0.981489
207	0.97348
208	0.965239
209	0.956928
210	0.948128
211	0.939242
212	0.93016
213	0.921066
214	0.912103
215	0.902935
216	0.893661
217	0.88489
218	0.876225
219	0.867935
220	0.859987
221	0.852583
222	0.84551
223	0.838827
224	0.832057
225	0.825406
226	0.818888
227	0.811928
228	0.804939
229	0.797882
230	0.790619
231	0.783141
232	0.775608
233	0.76782
234	0.76029
235	0.754135
236	0.749771
237	0.747906
238	0.748314
239	0.749394
240	0.745183
241	0.73892
242	0.732727
243	0.726764
244	0.720697
245	0.714583
246	0.708444
247	0.702032
248	0.695579
249	0.68875
250	0.682372
251	0.675748
252	0.669108
253	0.6626
254	0.656027
255	0.650003
256	0.644354
257	0.638934
258	0.633244
259	0.627691
260	0.622479
261	0.617398
262	0.612556
263	0.607962
264	0.603253
265	0.598897
266	0.59406
267	0.589222
268	0.584632
269	0.580329
270	0.576477
271	0.573011
272	0.569862
273	0.566833
274	0.563946
275	0.560721
276	0.556608
277	0.552293
278	0.548033
279	0.543899
280	0.539724
281	0.53561
282	0.531693
283	0.527624
284	0.523614
285	0.519818
286	0.515675
287	0.51132
288	0.507337
289	0.503427
290	0.499383
291	0.49556
292	0.491627
293	0.487729
294	0.48394
295	0.479987
296	0.476036
297	0.47235
298	0.468967
299	0.466006
300	0.462718
301	0.459111
302	0.455386
303	0.452018
304	0.449197
305	0.44737
306	0.44608
307	0.445178
308	0.444323
309	0.443491
310	0.442084
311	0.439634
312	0.436709
313	0.433475
314	0.430178
315	0.42654
316	0.4225
317	0.418567
318	0.415056
319	0.411794
320	0.408684
321	0.405631
322	0.402475
323	0.399453
324	0.396339
325	0.392906
326	0.389124
327	0.385833
328	0.382682
329	0.379737
330	0.376638
331	0.373469
332	0.370231
333	0.367154
334	0.364565
335	0.362991
336	0.362276
337	0.362373
338	0.363038
339	0.363695
340	0.364184
341	0.364401
342	0.364216
343	0.36314
344	0.361505
345	0.359606
346	0.357323
347	0.354912
348	0.352472
349	0.35019
350	0.347689
351	0.345165
352	0.342576
353	0.339932
354	0.336982
355	0.333911
356	0.331053
357	0.328297
358	0.325589
359	0.322677
360	0.320381
361	0.318108
362	0.316175
363	0.314438
364	0.312963
365	0.311457
366	0.309673
367	0.307959
368	0.3058
369	0.303705
370	0.301919
371	0.299812
372	0.297503
373	0.295832
374	0.295371
375	0.296583
376	0.29914
377	0.302566
378	0.306098
379	0.309059
380	0.307927
381	0.306716
382	0.305527
383	0.304418
384	0.303416
385	0.302146
386	0.300529
387	0.298714
388	0.296984
389	0.29628
390	0.296053
391	0.296057
392	0.295698
393	0.294593
394	0.29257
395	0.290432
396	0.288513
397	0.286821
398	0.285146
399	0.283592
400	0.281941
401	0.280207
402	0.278896
403	0.277369
404	0.276075
405	0.274525
406	0.272926
407	0.271284
408	0.269485
409	0.267392
410	0.265468
411	0.263952
412	0.262464
413	0.261106
414	0.25936
415	0.258643
416	0.260028
417	0.262674
418	0.266194
419	0.270617
420	0.274947
421	0.273021
422	0.272044
423	0.271445
424	0.271501
425	0.272033
426	0.27275
427	0.273468
428	0.273544
429	0.273251
430	0.272214
431	0.270766
432	0.269002
433	0.266769
434	0.264415
435	0.261954
436	0.259735
437	0.257788
438	0.256419
439	0.256756
440	0.259866
441	0.267398
442	0.280114
443	0.286562
444	0.294469
445	0.295574
446	0.294048
447	0.291711
448	0.289334
449	0.286785
450	0.284304
451	0.281943
452	0.279706
453	0.277649
454	0.27582
455	0.274038
456	0.272324
457	0.271102
458	0.270576
459	0.27098
460	0.27181
461	0.272786
462	0.273702
463	0.274422
464	0.274496
465	0.274052
466	0.27379
467	0.273301
468	0.272324
469	0.271194
470	0.270076
471	0.26891
472	0.267333
473	0.266237
474	0.265863
475	0.265696
476	0.265209
477	0.264336
478	0.263413
479	0.26238
480	0.26109
481	0.259419
482	0.257931
483	0.256503
484	0.254588
485	0.252944
486	0.251672
487	0.250411
488	0.249394
489	0.248054
490	0.246397
491	0.244701
492	0.242914
493	0.241227
494	0.239604
495	0.238088
496	0.236667
497	0.235032
498	0.233616
499	0.232475
500	0.231216
501	0.230003
502	0.22897
503	0.227655
504	0.226137
505	0.224748
506	0.223264
507	0.221967
508	0.220672
509	0.219601
510	0.218521
511	0.2174
512	0.21659
513	0.216092
514	0.216008
515	0.216139
516	0.216326
517	0.216204
518	0.215697
519	0.21502
520	0.214396
521	0.213351
522	0.212393
523	0.211076
524	0.210099
525	0.209445
526	0.208861
527	0.208187
528	0.207359
529	0.206685
530	0.205972
531	0.205573
532	0.205165
533	0.204781
534	0.203996
535	0.202632
536	0.201321
537	0.20004
538	0.199368
539	0.198773
540	0.197902
541	0.196642
542	0.195446
543	0.194519
544	0.193466
545	0.191845
546	0.190945
547	0.192181
548	0.195744
549	0.201524
550	0.208703
551	0.215602
552	0.217226
553	0.21613
554	0.215009
555	0.213552
556	0.211913
557	0.210086
558	0.208243
559	0.206793
560	0.205065
561	0.203498
562	0.202145
563	0.200345
564	0.198335
565	0.196745
566	0.195372
567	0.193892
568	0.192296
569	0.191118
570	0.190458
571	0.190464
572	0.19096
573	0.191883
574	0.192799
575	0.19345
576	0.19385
577	0.194334
578	0.194481
579	0.194075
580	0.193024
581	0.191421
582	0.189573
583	0.187496
584	0.185618
585	0.183761
586	0.182111
587	0.181247
588	0.180717
589	0.180579
590	0.18046
591	0.180218
592	0.179912
593	0.179307
594	0.178791
595	0.1791
596	0.181064
597	0.184567
598	0.189792
599	0.195656
600	0.199341
601	0.197844
602	0.196529
603	0.195049
604	0.193683
605	0.192451
606	0.191412
607	0.190286
608	0.18933
609	0.188865
610	0.189034
611	0.190146
612	0.191396
613	0.192781
614	0.193606
615	0.194174
616	0.194258
617	0.194104
618	0.19525
619	0.198899
620	0.205977
621	0.216175
622	0.218931
623	0.21767
624	0.216435
625	0.215115
626	0.213782
627	0.212436
628	0.211017
629	0.209675
630	0.208484
631	0.20742
632	0.206782
633	0.206308
634	0.205783
635	0.205512
636	0.205099
637	0.204589
638	0.203935
639	0.203243
640	0.202485
641	0.201698
642	0.200611
643	0.199551
644	0.198622
645	0.197711
646	0.196872
647	0.195922
648	0.195056
649	0.193832
650	0.192176
651	0.190509
652	0.188951
653	0.187577
654	0.186581
655	0.18626
656	0.186012
657	0.186062
658	0.185521
659	0.185121
660	0.184718
661	0.183971
662	0.182974
663	0.182149
664	0.181468
665	0.180805
666	0.179345
667	0.177861
668	0.176486
669	0.17534
670	0.174228
671	0.173231
672	0.172214
673	0.171353
674	0.170577
675	0.169706
676	0.168874
677	0.168265
678	0.167318
679	0.166515
680	0.165455
681	0.164381
682	0.163319
683	0.161995
684	0.160577
685	0.159174
686	0.158132
687	0.157275
688	0.156788
689	0.157636
690	0.159573
691	0.162606
692	0.165737
693	0.168527
694	0.171073
695	0.172376
696	0.171569
697	0.170687
698	0.16951
699	0.168484
700	0.167363
701	0.166395
702	0.165741
703	0.164864
704	0.163795
705	0.162633
706	0.161623
707	0.160001
708	0.158599
709	0.157448
710	0.156242
711	0.155051
712	0.153919
713	0.152872
714	0.151808
715	0.150538
716	0.149309
717	0.148132
718	0.146472
719	0.145202
720	0.143862
721	0.142845
722	0.141848
723	0.140418
724	0.139097
725	0.138041
726	0.13697
727	0.136194
728	0.135382
729	0.134421
730	0.133458
731	0.133012
732	0.132184
733	0.13111
734	0.12999
735	0.128722
736	0.127561
737	0.126106
738	0.12469
739	0.123418
740	0.122267
741	0.120979
742	0.119629
743	0.118541
744	0.117285
745	0.116058
746	0.114705
747	0.113747
748	0.113099
749	0.112858
750	0.112276
751	0.111419
752	0.110289
753	0.109475
754	0.109114
755	0.108611
756	0.107601
757	0.106563
758	0.105866
759	0.105269
760	0.104694
761	0.104067
762	0.103219
763	0.10212
764	0.101281
765	0.100503
766	0.0997252
767	0.0987418
768	0.0977472
769	0.0967932
770	0.0957693
771	0.0948784
772	0.0942695
773	0.0937598
774	0.092993
775	0.0920908
776	0.0913511
777	0.0905595
778	0.0894228
779	0.0884936
780	0.0873659
781	0.0864931
782	0.0869509
783	0.0927133
784	0.108151
785	0.130332
786	0.138648
787	0.139338
788	0.139742
789	0.139988
790	0.140163
791	0.14017
792	0.139985
793	0.139539
794	0.139306
795	0.139126
796	0.13858
797	0.137867
798	0.136963
799	0.13593
800	0.135346
801	0.134886
802	0.134135
803	0.133091
804	0.132766
805	0.13273
806	0.132807
807	0.132516
808	0.132292
809	0.132004
810	0.131837
811	0.131695
812	0.131422
813	0.130644
814	0.129994
815	0.129751
816	0.129888
817	0.129915
818	0.130141
819	0.130425
820	0.130682
821	0.130813
822	0.130905
823	0.13121
824	0.131519
825	0.131805
826	0.131977
827	0.132159
828	0.132468
829	0.132777
830	0.133064
831	0.133052
832	0.132816
833	0.132495
834	0.132098
835	0.131695
836	0.131541
837	0.131422
838	0.13137
839	0.131016
840	0.13045
841	0.13015
842	0.12957
843	0.129085
844	0.128287
845	0.127646
846	0.127204
847	0.126796
848	0.126284
849	0.125589
850	0.124757
851	0.124532
852	0.124191
853	0.124024
854	0.123794
855	0.123905
856	0.124015
857	0.124261
858	0.124006
859	0.12395
860	0.123754
861	0.12326
862	0.122403
863	0.121703
864	0.120892
865	0.12061
866	0.120508
867	0.119904
868	0.119087
869	0.118251
870	0.117409
871	0.116782
872	0.116284
873	0.11607
874	0.115858
875	0.115734
876	0.115677
877	0.115228
878	0.114728
879	0.11434
880	0.113893
881	0.113332
882	0.11305
883	0.11295
884	0.113056
885	0.113149
886	0.113573
887	0.113911
888	0.114335
889	0.114351
890	0.114358
891	0.114306
892	0.11431
893	0.114326
894	0.114092
895	0.113546
896	0.113018
897	0.112545
898	0.111775
899	0.111282
900	0.110634
901	0.1103
902	0.110652
903	0.111532
904	0.112835
905	0.114304
906	0.115639
907	0.11701
908	0.118027
909	0.118844
910	0.119597
911	0.12042
912	0.121284
913	0.12192
914	0.122445
915	0.122917
916	0.123402
917	0.123526
918	0.123014
919	0.121924
920	0.120986
921	0.12033
922	0.119272
923	0.118113
924	0.117033
925	0.116047
926	0.115298
927	0.114588
928	0.113756
929	0.113084
930	0.112576
931	0.11194
932	0.112583
933	0.115761
934	0.1222
935	0.132358
936	0.137926
937	0.138134
938	0.138255
939	0.138143
940	0.137789
941	0.137216
942	0.136771
943	0.136217
944	0.135743
945	0.134881
946	0.134182
947	0.133666
948	0.133219
949	0.132852
950	0.132439
951	0.132258
952	0.132026
953	0.131706
954	0.131458
955	0.131171
956	0.130815
957	0.130542
958	0.130048
959	0.129342
960	0.128736
961	0.128352
962	0.128009
963	0.127299
964	0.126516
965	0.125813
966	0.12547
967	0.125366
968	0.125786
969	0.12671
970	0.128036
971	0.129155
972	0.129994
973	0.130583
974	0.130747
975	0.13093
976	0.130847
977	0.130479
978	0.130026
979	0.130181
980	0.130427
981	0.130375
982	0.129996
983	0.129667
984	0.129496
985	0.129096
986	0.128479
987	0.128023
988	0.127164
989	0.126192
990	0.125355
991	0.124653
992	0.123855
993	0.123573
994	0.123154
995	0.123321
996	0.123492
997	0.123749
998	0.124022
999	0.1242
1000	0.123918
1001	0.123564
1002	0.123605
1003	0.123454
1004	0.123377
1005	0.123449
1006	0.123828
1007	0.124895
1008	0.127434
1009	0.13098
1010	0.134884
1011	0.138916
1012	0.142234
1013	0.144965
1014	0.147067
1015	0.148468
1016	0.148431
1017	0.148059
1018	0.147942
1019	0.147814
1020	0.146848
1021	0.145396
1022	0.144198
1023	0.143046
