0	-0.000295313
1	-0.000570465
2	-0.000602039
3	-0.000378761
4	-0.000446421
5	-0.000428378
6	-0.000376505
7	-0.000473485
8	-0.000405825
9	-0.000200589
10	-0.000241185
11	-0.000254717
12	-0.000595273
13	-0.00100575
14	-0.001008
15	-0.000933574
16	-0.000931319
17	-0.000960639
18	-0.00112528
19	-0.00112753
20	-0.000881702
21	-0.000480251
22	-9.68431e-05
23	0.00022116
24	0.000559461
25	0.000577504
26	0.000805293
27	0.000911294
28	0.00065193
29	0.000566227
30	0.00052112
31	0.000613589
32	0.000518865
33	0.000291075
34	0.000137712
35	0.000268522
36	0.000426396
37	0.000728612
38	0.000739888
39	0.000507588
40	0.000239203
41	0.000171542
42	6.32861e-05
43	0.000347459
44	0.000595546
45	0.000658696
46	0.00068576
47	0.000724101
48	0.000572993
49	0.00071508
50	0.000879719
51	0.000841379
52	0.000969933
53	0.000911294
54	0.000800782
55	0.00133304
56	0.00223969
57	0.00339668
58	0.00516712
59	0.00803592
60	0.0141434
61	0.0332867
62	0.0953447
63	0.259851
64	0.597891
65	1.13977
66	1.8431
67	2.60108
68	3.29487
69	3.84135
70	4.21053
71	4.41761
72	4.49952
73	4.49811
74	4.44816
75	4.3753
76	4.2975
77	4.22622
78	4.1669
79	4.12028
80	4.08427
81	4.0569
82	4.03544
83	4.01761
84	4.00157
85	3.98609
86	3.97124
87	3.9565
88	3.9431
89	3.93326
90	3.92959
91	3.92469
92	3.90267
93	3.86913
94	3.84054
95	3.82122
96	3.80541
97	3.78836
98	3.76856
99	3.74724
100	3.72665
101	3.7081
102	3.69044
103	3.67253
104	3.6534
105	3.63389
106	3.61421
107	3.59393
108	3.57272
109	3.55081
110	3.52779
111	3.50442
112	3.4816
113	3.45963
114	3.43904
115	3.41786
116	3.38883
117	3.35405
118	3.32442
119	3.30192
120	3.2828
121	3.26334
122	3.2425
123	3.22108
124	3.19932
125	3.17691
126	3.15322
127	3.12801
128	3.10168
129	3.0753
130	3.05024
131	3.02563
132	3.00101
133	2.97593
134	2.95093
135	2.92645
136	2.90279
137	2.87955
138	2.85667
139	2.83362
140	2.8087
141	2.7815
142	2.75544
143	2.73083
144	2.70674
145	2.68283
146	2.6595
147	2.63757
148	2.61651
149	2.59513
150	2.57386
151	2.55188
152	2.52958
153	2.50662
154	2.48294
155	2.45946
156	2.43666
157	2.41574
158	2.39861
159	2.38733
160	2.3739
161	2.35244
162	2.33229
163	2.3126
164	2.29166
165	2.2697
166	2.24756
167	2.2263
168	2.20558
169	2.18443
170	2.16336
171	2.14324
172	2.12457
173	2.10699
174	2.08985
175	2.07276
176	2.05584
177	2.03876
178	2.02138
179	2.00403
180	1.9866
181	1.96917
182	1.95191
183	1.93478
184	1.91759
185	1.90075
186	1.88416
187	1.86766
188	1.85087
189	1.83325
190	1.81544
191	1.79762
192	1.78002
193	1.76242
194	1.74449
195	1.72739
196	1.71103
197	1.69484
198	1.67844
199	1.66201
200	1.64587
201	1.62958
202	1.61409
203	1.59909
204	1.58445
205	1.57004
206	1.55498
207	1.53961
208	1.52444
209	1.5104
210	1.49734
211	1.48503
212	1.47294
213	1.46056
214	1.44746
215	1.43367
216	1.42017
217	1.4069
218	1.39359
219	1.38011
220	1.36653
221	1.35369
222	1.34165
223	1.32982
224	1.31792
225	1.30554
226	1.29208
227	1.27853
228	1.26558
229	1.25332
230	1.24144
231	1.22968
232	1.21811
233	1.20757
234	1.19748
235	1.18686
236	1.17638
237	1.16617
238	1.15623
239	1.1464
240	1.13703
241	1.12815
242	1.11972
243	1.11125
244	1.10293
245	1.09479
246	1.08681
247	1.07795
248	1.06811
249	1.05855
250	1.04908
251	1.03973
252	1.03024
253	1.01996
254	1.00915
255	0.998974
256	0.988723
257	0.979089
258	0.969876
259	0.960962
260	0.952284
261	0.944153
262	0.935861
263	0.926943
264	0.918163
265	0.910082
266	0.902714
267	0.895774
268	0.888198
269	0.880224
270	0.872639
271	0.865239
272	0.857697
273	0.850284
274	0.84304
275	0.835491
276	0.828051
277	0.820371
278	0.812933
279	0.805646
280	0.79872
281	0.792098
282	0.785774
283	0.779719
284	0.773467
285	0.767429
286	0.761773
287	0.756171
288	0.750061
289	0.743545
290	0.7365
291	0.729287
292	0.72235
293	0.71509
294	0.707888
295	0.700983
296	0.694259
297	0.687507
298	0.680188
299	0.672795
300	0.665542
301	0.658914
302	0.652475
303	0.646367
304	0.641469
305	0.637556
306	0.634412
307	0.631315
308	0.627822
309	0.623906
310	0.619366
311	0.614443
312	0.609481
313	0.604186
314	0.598762
315	0.593383
316	0.588105
317	0.582848
318	0.577451
319	0.571973
320	0.566747
321	0.562126
322	0.557502
323	0.552398
324	0.5475
325	0.542689
326	0.537734
327	0.53305
328	0.528235
329	0.523614
330	0.518717
331	0.513665
332	0.509112
333	0.504608
334	0.499542
335	0.494238
336	0.489621
337	0.48583
338	0.482747
339	0.480494
340	0.478951
341	0.477769
342	0.476269
343	0.47414
344	0.471601
345	0.468552
346	0.465207
347	0.461389
348	0.4573
349	0.453651
350	0.449925
351	0.445723
352	0.441828
353	0.438445
354	0.434974
355	0.431291
356	0.427315
357	0.424085
358	0.420926
359	0.417759
360	0.414484
361	0.411216
362	0.407741
363	0.403995
364	0.400341
365	0.39696
366	0.393758
367	0.390711
368	0.387556
369	0.384324
370	0.381281
371	0.378133
372	0.374592
373	0.370925
374	0.367442
375	0.364695
376	0.362478
377	0.360859
378	0.359598
379	0.358631
380	0.357293
381	0.355365
382	0.353448
383	0.351466
384	0.349664
385	0.347566
386	0.345473
387	0.3435
388	0.341384
389	0.339287
390	0.337092
391	0.334724
392	0.331939
393	0.328876
394	0.326217
395	0.323932
396	0.321479
397	0.31898
398	0.316034
399	0.313303
400	0.31103
401	0.309063
402	0.306984
403	0.30483
404	0.302825
405	0.3007
406	0.298307
407	0.295862
408	0.293267
409	0.290811
410	0.288632
411	0.286586
412	0.284286
413	0.282069
414	0.280213
415	0.278499
416	0.277048
417	0.275533
418	0.274525
419	0.273593
420	0.273081
421	0.272842
422	0.272531
423	0.27183
424	0.272134
425	0.273462
426	0.275149
427	0.276304
428	0.276667
429	0.276275
430	0.275632
431	0.27438
432	0.272594
433	0.270355
434	0.26795
435	0.265424
436	0.262935
437	0.260718
438	0.259234
439	0.258934
440	0.261681
441	0.271805
442	0.289712
443	0.289133
444	0.287621
445	0.285445
446	0.283025
447	0.280639
448	0.278348
449	0.276624
450	0.27496
451	0.272964
452	0.270607
453	0.268564
454	0.266906
455	0.265097
456	0.262953
457	0.260569
458	0.258473
459	0.257086
460	0.255582
461	0.254233
462	0.253133
463	0.252046
464	0.250943
465	0.249937
466	0.249238
467	0.248489
468	0.248101
469	0.247585
470	0.24684
471	0.245859
472	0.245097
473	0.244314
474	0.243457
475	0.242262
476	0.240972
477	0.239655
478	0.238502
479	0.237228
480	0.235927
481	0.234425
482	0.233428
483	0.232185
484	0.230489
485	0.228759
486	0.226903
487	0.225595
488	0.224289
489	0.223033
490	0.221511
491	0.219948
492	0.218687
493	0.217194
494	0.215543
495	0.214018
496	0.212586
497	0.211251
498	0.209535
499	0.207936
500	0.206576
501	0.204914
502	0.203511
503	0.202
504	0.201147
505	0.200189
506	0.199133
507	0.197848
508	0.196621
509	0.195766
510	0.195182
511	0.19425
512	0.193756
513	0.193716
514	0.193777
515	0.193614
516	0.193001
517	0.192162
518	0.191339
519	0.190033
520	0.188492
521	0.187342
522	0.186546
523	0.1854
524	0.184431
525	0.183565
526	0.182629
527	0.181909
528	0.181264
529	0.180227
530	0.178846
531	0.177556
532	0.176641
533	0.175315
534	0.174185
535	0.173476
536	0.172432
537	0.17178
538	0.171316
539	0.171296
540	0.171113
541	0.170678
542	0.16985
543	0.168864
544	0.167852
545	0.166575
546	0.16586
547	0.168882
548	0.18047
549	0.194859
550	0.193993
551	0.193472
552	0.193371
553	0.192904
554	0.192705
555	0.192455
556	0.191733
557	0.190845
558	0.189737
559	0.188612
560	0.188098
561	0.187173
562	0.186632
563	0.186091
564	0.185182
565	0.183795
566	0.18292
567	0.182101
568	0.181503
569	0.180581
570	0.180082
571	0.179931
572	0.18029
573	0.18066
574	0.181088
575	0.181381
576	0.181625
577	0.18169
578	0.181438
579	0.181106
580	0.180055
581	0.178756
582	0.177554
583	0.176508
584	0.175817
585	0.174931
586	0.174342
587	0.173966
588	0.17333
589	0.173226
590	0.172703
591	0.172213
592	0.171422
593	0.170326
594	0.169286
595	0.168896
596	0.169839
597	0.171859
598	0.174372
599	0.176943
600	0.179311
601	0.18063
602	0.181341
603	0.181226
604	0.180939
605	0.180136
606	0.179034
607	0.17775
608	0.176183
609	0.175035
610	0.174243
611	0.173443
612	0.172818
613	0.172356
614	0.172137
615	0.1719
616	0.17142
617	0.170648
618	0.170154
619	0.169615
620	0.169548
621	0.169904
622	0.170806
623	0.171862
624	0.174189
625	0.176979
626	0.179494
627	0.181731
628	0.182798
629	0.183445
630	0.183459
631	0.183429
632	0.183625
633	0.183589
634	0.183659
635	0.183321
636	0.182726
637	0.182135
638	0.181244
639	0.180276
640	0.179771
641	0.1795
642	0.179182
643	0.178709
644	0.17808
645	0.177274
646	0.176458
647	0.175499
648	0.174832
649	0.174539
650	0.173923
651	0.173684
652	0.172919
653	0.17248
654	0.172146
655	0.17158
656	0.171108
657	0.170664
658	0.169845
659	0.169135
660	0.168215
661	0.167089
662	0.16637
663	0.165461
664	0.164173
665	0.162615
666	0.161541
667	0.160655
668	0.15989
669	0.159083
670	0.158607
671	0.158086
672	0.15699
673	0.155427
674	0.154308
675	0.153185
676	0.152186
677	0.151415
678	0.150422
679	0.149644
680	0.148393
681	0.14719
682	0.146088
683	0.144678
684	0.143469
685	0.142601
686	0.141972
687	0.143023
688	0.147333
689	0.15604
690	0.16828
691	0.172083
692	0.171753
693	0.171185
694	0.17013
695	0.169462
696	0.168519
697	0.16757
698	0.166604
699	0.165533
700	0.164266
701	0.162655
702	0.161505
703	0.160587
704	0.159904
705	0.158945
706	0.158257
707	0.157274
708	0.156507
709	0.155551
710	0.15438
711	0.153201
712	0.152308
713	0.151604
714	0.150876
715	0.149701
716	0.148875
717	0.148402
718	0.148212
719	0.147502
720	0.146286
721	0.145366
722	0.144725
723	0.143913
724	0.143383
725	0.142738
726	0.142109
727	0.141437
728	0.140957
729	0.140499
730	0.139901
731	0.139696
732	0.139373
733	0.138708
734	0.137738
735	0.136987
736	0.136078
737	0.135517
738	0.135061
739	0.13454
740	0.133663
741	0.133047
742	0.132666
743	0.132192
744	0.131599
745	0.13134
746	0.130814
747	0.130862
748	0.131026
749	0.131432
750	0.131509
751	0.131013
752	0.13042
753	0.129617
754	0.129256
755	0.128685
756	0.1282
757	0.127743
758	0.127122
759	0.126597
760	0.126403
761	0.126301
762	0.126141
763	0.125839
764	0.125381
765	0.124817
766	0.124402
767	0.12378
768	0.12355
769	0.123361
770	0.123076
771	0.122891
772	0.122436
773	0.122021
774	0.121664
775	0.121545
776	0.121252
777	0.120677
778	0.120036
779	0.119508
780	0.119096
781	0.119344
782	0.122222
783	0.128728
784	0.139247
785	0.151778
786	0.153375
787	0.156101
788	0.159667
789	0.163397
790	0.16635
791	0.168715
792	0.170075
793	0.170495
794	0.170152
795	0.169448
796	0.168675
797	0.168041
798	0.167116
799	0.166544
800	0.16607
801	0.16545
802	0.164717
803	0.163681
804	0.162649
805	0.161586
806	0.161266
807	0.161307
808	0.161377
809	0.161176
810	0.16121
811	0.161083
812	0.16086
813	0.160447
814	0.159933
815	0.15902
816	0.158115
817	0.157355
818	0.156656
819	0.155851
820	0.15521
821	0.154859
822	0.154202
823	0.153697
824	0.153348
825	0.153169
826	0.153115
827	0.153494
828	0.154635
829	0.156325
830	0.157788
831	0.158666
832	0.159568
833	0.160335
834	0.160673
835	0.160395
836	0.160071
837	0.159829
838	0.159225
839	0.158492
840	0.157423
841	0.156602
842	0.156045
843	0.155671
844	0.15526
845	0.154263
846	0.153422
847	0.152615
848	0.15187
849	0.151435
850	0.150819
851	0.149723
852	0.148889
853	0.148113
854	0.147799
855	0.147145
856	0.146762
857	0.146329
858	0.145368
859	0.144288
860	0.143271
861	0.142337
862	0.141672
863	0.140607
864	0.139843
865	0.13913
866	0.13848
867	0.137689
868	0.136649
869	0.135612
870	0.134466
871	0.133825
872	0.133708
873	0.133988
874	0.134231
875	0.134078
876	0.133708
877	0.133356
878	0.132889
879	0.132238
880	0.131293
881	0.13039
882	0.129466
883	0.128692
884	0.128327
885	0.128268
886	0.128169
887	0.128031
888	0.127587
889	0.126834
890	0.126053
891	0.125002
892	0.124238
893	0.123803
894	0.123245
895	0.122447
896	0.12177
897	0.121022
898	0.119993
899	0.118915
900	0.117677
901	0.116254
902	0.114964
903	0.11403
904	0.113396
905	0.112709
906	0.112163
907	0.111978
908	0.112188
909	0.112395
910	0.112765
911	0.112765
912	0.11299
913	0.113076
914	0.112932
915	0.112323
916	0.111658
917	0.111109
918	0.11041
919	0.109704
920	0.108935
921	0.108123
922	0.107291
923	0.1067
924	0.106114
925	0.105372
926	0.104551
927	0.104237
928	0.103983
929	0.103617
930	0.102868
931	0.10246
932	0.102325
933	0.102052
934	0.101849
935	0.101851
936	0.102623
937	0.104585
938	0.107244
939	0.109614
940	0.111078
941	0.112005
942	0.112542
943	0.112594
944	0.112361
945	0.11187
946	0.110645
947	0.109447
948	0.108721
949	0.108187
950	0.107377
951	0.10654
952	0.105974
953	0.105343
954	0.104725
955	0.104138
956	0.103202
957	0.102652
958	0.102314
959	0.101833
960	0.10124
961	0.100933
962	0.101078
963	0.10143
964	0.101684
965	0.101477
966	0.100794
967	0.0999546
968	0.099693
969	0.0999117
970	0.099835
971	0.099269
972	0.0981368
973	0.096973
974	0.0966618
975	0.0963257
976	0.0959559
977	0.0959108
978	0.0959062
979	0.0961701
980	0.0962626
981	0.0963099
982	0.0960731
983	0.0960235
984	0.0957484
985	0.0950966
986	0.0938855
987	0.092857
988	0.0918286
989	0.0909264
990	0.0899183
991	0.0887072
992	0.0880644
993	0.0876697
994	0.0871036
995	0.0864496
996	0.0859354
997	0.0852565
998	0.0847265
999	0.0843612
1000	0.0836733
1001	0.0829019
1002	0.0823065
1003	0.0817878
1004	0.081021
1005	0.0802632
1006	0.079776
1007	0.0795189
1008	0.079952
1009	0.080597
1010	0.0815984
1011	0.082381
1012	0.0834094
1013	0.084413
1014	0.0846408
1015	0.0845889
1016	0.084386
1017	0.0840206
1018	0.0835628
1019	0.0827351
1020	0.0818825
1021	0.0811698
1022	0.0808541
1023	0.0806804
