0	0.00121744
1	0.000891924
2	0.000729163
3	0.000566403
4	0.00105468
5	0.000403643
6	0.000891924
7	0.000891924
8	0.00105468
9	0.00170573
10	0.00138021
11	0.00203125
12	0.00349609
13	0.00186849
14	0.00170573
15	0.00203125
16	7.81218e-05
17	0.000566403
18	0.000729163
19	0.00219401
20	7.81218e-05
21	-8.46386e-05
22	0.000403643
23	0.000566403
24	-8.46386e-05
25	-0.00057292
26	-0.000247399
27	7.81218e-05
28	-0.000410159
29	0.000729163
30	0.000403643
31	-8.46386e-05
32	-0.00057292
33	-0.000247399
34	-0.0010612
35	-0.000410159
36	-0.00073568
37	-0.001875
38	-0.00057292
39	-0.00057292
40	-0.001875
41	-0.00236328
42	-0.00252604
43	-0.001875
44	-0.00122396
45	-0.00154948
46	-0.001875
47	-0.00203776
48	-0.00252604
49	-0.00236328
50	-0.0010612
51	-0.00057292
52	-0.00057292
53	-0.00122396
54	-0.00122396
55	-0.000898441
56	-0.00122396
57	-0.00220052
58	-0.00073568
59	-0.0010612
60	-0.00073568
61	0.00105468
62	0.00854166
63	0.021237
64	0.0349089
65	0.0477669
66	0.0637174
67	0.099362
68	0.175859
69	0.298743
70	0.441484
71	0.573646
72	0.680579
73	0.762936
74	0.823483
75	0.866126
76	0.89347
77	0.904538
78	0.900794
79	0.884518
80	0.860592
81	0.831296
82	0.798581
83	0.765866
84	0.732174
85	0.698483
86	0.66707
87	0.640378
88	0.61694
89	0.600664
90	0.590736
91	0.581784
92	0.571367
93	0.560462
94	0.547279
95	0.533932
96	0.522214
97	0.507565
98	0.492754
99	0.478268
100	0.465085
101	0.450599
102	0.437253
103	0.423092
104	0.409421
105	0.39526
106	0.382565
107	0.370033
108	0.359779
109	0.350827
110	0.340573
111	0.331621
112	0.324134
113	0.316159
114	0.309974
115	0.303789
116	0.298581
117	0.291582
118	0.283932
119	0.277747
120	0.272702
121	0.264889
122	0.259518
123	0.252031
124	0.24487
125	0.238848
126	0.232988
127	0.226966
128	0.219154
129	0.214596
130	0.211016
131	0.20597
132	0.20125
133	0.197181
134	0.191159
135	0.186764
136	0.182044
137	0.177487
138	0.174883
139	0.172279
140	0.167396
141	0.164141
142	0.159909
143	0.156003
144	0.151934
145	0.147865
146	0.144935
147	0.14168
148	0.137773
149	0.132728
150	0.128008
151	0.124102
152	0.120033
153	0.115312
154	0.111732
155	0.110267
156	0.108477
157	0.107663
158	0.104082
159	0.102292
160	0.100339
161	0.0988737
162	0.0975716
163	0.0967578
164	0.0964323
165	0.0978971
166	0.0970833
167	0.0949674
168	0.0948047
169	0.0920378
170	0.0904102
171	0.0889453
172	0.0865039
173	0.0853646
174	0.0830859
175	0.0812956
176	0.0788542
177	0.0759245
178	0.0742969
179	0.0736458
180	0.0700651
181	0.0689258
182	0.0669727
183	0.065345
184	0.0632292
185	0.0604622
186	0.0588346
187	0.0557422
188	0.0550911
189	0.0534635
190	0.053138
191	0.0526497
192	0.0492318
193	0.0487435
194	0.0471159
195	0.045
196	0.0445117
197	0.0445117
198	0.0454883
199	0.0459766
200	0.045
201	0.0448372
202	0.045
203	0.0448372
204	0.0446745
205	0.0440234
206	0.0433724
207	0.0428841
208	0.0419075
209	0.0412565
210	0.041582
211	0.040931
212	0.0406055
213	0.0410937
214	0.0402799
215	0.0396289
216	0.0388151
217	0.0381641
218	0.0380013
219	0.0388151
220	0.0376758
221	0.0371875
222	0.0363737
223	0.0365365
224	0.0355599
225	0.0349089
226	0.033444
227	0.0321419
228	0.0308398
229	0.0308398
230	0.0292122
231	0.0270964
232	0.0262825
233	0.0261198
234	0.0251432
235	0.0243294
236	0.0240039
237	0.0256315
238	0.0270964
239	0.0277474
240	0.0272591
241	0.0290495
242	0.0290495
243	0.0288867
244	0.0282357
245	0.0288867
246	0.0264453
247	0.0262825
248	0.0266081
249	0.0246549
250	0.025306
251	0.025306
252	0.025957
253	0.0254687
254	0.0256315
255	0.0261198
256	0.0261198
257	0.0256315
258	0.0249805
259	0.0241667
260	0.0220508
261	0.0222135
262	0.0204232
263	0.0204232
264	0.0194466
265	0.0176562
266	0.0166797
267	0.0158659
268	0.0160286
269	0.0161914
270	0.0150521
271	0.0148893
272	0.0147266
273	0.0158659
274	0.0153776
275	0.014401
276	0.0135872
277	0.014401
278	0.0126107
279	0.0122852
280	0.0113086
281	0.0113086
282	0.0114714
283	0.00902994
284	0.00821614
285	0.00691406
286	0.00691406
287	0.00610026
288	0.00512369
289	0.00512369
290	0.00430989
291	0.00365885
292	0.00398437
293	0.00300781
294	0.00251953
295	0.00235677
296	0.00138021
297	0.00284505
298	0.00349609
299	0.00398437
300	0.00317057
301	0.00317057
302	0.00349609
303	0.00430989
304	0.00430989
305	0.00528646
306	0.0067513
307	0.0100065
308	0.0119596
309	0.0145638
310	0.0147266
311	0.0148893
312	0.0168424
313	0.0168424
314	0.0170052
315	0.0173307
316	0.0165169
317	0.0153776
318	0.0140755
319	0.0127734
320	0.0126107
321	0.0122852
322	0.01375
323	0.0135872
324	0.0140755
325	0.0139128
326	0.0148893
327	0.0148893
328	0.0155404
329	0.01375
330	0.014401
331	0.0135872
332	0.0134245
333	0.0119596
334	0.0109831
335	0.0113086
336	0.0116341
337	0.0109831
338	0.00935547
339	0.0083789
340	0.00854166
341	0.00821614
342	0.00723958
343	0.0067513
344	0.0059375
345	0.00544922
346	0.00398437
347	0.00398437
348	0.00479817
349	0.00479817
350	0.00512369
351	0.00463541
352	0.00382161
353	0.00284505
354	0.00186849
355	0.000566403
356	-0.0010612
357	-0.00138672
358	-8.46386e-05
359	-0.00057292
360	0.000403643
361	0.00300781
362	0.00479817
363	0.00707682
364	0.00772786
365	0.00919271
366	0.00984375
367	0.00968099
368	0.0108203
369	0.00919271
370	0.00886718
371	0.00886718
372	0.00805338
373	0.0067513
374	0.00658854
375	0.00626302
376	0.00512369
377	0.00479817
378	0.00577474
379	0.00479817
380	0.00479817
381	0.00414713
382	0.00414713
383	0.00251953
384	0.00235677
385	0.00219401
386	0.00138021
387	0.000566403
388	0.000566403
389	0.000403643
390	-8.46386e-05
391	-0.000898441
392	-0.001875
393	-0.00236328
394	-0.00203776
395	-0.00220052
396	-0.00317709
397	-0.00545573
398	-0.00480469
399	-0.00464193
400	-0.00545573
401	-0.00415365
402	-0.00415365
403	-0.00366537
404	-0.00431641
405	-0.00464193
406	-0.00545573
407	-0.00464193
408	-0.00333985
409	-0.00464193
410	-0.00431641
411	-0.00529297
412	-0.00496745
413	-0.00480469
414	-0.00431641
415	-0.00610677
416	-0.00561849
417	-0.00594401
418	-0.00561849
419	-0.00692058
420	-0.00659506
421	-0.00594401
422	-0.00431641
423	-0.00431641
424	-0.00301433
425	-0.00285157
426	-0.00203776
427	-0.00154948
428	-0.0010612
429	-0.00220052
430	-0.00154948
431	-0.000898441
432	-0.000247399
433	0.000729163
434	0.000566403
435	0.00105468
436	-8.46386e-05
437	-0.000410159
438	-0.00073568
439	-0.001875
440	-0.00252604
441	-0.00333985
442	-0.00317709
443	-0.00317709
444	-0.00447917
445	-0.00496745
446	-0.00464193
447	-0.00480469
448	-0.00610677
449	-0.00610677
450	-0.00626953
451	-0.00496745
452	-0.00675782
453	-0.0072461
454	-0.00626953
455	-0.00675782
456	-0.00626953
457	-0.00626953
458	-0.00643229
459	-0.00480469
460	-0.00594401
461	-0.00610677
462	-0.00594401
463	-0.00513021
464	-0.00626953
465	-0.00643229
466	-0.00594401
467	-0.00626953
468	-0.00659506
469	-0.00740886
470	-0.0072461
471	-0.00643229
472	-0.00692058
473	-0.00708334
474	-0.00757162
475	-0.00692058
476	-0.00643229
477	-0.00513021
478	-0.00513021
479	-0.00431641
480	-0.00447917
481	-0.00415365
482	-0.00415365
483	-0.00480469
484	-0.00513021
485	-0.00545573
486	-0.00610677
487	-0.00643229
488	-0.00708334
489	-0.00740886
490	-0.00757162
491	-0.00773438
492	-0.00903646
493	-0.00936198
494	-0.00822266
495	-0.0096875
496	-0.00822266
497	-0.00952474
498	-0.00936198
499	-0.0105013
500	-0.0111523
501	-0.0114779
502	-0.0106641
503	-0.0105013
504	-0.0103385
505	-0.0101758
506	-0.0088737
507	-0.00854818
508	-0.00854818
509	-0.00903646
510	-0.00919922
511	-0.00936198
512	-0.00903646
513	-0.0088737
514	-0.00871094
515	-0.00789714
516	-0.00919922
517	-0.00952474
518	-0.0108268
519	-0.010013
520	-0.0101758
521	-0.00936198
522	-0.0111523
523	-0.0109896
524	-0.00952474
525	-0.0088737
526	-0.0096875
527	-0.00838542
528	-0.00952474
529	-0.00952474
530	-0.00985026
531	-0.00871094
532	-0.00952474
533	-0.0101758
534	-0.0105013
535	-0.0103385
536	-0.0106641
537	-0.010013
538	-0.0105013
539	-0.0101758
540	-0.0105013
541	-0.0111523
542	-0.0113151
543	-0.0116406
544	-0.0124544
545	-0.0122917
546	-0.0122917
547	-0.0118034
548	-0.0132682
549	-0.0131055
550	-0.01278
551	-0.0124544
552	-0.0114779
553	-0.00919922
554	-0.00480469
555	-0.001875
556	0.00170573
557	0.00496093
558	0.00805338
559	0.00854166
560	0.0101693
561	0.0111458
562	0.0116341
563	0.0119596
564	0.0119596
565	0.0108203
566	0.00935547
567	0.00919271
568	0.00919271
569	0.00805338
570	0.00821614
571	0.00854166
572	0.00886718
573	0.0083789
574	0.00789062
575	0.00886718
576	0.00870442
577	0.00789062
578	0.0075651
579	0.0075651
580	0.0075651
581	0.0059375
582	0.00430989
583	0.00203125
584	0.00219401
585	0.00170573
586	7.81218e-05
587	-0.000247399
588	-0.0010612
589	-0.00122396
590	-0.00122396
591	-0.00154948
592	-0.00057292
593	-0.0010612
594	-0.00203776
595	-0.00399089
596	-0.00382813
597	-0.00447917
598	-0.00399089
599	-0.00464193
600	-0.00610677
601	-0.00708334
602	-0.00545573
603	-0.0072461
604	-0.00708334
605	-0.00871094
606	-0.00789714
607	-0.00871094
608	-0.00838542
609	-0.00773438
610	-0.00822266
611	-0.0080599
612	-0.0101758
613	-0.00952474
614	-0.0096875
615	-0.00985026
616	-0.010013
617	-0.0096875
618	-0.00919922
619	-0.0108268
620	-0.0111523
621	-0.0105013
622	-0.0101758
623	-0.00919922
624	-0.00936198
625	-0.00985026
626	-0.00919922
627	-0.00740886
628	-0.00789714
629	-0.00740886
630	-0.00838542
631	-0.00822266
632	-0.00773438
633	-0.00903646
634	-0.00919922
635	-0.0105013
636	-0.0105013
637	-0.0111523
638	-0.0109896
639	-0.0101758
640	-0.0101758
641	-0.00985026
642	-0.00936198
643	-0.00789714
644	-0.0080599
645	-0.00708334
646	-0.00643229
647	-0.00675782
648	-0.00675782
649	-0.00692058
650	-0.00740886
651	-0.00675782
652	-0.00757162
653	-0.0072461
654	-0.00854818
655	-0.00903646
656	-0.0080599
657	-0.00871094
658	-0.00952474
659	-0.0096875
660	-0.0096875
661	-0.0113151
662	-0.0118034
663	-0.0116406
664	-0.0101758
665	-0.0105013
666	-0.01278
667	-0.0126172
668	-0.0126172
669	-0.0129427
670	-0.0132682
671	-0.013431
672	-0.01278
673	-0.0124544
674	-0.01278
675	-0.0118034
676	-0.0119661
677	-0.0108268
678	-0.0116406
679	-0.0113151
680	-0.0109896
681	-0.0111523
682	-0.0116406
683	-0.0114779
684	-0.0103385
685	-0.010013
686	-0.0106641
687	-0.0119661
688	-0.0114779
689	-0.0109896
690	-0.0113151
691	-0.0109896
692	-0.0103385
693	-0.0108268
694	-0.0111523
695	-0.0109896
696	-0.0108268
697	-0.0113151
698	-0.0113151
699	-0.0105013
700	-0.0106641
701	-0.0116406
702	-0.0108268
703	-0.0118034
704	-0.0129427
705	-0.0126172
706	-0.0126172
707	-0.013431
708	-0.0132682
709	-0.014082
710	-0.0137565
711	-0.013431
712	-0.014082
713	-0.0129427
714	-0.0152214
715	-0.0144076
716	-0.0147331
717	-0.0152214
718	-0.0142448
719	-0.0145703
720	-0.013431
721	-0.014082
722	-0.0142448
723	-0.0158724
724	-0.0153841
725	-0.0152214
726	-0.0153841
727	-0.0165234
728	-0.016849
729	-0.0165234
730	-0.0170117
731	-0.016849
732	-0.0158724
733	-0.0145703
734	-0.0157096
735	-0.0161979
736	-0.0161979
737	-0.0147331
738	-0.0155469
739	-0.0171745
740	-0.0175
741	-0.0166862
742	-0.0152214
743	-0.0166862
744	-0.0173372
745	-0.0165234
746	-0.0145703
747	-0.0150586
748	-0.0145703
749	-0.0145703
750	-0.0145703
751	-0.0145703
752	-0.014082
753	-0.013431
754	-0.0126172
755	-0.0118034
756	-0.0131055
757	-0.0137565
758	-0.0126172
759	-0.013431
760	-0.013431
761	-0.0129427
762	-0.0122917
763	-0.0116406
764	-0.0132682
765	-0.0145703
766	-0.0139193
767	-0.0145703
768	-0.0147331
769	-0.0142448
770	-0.0135938
771	-0.013431
772	-0.0131055
773	-0.0135938
774	-0.0148958
775	-0.014082
776	-0.0148958
777	-0.0152214
778	-0.0150586
779	-0.0137565
780	-0.01278
781	-0.0126172
782	-0.0111523
783	-0.0113151
784	-0.0119661
785	-0.0109896
786	-0.0106641
787	-0.010013
788	-0.0111523
789	-0.0113151
790	-0.0109896
791	-0.0096875
792	-0.00919922
793	-0.0072461
794	-0.00171224
795	0.0100065
796	0.025306
797	0.0410937
798	0.0539518
799	0.0643685
800	0.072832
801	0.0795052
802	0.0840625
803	0.0866667
804	0.0889453
805	0.0865039
806	0.0858529
807	0.0842253
808	0.0804818
809	0.0775521
810	0.0749479
811	0.0707161
812	0.0666471
813	0.0635547
814	0.0596484
815	0.0573698
816	0.0537891
817	0.052487
818	0.0508594
819	0.04972
820	0.0471159
821	0.0454883
822	0.0432096
823	0.0420703
824	0.0401172
825	0.0378385
826	0.036862
827	0.0349089
828	0.034095
829	0.0306771
830	0.030026
831	0.0288867
832	0.0290495
833	0.0292122
834	0.0292122
835	0.0292122
836	0.028724
837	0.0279102
838	0.0275846
839	0.025306
840	0.0266081
841	0.0272591
842	0.0251432
843	0.0243294
844	0.0246549
845	0.0233529
846	0.0233529
847	0.0223763
848	0.0220508
849	0.0217253
850	0.0202604
851	0.0209115
852	0.0205859
853	0.0205859
854	0.0196094
855	0.0210742
856	0.0217253
857	0.0222135
858	0.0225391
859	0.0220508
860	0.0230273
861	0.0233529
862	0.0227018
863	0.0207487
864	0.0204232
865	0.01847
866	0.0176562
867	0.0158659
868	0.0147266
869	0.0139128
870	0.0134245
871	0.0140755
872	0.0116341
873	0.0119596
874	0.010332
875	0.0101693
876	0.0100065
877	0.010332
878	0.0108203
879	0.0121224
880	0.0124479
881	0.0117969
882	0.0122852
883	0.0121224
884	0.0100065
885	0.00854166
886	0.00919271
887	0.00951823
888	0.010332
889	0.0104948
890	0.00951823
891	0.0101693
892	0.00919271
893	0.00935547
894	0.0100065
895	0.0114714
896	0.0121224
897	0.0135872
898	0.0150521
899	0.0157031
900	0.0157031
901	0.0155404
902	0.0152148
903	0.0132617
904	0.0129362
905	0.013099
906	0.0139128
907	0.0139128
908	0.0134245
909	0.0142383
910	0.0127734
911	0.0116341
912	0.0108203
913	0.00902994
914	0.00789062
915	0.0067513
916	0.00723958
917	0.0083789
918	0.00772786
919	0.00610026
920	0.00642578
921	0.00577474
922	0.00398437
923	0.00154297
924	0.00121744
925	0.00235677
926	0.00268229
927	0.00203125
928	0.00251953
929	0.00235677
930	0.00268229
931	0.00284505
932	0.00333333
933	0.00251953
934	0.00219401
935	0.00121744
936	0.00121744
937	0.00170573
938	0.00235677
939	0.00219401
940	0.00219401
941	0.00154297
942	0.00105468
943	0.00105468
944	-8.46386e-05
945	0.000566403
946	0.000891924
947	0.00154297
948	0.00268229
949	0.00170573
950	0.00203125
951	0.00349609
952	0.00414713
953	0.00317057
954	0.00235677
955	0.00219401
956	0.00121744
957	0.000729163
958	0.000403643
959	-0.000247399
960	-0.000898441
961	-0.00154948
962	-0.00203776
963	-0.00220052
964	-0.00268881
965	-0.00301433
966	-0.00268881
967	-0.00464193
968	-0.00268881
969	-0.00350261
970	-0.00333985
971	-0.00399089
972	-0.00464193
973	-0.00529297
974	-0.00626953
975	-0.00659506
976	-0.00610677
977	-0.00594401
978	-0.00578125
979	-0.00594401
980	-0.00692058
981	-0.00610677
982	-0.00708334
983	-0.00626953
984	-0.00594401
985	-0.00529297
986	-0.00643229
987	-0.00773438
988	-0.00692058
989	-0.00773438
990	-0.00692058
991	-0.0072461
992	-0.00773438
993	-0.00708334
994	-0.00822266
995	-0.00854818
996	-0.00903646
997	-0.00936198
998	-0.0101758
999	-0.0105013
1000	-0.0109896
1001	-0.00985026
1002	-0.00952474
1003	-0.0119661
1004	-0.0113151
1005	-0.0109896
1006	-0.0126172
1007	-0.0139193
1008	-0.0132682
1009	-0.01278
1010	-0.0129427
1011	-0.0124544
1012	-0.0116406
1013	-0.0118034
1014	-0.0116406
1015	-0.010013
1016	-0.0108268
1017	-0.0105013
1018	-0.0114779
1019	-0.0119661
1020	-0.0106641
1021	-0.0106641
1022	-0.0121289
1023	-0.0113151
