0	-0.000402923
1	-0.000324208
2	-0.000316829
3	-0.000215975
4	-9.79015e-05
5	-0.00012742
6	-0.000247953
7	-0.00028977
8	-0.000198756
9	-6.34635e-05
10	-0.000152018
11	-0.000147099
12	-2.16459e-05
13	-6.10036e-05
14	-9.29817e-05
15	0.000125945
16	7.18286e-05
17	0.000103807
18	0.000106267
19	0.000175142
20	0.000165303
21	0.000170223
22	4.23103e-05
23	4.92752e-07
24	2.01716e-05
25	5.21497e-05
26	8.1668e-05
27	-5.85438e-05
28	-3.64051e-05
29	2.50913e-05
30	1.52519e-05
31	-4.87044e-05
32	1.77117e-05
33	3.98504e-05
34	4.23103e-05
35	7.87232e-06
36	0.000182522
37	0.000111186
38	4.96899e-05
39	0.000103807
40	9.39672e-05
41	7.67483e-05
42	1.2792e-05
43	7.67483e-05
44	0.000116106
45	4.96899e-05
46	0.00021942
47	0.000305515
48	0.000194821
49	4.723e-05
50	-1.9671e-06
51	0.000170223
52	0.000150544
53	0.000229259
54	0.000490004
55	0.000964756
56	0.00206923
57	0.00533592
58	0.0161421
59	0.0458694
60	0.110177
61	0.213585
62	0.344388
63	0.484066
64	0.619535
65	0.744323
66	0.856333
67	0.954867
68	1.03957
69	1.11112
70	1.17072
71	1.21958
72	1.25905
73	1.28963
74	1.31353
75	1.33177
76	1.34552
77	1.35569
78	1.36338
79	1.36991
80	1.3774
81	1.38739
82	1.39958
83	1.41262
84	1.42528
85	1.43663
86	1.44629
87	1.45396
88	1.45953
89	1.46318
90	1.4648
91	1.46482
92	1.46328
93	1.46033
94	1.45615
95	1.45112
96	1.44522
97	1.43842
98	1.43126
99	1.42383
100	1.4162
101	1.40856
102	1.40109
103	1.39362
104	1.38599
105	1.37851
106	1.37068
107	1.36239
108	1.35431
109	1.34587
110	1.33712
111	1.32802
112	1.31897
113	1.30947
114	1.30003
115	1.29034
116	1.28082
117	1.271
118	1.26135
119	1.25169
120	1.2419
121	1.2319
122	1.2221
123	1.21193
124	1.20208
125	1.19193
126	1.18193
127	1.17168
128	1.16164
129	1.15145
130	1.14142
131	1.13152
132	1.12164
133	1.11167
134	1.10167
135	1.09145
136	1.08132
137	1.07113
138	1.06096
139	1.05096
140	1.04103
141	1.03102
142	1.0211
143	1.01109
144	1.00123
145	0.99131
146	0.981591
147	0.971865
148	0.962129
149	0.952324
150	0.942678
151	0.933228
152	0.923629
153	0.914282
154	0.904962
155	0.895575
156	0.886092
157	0.876703
158	0.867144
159	0.857774
160	0.848461
161	0.839126
162	0.830007
163	0.820992
164	0.812186
165	0.803338
166	0.794612
167	0.786062
168	0.777315
169	0.76888
170	0.760356
171	0.751676
172	0.743216
173	0.73487
174	0.726637
175	0.718256
176	0.710234
177	0.702146
178	0.694201
179	0.686305
180	0.678325
181	0.670498
182	0.662663
183	0.655284
184	0.64771
185	0.640259
186	0.632754
187	0.62546
188	0.618403
189	0.611346
190	0.60403
191	0.596902
192	0.589832
193	0.583149
194	0.576731
195	0.570596
196	0.564466
197	0.5587
198	0.553003
199	0.547281
200	0.541493
201	0.535695
202	0.529797
203	0.523883
204	0.518058
205	0.512088
206	0.50617
207	0.500611
208	0.495049
209	0.489342
210	0.483896
211	0.478477
212	0.473053
213	0.467634
214	0.462554
215	0.457231
216	0.451777
217	0.446403
218	0.44104
219	0.435707
220	0.430416
221	0.425255
222	0.420208
223	0.415153
224	0.410442
225	0.405695
226	0.400696
227	0.395725
228	0.390967
229	0.386173
230	0.381551
231	0.376786
232	0.372122
233	0.367673
234	0.363127
235	0.358596
236	0.354043
237	0.34978
238	0.34561
239	0.341623
240	0.337436
241	0.333505
242	0.329594
243	0.325828
244	0.321853
245	0.317984
246	0.314124
247	0.310387
248	0.306759
249	0.30301
250	0.299264
251	0.295404
252	0.291988
253	0.288854
254	0.286394
255	0.284456
256	0.282758
257	0.280763
258	0.27885
259	0.276852
260	0.275059
261	0.272902
262	0.270634
263	0.26826
264	0.265965
265	0.263835
266	0.262561
267	0.262538
268	0.262907
269	0.263353
270	0.263635
271	0.263867
272	0.263771
273	0.263121
274	0.262526
275	0.26197
276	0.261808
277	0.262275
278	0.262885
279	0.263522
280	0.263618
281	0.263613
282	0.263333
283	0.262583
284	0.261776
285	0.260573
286	0.258972
287	0.257198
288	0.255287
289	0.253267
290	0.250898
291	0.248446
292	0.245974
293	0.243324
294	0.240683
295	0.2381
296	0.235652
297	0.233091
298	0.230548
299	0.228009
300	0.225832
301	0.223259
302	0.220728
303	0.218305
304	0.215843
305	0.213371
306	0.211142
307	0.209514
308	0.208272
309	0.207246
310	0.206092
311	0.204808
312	0.203308
313	0.202026
314	0.200341
315	0.198865
316	0.197352
317	0.195862
318	0.194004
319	0.192012
320	0.190091
321	0.188098
322	0.186143
323	0.184084
324	0.182067
325	0.180037
326	0.178057
327	0.176259
328	0.174441
329	0.172823
330	0.171108
331	0.169187
332	0.167428
333	0.165669
334	0.163819
335	0.162225
336	0.160536
337	0.15889
338	0.157242
339	0.155901
340	0.154265
341	0.152504
342	0.150681
343	0.148755
344	0.147006
345	0.145038
346	0.143199
347	0.141408
348	0.139639
349	0.137784
350	0.13609
351	0.134436
352	0.132503
353	0.130909
354	0.129234
355	0.127758
356	0.126253
357	0.124848
358	0.12353
359	0.121894
360	0.120465
361	0.11903
362	0.117326
363	0.115958
364	0.114418
365	0.112903
366	0.111186
367	0.109912
368	0.1085
369	0.106975
370	0.105437
371	0.104104
372	0.102722
373	0.101093
374	0.0996492
375	0.0980872
376	0.0963678
377	0.0948181
378	0.0934406
379	0.0920015
380	0.0906412
381	0.0893572
382	0.0878542
383	0.0865136
384	0.0853771
385	0.0841767
386	0.0833502
387	0.0828681
388	0.0824229
389	0.0818842
390	0.0812274
391	0.0804033
392	0.0797392
393	0.0787774
394	0.0777934
395	0.0770382
396	0.0760445
397	0.0751294
398	0.0741135
399	0.0731394
400	0.0720865
401	0.0711174
402	0.0702171
403	0.0692602
404	0.0682123
405	0.067216
406	0.0662198
407	0.065076
408	0.0639567
409	0.0630146
410	0.0620503
411	0.0610836
412	0.0600825
413	0.0590788
414	0.0580063
415	0.0568699
416	0.0557851
417	0.0548036
418	0.0538344
419	0.0527447
420	0.0518124
421	0.0507153
422	0.0497584
423	0.0485482
424	0.0474708
425	0.0465262
426	0.0462679
427	0.0475028
428	0.0513893
429	0.0566362
430	0.0618363
431	0.0660697
432	0.0698801
433	0.0731886
434	0.075277
435	0.0762363
436	0.0763987
437	0.076197
438	0.0755795
439	0.0751712
440	0.0742734
441	0.073405
442	0.0723694
443	0.0712674
444	0.0699834
445	0.0688272
446	0.0679958
447	0.0673341
448	0.0671988
449	0.0671545
450	0.0663698
451	0.0656786
452	0.0650514
453	0.0645545
454	0.0637649
455	0.0630982
456	0.0623578
457	0.061797
458	0.061155
459	0.0602965
460	0.0596618
461	0.0589632
462	0.058304
463	0.0574873
464	0.056678
465	0.0556178
466	0.0550152
467	0.0543904
468	0.053709
469	0.0530448
470	0.0524741
471	0.0516402
472	0.050858
473	0.0503906
474	0.0499085
475	0.049205
476	0.0486417
477	0.0479726
478	0.0475421
479	0.0468583
480	0.046295
481	0.045466
482	0.0447895
483	0.0440024
484	0.0434415
485	0.0427651
486	0.0422337
487	0.0416557
488	0.0409841
489	0.0404577
490	0.0399166
491	0.0392696
492	0.0386891
493	0.0380397
494	0.0375157
495	0.0370435
496	0.0365441
497	0.0362071
498	0.0356389
499	0.0354027
500	0.0349624
501	0.034527
502	0.0340498
503	0.0336587
504	0.0330806
505	0.0326895
506	0.0321459
507	0.0317695
508	0.0312603
509	0.0308348
510	0.0302395
511	0.0298508
512	0.029322
513	0.028921
514	0.0283872
515	0.0281093
516	0.0277009
517	0.0270294
518	0.0265669
519	0.0262398
520	0.0259643
521	0.0257847
522	0.0253764
523	0.0250172
524	0.024845
525	0.0246286
526	0.0244441
527	0.0241735
528	0.0240603
529	0.0240333
530	0.0246999
531	0.0264415
532	0.0284586
533	0.0306823
534	0.0327092
535	0.0347533
536	0.0365785
537	0.0381356
538	0.0393828
539	0.0404085
540	0.0413531
541	0.0419459
542	0.0424035
543	0.0426765
544	0.042679
545	0.0428167
546	0.0430504
547	0.0435424
548	0.0441943
549	0.0450429
550	0.0461646
551	0.0471731
552	0.0478348
553	0.0485088
554	0.0492074
555	0.049633
556	0.049879
557	0.050093
558	0.0501569
559	0.0502529
560	0.0500339
561	0.0499036
562	0.0495297
563	0.0491681
564	0.0487056
565	0.0482727
566	0.0479308
567	0.0475175
568	0.0472641
569	0.0472248
570	0.0474363
571	0.0476823
572	0.047975
573	0.0482284
574	0.0483293
575	0.0481841
576	0.0480882
577	0.0479923
578	0.0479652
579	0.0477315
580	0.0475175
581	0.0473158
582	0.0468115
583	0.0465459
584	0.0461129
585	0.0456259
586	0.0452348
587	0.0448461
588	0.0443345
589	0.0438941
590	0.0433407
591	0.0429619
592	0.0425412
593	0.0422116
594	0.042064
595	0.0420074
596	0.0421772
597	0.0420812
598	0.0421993
599	0.0422903
600	0.042219
601	0.0421255
602	0.042128
603	0.0420222
604	0.0418795
605	0.0417885
606	0.0414982
607	0.0412547
608	0.040898
609	0.0405807
610	0.0400617
611	0.0395968
612	0.0393902
613	0.0390261
614	0.0387358
615	0.0383324
616	0.0379634
617	0.0376584
618	0.0371886
619	0.0367704
620	0.0364974
621	0.0359734
622	0.0355872
623	0.0353806
624	0.0350141
625	0.0345319
626	0.0340498
627	0.033821
628	0.0334865
629	0.0330855
630	0.032628
631	0.0321803
632	0.0318556
633	0.0311915
634	0.0308643
635	0.0302075
636	0.0296836
637	0.0290514
638	0.0286283
639	0.0280847
640	0.0275091
641	0.0269876
642	0.0263751
643	0.0257429
644	0.0254206
645	0.0246753
646	0.0242424
647	0.0234995
648	0.0230961
649	0.0226361
650	0.0220285
651	0.021539
652	0.020924
653	0.0205231
654	0.0199647
655	0.0194481
656	0.0190496
657	0.0184174
658	0.017308
659	0.0162774
660	0.0154336
661	0.0145505
662	0.0135469
663	0.0127327
664	0.011889
665	0.0110502
666	0.0103811
667	0.00958409
668	0.00904292
669	0.00847961
670	0.00793599
671	0.00733824
672	0.00655601
673	0.00582789
674	0.00505058
675	0.00445037
676	0.00370995
677	0.00308761
678	0.00268666
679	0.00197822
680	0.00145181
681	0.000696632
682	0.000135785
683	-0.000562813
684	-0.00119746
685	-0.00189605
686	-0.0024815
687	-0.00288246
688	-0.00333015
689	-0.00378276
690	-0.00443955
691	-0.00503237
692	-0.00535461
693	-0.00565963
694	-0.00591054
695	-0.00639513
696	-0.00674689
697	-0.007261
698	-0.00766442
699	-0.00820804
700	-0.0085229
701	-0.00911327
702	-0.00955604
703	-0.010021
704	-0.0107146
705	-0.0113567
706	-0.0119938
707	-0.0124538
708	-0.0130736
709	-0.0134402
710	-0.0141043
711	-0.0147045
712	-0.0151768
713	-0.0157204
714	-0.0162567
715	-0.0167437
716	-0.0170168
717	-0.017435
718	-0.0178753
719	-0.0183082
720	-0.0187165
721	-0.0191126
722	-0.0194422
723	-0.0201014
724	-0.0203942
725	-0.0209206
726	-0.0213732
727	-0.0218283
728	-0.0221456
729	-0.0225244
730	-0.0228639
731	-0.0230459
732	-0.0233509
733	-0.0237765
734	-0.0241676
735	-0.0245267
736	-0.024817
737	-0.0250949
738	-0.0253852
739	-0.0257763
740	-0.0262117
741	-0.0263052
742	-0.0267873
743	-0.0269448
744	-0.0273014
745	-0.0276237
746	-0.027759
747	-0.0278672
748	-0.0279213
749	-0.0276729
750	-0.0278352
751	-0.0281403
752	-0.0284551
753	-0.0284084
754	-0.0287528
755	-0.0289102
756	-0.0291144
757	-0.0295104
758	-0.0294858
759	-0.0296457
760	-0.0298572
761	-0.0300393
762	-0.0304156
763	-0.0307329
764	-0.0309346
765	-0.0312249
766	-0.0312593
767	-0.0314045
768	-0.0315767
769	-0.0319481
770	-0.032108
771	-0.0322285
772	-0.0323491
773	-0.0326811
774	-0.0325827
775	-0.0324229
776	-0.0321793
777	-0.0318005
778	-0.0315963
779	-0.031402
780	-0.0313208
781	-0.0312692
782	-0.0311487
783	-0.0312126
784	-0.0313528
785	-0.0314069
786	-0.0315496
787	-0.0317193
788	-0.0318104
789	-0.0319383
790	-0.0321006
791	-0.0322703
792	-0.0327402
793	-0.0328607
794	-0.0330181
795	-0.0328878
796	-0.033028
797	-0.0330944
798	-0.0331879
799	-0.0334019
800	-0.0336282
801	-0.0337118
802	-0.033734
803	-0.0339676
804	-0.0342161
805	-0.0344793
806	-0.034526
807	-0.0348827
808	-0.0351508
809	-0.0354682
810	-0.0356453
811	-0.0358913
812	-0.0359232
813	-0.0362652
814	-0.0365013
815	-0.0368285
816	-0.0370154
817	-0.037195
818	-0.0371728
819	-0.036425
820	-0.034194
821	-0.0308387
822	-0.0269669
823	-0.0231787
824	-0.0196144
825	-0.0163379
826	-0.0141363
827	-0.0133959
828	-0.0128252
829	-0.0124513
830	-0.0120774
831	-0.011915
832	-0.0118019
833	-0.0119519
834	-0.0120823
835	-0.0124242
836	-0.0125251
837	-0.0125817
838	-0.0125694
839	-0.0126948
840	-0.0128424
841	-0.0128695
842	-0.0127981
843	-0.0125275
844	-0.0123996
845	-0.0124808
846	-0.0125915
847	-0.0125374
848	-0.0126013
849	-0.0129629
850	-0.0131548
851	-0.0134525
852	-0.0136271
853	-0.0139247
854	-0.0141142
855	-0.0144561
856	-0.0145938
857	-0.0148939
858	-0.0150022
859	-0.0150809
860	-0.0151817
861	-0.0154376
862	-0.015504
863	-0.0157254
864	-0.0158926
865	-0.0159344
866	-0.0160968
867	-0.0161583
868	-0.0163059
869	-0.0163846
870	-0.0164633
871	-0.0166011
872	-0.0166626
873	-0.0167511
874	-0.0167806
875	-0.016633
876	-0.0167364
877	-0.0168323
878	-0.0168397
879	-0.016633
880	-0.0163575
881	-0.0162837
882	-0.0163428
883	-0.0164486
884	-0.0164043
885	-0.0164486
886	-0.0165125
887	-0.0165445
888	-0.0166601
889	-0.016729
890	-0.0167856
891	-0.0167905
892	-0.0169356
893	-0.0169504
894	-0.0171127
895	-0.0170881
896	-0.0171742
897	-0.0173046
898	-0.0172702
899	-0.0174399
900	-0.0175826
901	-0.0177375
902	-0.0178335
903	-0.0180081
904	-0.0182492
905	-0.0183328
906	-0.0186501
907	-0.0187879
908	-0.0188248
909	-0.018906
910	-0.0191101
911	-0.0191938
912	-0.0192971
913	-0.0193782
914	-0.0194594
915	-0.0195873
916	-0.019698
917	-0.020126
918	-0.0202982
919	-0.020345
920	-0.0203917
921	-0.020618
922	-0.0206844
923	-0.0207902
924	-0.020923
925	-0.0212133
926	-0.021447
927	-0.02172
928	-0.0220005
929	-0.0222317
930	-0.0225564
931	-0.022822
932	-0.0232722
933	-0.0236067
934	-0.0239437
935	-0.0240126
936	-0.0242217
937	-0.0243939
938	-0.0245981
939	-0.0248465
940	-0.0251072
941	-0.0252376
942	-0.0253729
943	-0.0253409
944	-0.0254762
945	-0.0255771
946	-0.0257173
947	-0.0258206
948	-0.0258673
949	-0.0259707
950	-0.0260986
951	-0.0263003
952	-0.0265807
953	-0.0267381
954	-0.0270579
955	-0.027235
956	-0.0276458
957	-0.0278426
958	-0.0282386
959	-0.0284379
960	-0.0287011
961	-0.02892
962	-0.0292004
963	-0.0294243
964	-0.0295866
965	-0.0298277
966	-0.0299581
967	-0.0296137
968	-0.0290848
969	-0.028401
970	-0.0278352
971	-0.027235
972	-0.0266545
973	-0.0264798
974	-0.0264897
975	-0.0262954
976	-0.0262191
977	-0.0260863
978	-0.0260592
979	-0.026042
980	-0.0258649
981	-0.0259239
982	-0.0261133
983	-0.0262658
984	-0.0262363
985	-0.0264405
986	-0.0264725
987	-0.0265315
988	-0.0266471
989	-0.0268095
990	-0.0268267
991	-0.0268931
992	-0.0269595
993	-0.026994
994	-0.027144
995	-0.027326
996	-0.0274417
997	-0.0276532
998	-0.0278623
999	-0.0281452
1000	-0.0281845
1001	-0.0282731
1002	-0.0285879
1003	-0.0288241
1004	-0.0289471
1005	-0.0292841
1006	-0.0295301
1007	-0.0299999
1008	-0.030236
1009	-0.0303369
1010	-0.0304993
1011	-0.0306591
1012	-0.0309642
1013	-0.031161
1014	-0.0313553
1015	-0.0315349
1016	-0.0315717
1017	-0.0317267
1018	-0.0319112
1019	-0.0320662
1020	-0.0321449
1021	-0.0323171
1022	-0.0323712
1023	-0.0325065
