0	-0.000993928
1	-0.000853717
2	-0.000883235
3	-0.00079468
4	-0.000775001
5	-0.000703665
6	-0.000701206
7	-0.000548695
8	-0.000275651
9	-0.00028057
10	-0.000214154
11	-0.000275651
12	-0.00011084
13	-3.45848e-05
14	0.000189262
15	0.000181882
16	-1.4906e-05
17	1.46123e-05
18	0.000265518
19	0.000255678
20	0.000137605
21	-7.88622e-05
22	2.31302e-06
23	0.000189262
24	0.000181882
25	-1.4906e-05
26	-0.000174797
27	-0.000445381
28	-0.000747943
29	-0.00102837
30	-0.0011735
31	-0.00127681
32	-0.00118334
33	-0.00105542
34	-0.000841417
35	-0.000349446
36	0.000504123
37	0.00104529
38	0.00128636
39	0.00119534
40	0.0012962
41	0.00138967
42	0.00136015
43	0.00115844
44	0.000991175
45	0.000796846
46	0.00073043
47	0.00056562
48	0.000811605
49	0.00128144
50	0.00192838
51	0.00243265
52	0.00281147
53	0.00321734
54	0.00350269
55	0.00365274
56	0.00403156
57	0.00436118
58	0.00448663
59	0.0042923
60	0.00440053
61	0.00768198
62	0.0300568
63	0.121753
64	0.371298
65	0.858349
66	1.5834
67	2.4495
68	3.31514
69	4.05569
70	4.60304
71	4.94929
72	5.12478
73	5.17354
74	5.13827
75	5.05354
76	4.9454
77	4.83183
78	4.72503
79	4.63178
80	4.55424
81	4.4913
82	4.44135
83	4.401
84	4.36816
85	4.34046
86	4.31586
87	4.2929
88	4.27038
89	4.24767
90	4.22473
91	4.2013
92	4.17713
93	4.15325
94	4.12944
95	4.10556
96	4.08151
97	4.05754
98	4.03336
99	4.00903
100	3.98461
101	3.96087
102	3.93692
103	3.91186
104	3.88499
105	3.85683
106	3.82822
107	3.79964
108	3.7715
109	3.74401
110	3.71683
111	3.69044
112	3.66495
113	3.64033
114	3.61525
115	3.58826
116	3.55899
117	3.52745
118	3.49555
119	3.46515
120	3.43546
121	3.40601
122	3.37681
123	3.34872
124	3.32077
125	3.29238
126	3.26302
127	3.23384
128	3.20567
129	3.17756
130	3.14982
131	3.12224
132	3.09486
133	3.06927
134	3.04426
135	3.01883
136	2.9924
137	2.96602
138	2.9403
139	2.91426
140	2.88772
141	2.86095
142	2.83433
143	2.80775
144	2.78192
145	2.75626
146	2.73022
147	2.70375
148	2.677
149	2.6502
150	2.6231
151	2.5971
152	2.57248
153	2.54829
154	2.52415
155	2.4996
156	2.47489
157	2.45072
158	2.42711
159	2.40343
160	2.3792
161	2.35515
162	2.33146
163	2.30885
164	2.28607
165	2.2635
166	2.24176
167	2.22084
168	2.20016
169	2.17894
170	2.15706
171	2.1346
172	2.11179
173	2.08922
174	2.0688
175	2.05384
176	2.04607
177	2.04293
178	2.03529
179	2.01935
180	2.00081
181	1.98078
182	1.96132
183	1.94215
184	1.92358
185	1.90512
186	1.88628
187	1.86647
188	1.84746
189	1.82968
190	1.81291
191	1.79589
192	1.77908
193	1.76142
194	1.74367
195	1.72618
196	1.70977
197	1.69665
198	1.68903
199	1.68736
200	1.67518
201	1.65938
202	1.6443
203	1.6299
204	1.61614
205	1.60292
206	1.58937
207	1.57566
208	1.56185
209	1.54746
210	1.53318
211	1.51901
212	1.5049
213	1.49103
214	1.47702
215	1.46329
216	1.44945
217	1.43573
218	1.42156
219	1.40759
220	1.39416
221	1.3812
222	1.36844
223	1.35598
224	1.34346
225	1.33085
226	1.31839
227	1.30606
228	1.29385
229	1.28173
230	1.26961
231	1.25739
232	1.2457
233	1.23445
234	1.22368
235	1.21333
236	1.20313
237	1.19284
238	1.18231
239	1.17199
240	1.16164
241	1.15088
242	1.14014
243	1.12993
244	1.11962
245	1.10905
246	1.09908
247	1.08961
248	1.08039
249	1.07098
250	1.06148
251	1.05198
252	1.04268
253	1.03359
254	1.02476
255	1.01588
256	1.00702
257	0.998091
258	0.989233
259	0.980469
260	0.972125
261	0.964371
262	0.956972
263	0.949332
264	0.941807
265	0.934327
266	0.926266
267	0.918357
268	0.910616
269	0.902848
270	0.894568
271	0.886374
272	0.879632
273	0.878375
274	0.885811
275	0.887078
276	0.87927
277	0.871814
278	0.864422
279	0.857242
280	0.85047
281	0.844134
282	0.838117
283	0.831999
284	0.825631
285	0.819442
286	0.813294
287	0.807029
288	0.800764
289	0.794017
290	0.787252
291	0.780539
292	0.773831
293	0.76713
294	0.760533
295	0.753672
296	0.746871
297	0.739841
298	0.733103
299	0.726538
300	0.720366
301	0.714302
302	0.708861
303	0.703467
304	0.697568
305	0.691568
306	0.68547
307	0.679321
308	0.673275
309	0.667174
310	0.661005
311	0.654909
312	0.64951
313	0.644573
314	0.639454
315	0.634352
316	0.629258
317	0.624104
318	0.61889
319	0.614026
320	0.609641
321	0.605518
322	0.60142
323	0.597715
324	0.594262
325	0.590409
326	0.586506
327	0.582152
328	0.577571
329	0.573119
330	0.568645
331	0.564352
332	0.559971
333	0.555251
334	0.550233
335	0.545761
336	0.541424
337	0.53719
338	0.532637
339	0.528037
340	0.523676
341	0.519775
342	0.515952
343	0.512011
344	0.507768
345	0.503387
346	0.498959
347	0.494382
348	0.489767
349	0.485501
350	0.481125
351	0.476678
352	0.472445
353	0.468174
354	0.464106
355	0.460288
356	0.456834
357	0.453863
358	0.45115
359	0.449354
360	0.448451
361	0.448058
362	0.448237
363	0.448195
364	0.447401
365	0.445275
366	0.442488
367	0.439054
368	0.435365
369	0.431695
370	0.428243
371	0.425213
372	0.422918
373	0.421319
374	0.420438
375	0.419587
376	0.418549
377	0.417147
378	0.415036
379	0.412461
380	0.409273
381	0.405662
382	0.402563
383	0.399347
384	0.396504
385	0.393744
386	0.390863
387	0.387757
388	0.38512
389	0.383526
390	0.383312
391	0.384062
392	0.384765
393	0.38512
394	0.384741
395	0.383631
396	0.382072
397	0.379615
398	0.377019
399	0.374783
400	0.373977
401	0.374323
402	0.375167
403	0.375812
404	0.376232
405	0.375639
406	0.374193
407	0.371952
408	0.36931
409	0.366292
410	0.363288
411	0.360398
412	0.357867
413	0.355218
414	0.352819
415	0.349971
416	0.347044
417	0.344173
418	0.341455
419	0.339052
420	0.336665
421	0.334041
422	0.331222
423	0.328253
424	0.325537
425	0.322802
426	0.320177
427	0.317624
428	0.314935
429	0.312261
430	0.310082
431	0.308296
432	0.308756
433	0.313826
434	0.324765
435	0.339807
436	0.351319
437	0.353326
438	0.354411
439	0.354089
440	0.352465
441	0.350003
442	0.347208
443	0.344124
444	0.3407
445	0.337364
446	0.334395
447	0.33162
448	0.32934
449	0.327129
450	0.325166
451	0.32321
452	0.32152
453	0.320241
454	0.318549
455	0.316716
456	0.314561
457	0.311664
458	0.309007
459	0.307088
460	0.305629
461	0.304449
462	0.302806
463	0.301138
464	0.299556
465	0.297795
466	0.295672
467	0.293557
468	0.29182
469	0.290265
470	0.288514
471	0.286743
472	0.284785
473	0.282955
474	0.280898
475	0.278756
476	0.276827
477	0.274953
478	0.273275
479	0.271359
480	0.269359
481	0.267366
482	0.265411
483	0.263502
484	0.261391
485	0.259475
486	0.257158
487	0.254733
488	0.252482
489	0.250037
490	0.248153
491	0.246207
492	0.244244
493	0.242141
494	0.240111
495	0.23818
496	0.236606
497	0.234751
498	0.232788
499	0.230579
500	0.228838
501	0.227782
502	0.226912
503	0.226461
504	0.226006
505	0.225497
506	0.22501
507	0.2241
508	0.222708
509	0.221065
510	0.218939
511	0.217023
512	0.215375
513	0.214098
514	0.212561
515	0.211164
516	0.209341
517	0.207243
518	0.205262
519	0.203127
520	0.201004
521	0.199118
522	0.197676
523	0.196569
524	0.195841
525	0.195106
526	0.194405
527	0.193509
528	0.19257
529	0.191615
530	0.190624
531	0.189384
532	0.188046
533	0.187123
534	0.187362
535	0.188927
536	0.190956
537	0.193258
538	0.195069
539	0.196387
540	0.197386
541	0.198286
542	0.198559
543	0.198363
544	0.197349
545	0.19607
546	0.194579
547	0.192931
548	0.191581
549	0.190528
550	0.190016
551	0.192063
552	0.198899
553	0.210999
554	0.226235
555	0.227588
556	0.228343
557	0.228506
558	0.228134
559	0.227448
560	0.226422
561	0.225391
562	0.224043
563	0.222639
564	0.221151
565	0.219621
566	0.218415
567	0.217476
568	0.216361
569	0.215178
570	0.214202
571	0.214885
572	0.219163
573	0.227468
574	0.238153
575	0.243988
576	0.242539
577	0.241105
578	0.239843
579	0.238473
580	0.236985
581	0.23575
582	0.235078
583	0.234318
584	0.233251
585	0.23176
586	0.230203
587	0.228904
588	0.227559
589	0.226223
590	0.224919
591	0.223488
592	0.222184
593	0.220959
594	0.219532
595	0.218209
596	0.218435
597	0.22183
598	0.229399
599	0.240397
600	0.247358
601	0.246224
602	0.245174
603	0.24418
604	0.243216
605	0.24248
606	0.241528
607	0.240588
608	0.239457
609	0.238301
610	0.2371
611	0.235991
612	0.235086
613	0.234237
614	0.233649
615	0.233165
616	0.232599
617	0.232434
618	0.232181
619	0.231443
620	0.230378
621	0.229116
622	0.22778
623	0.226466
624	0.225315
625	0.224061
626	0.223003
627	0.222019
628	0.220632
629	0.219567
630	0.218565
631	0.217685
632	0.216607
633	0.215756
634	0.214937
635	0.214165
636	0.213095
637	0.211127
638	0.208992
639	0.207599
640	0.206775
641	0.20585
642	0.204684
643	0.203841
644	0.203088
645	0.202013
646	0.200778
647	0.19941
648	0.198235
649	0.197184
650	0.196168
651	0.195251
652	0.194427
653	0.193615
654	0.192171
655	0.190449
656	0.18916
657	0.188668
658	0.188363
659	0.187793
660	0.187062
661	0.186346
662	0.185744
663	0.184632
664	0.183476
665	0.182182
666	0.181208
667	0.180433
668	0.179454
669	0.178445
670	0.176895
671	0.174839
672	0.172817
673	0.170938
674	0.169125
675	0.167467
676	0.16635
677	0.165405
678	0.164139
679	0.162783
680	0.160992
681	0.159093
682	0.157332
683	0.155824
684	0.154275
685	0.15319
686	0.152297
687	0.151807
688	0.151197
689	0.151483
690	0.15576
691	0.169053
692	0.18537
693	0.184745
694	0.184344
695	0.184125
696	0.184356
697	0.185082
698	0.185903
699	0.186602
700	0.187082
701	0.187566
702	0.188004
703	0.187975
704	0.187453
705	0.186708
706	0.185441
707	0.183936
708	0.182285
709	0.180799
710	0.179195
711	0.178005
712	0.176824
713	0.175734
714	0.174709
715	0.173594
716	0.172249
717	0.171142
718	0.170069
719	0.168876
720	0.167838
721	0.166655
722	0.165231
723	0.164222
724	0.163196
725	0.16219
726	0.16102
727	0.15976
728	0.158658
729	0.158186
730	0.159307
731	0.162109
732	0.166119
733	0.170308
734	0.1737
735	0.175702
736	0.176753
737	0.176827
738	0.176032
739	0.174502
740	0.172598
741	0.170559
742	0.168763
743	0.166857
744	0.165381
745	0.164057
746	0.162778
747	0.161221
748	0.159876
749	0.160259
750	0.165986
751	0.180743
752	0.189977
753	0.188329
754	0.186816
755	0.185256
756	0.184157
757	0.183264
758	0.182381
759	0.181547
760	0.180693
761	0.179668
762	0.179004
763	0.178607
764	0.177842
765	0.177114
766	0.17678
767	0.176664
768	0.176856
769	0.17706
770	0.177085
771	0.1774
772	0.177729
773	0.177656
774	0.177505
775	0.17771
776	0.180364
777	0.188904
778	0.204502
779	0.209373
780	0.208721
781	0.208109
782	0.207481
783	0.206822
784	0.206111
785	0.205297
786	0.204532
787	0.20344
788	0.202399
789	0.201742
790	0.201489
791	0.200869
792	0.200232
793	0.199524
794	0.19867
795	0.198053
796	0.197492
797	0.19683
798	0.19609
799	0.19531
800	0.195052
801	0.19452
802	0.19408
803	0.193344
804	0.192535
805	0.192001
806	0.191049
807	0.190336
808	0.189527
809	0.188565
810	0.187923
811	0.187242
812	0.186602
813	0.186034
814	0.185343
815	0.184669
816	0.184041
817	0.183539
818	0.183321
819	0.182804
820	0.182329
821	0.181714
822	0.181313
823	0.180848
824	0.181178
825	0.184285
826	0.193908
827	0.21262
828	0.213537
829	0.213397
830	0.21308
831	0.212925
832	0.212642
833	0.212185
834	0.211855
835	0.211752
836	0.211838
837	0.211801
838	0.211471
839	0.211309
840	0.211051
841	0.210359
842	0.209648
843	0.208814
844	0.208172
845	0.207698
846	0.207668
847	0.20756
848	0.20697
849	0.206342
850	0.205176
851	0.204411
852	0.203629
853	0.202886
854	0.202316
855	0.201961
856	0.201693
857	0.201373
858	0.20112
859	0.200611
860	0.20004
861	0.199521
862	0.199051
863	0.198616
864	0.198146
865	0.197652
866	0.197285
867	0.196948
868	0.196619
869	0.196277
870	0.195984
871	0.195767
872	0.195229
873	0.194934
874	0.194446
875	0.193792
876	0.193531
877	0.193367
878	0.193062
879	0.192641
880	0.192161
881	0.192884
882	0.197519
883	0.207553
884	0.223532
885	0.227335
886	0.227977
887	0.228555
888	0.228715
889	0.228579
890	0.228567
891	0.228634
892	0.228287
893	0.227937
894	0.227718
895	0.227637
896	0.227763
897	0.227411
898	0.226577
899	0.225674
900	0.224774
901	0.224031
902	0.22364
903	0.223224
904	0.222663
905	0.222292
906	0.221945
907	0.221554
908	0.221365
909	0.221074
910	0.22088
911	0.22076
912	0.21998
913	0.218811
914	0.217525
915	0.216634
916	0.215911
917	0.215181
918	0.214229
919	0.213107
920	0.212145
921	0.211218
922	0.210613
923	0.209769
924	0.208537
925	0.207449
926	0.206532
927	0.205602
928	0.204793
929	0.204151
930	0.203482
931	0.202699
932	0.20158
933	0.200296
934	0.199027
935	0.197991
936	0.196951
937	0.196124
938	0.19515
939	0.194341
940	0.193991
941	0.193741
942	0.193507
943	0.193709
944	0.194355
945	0.195054
946	0.195945
947	0.197258
948	0.198402
949	0.198955
950	0.199295
951	0.199142
952	0.199056
953	0.198665
954	0.197952
955	0.197361
956	0.196432
957	0.195116
958	0.193571
959	0.192117
960	0.19104
961	0.190129
962	0.188971
963	0.18767
964	0.186467
965	0.185224
966	0.184088
967	0.18307
968	0.182447
969	0.183075
970	0.187153
971	0.196707
972	0.211916
973	0.212935
974	0.212153
975	0.211796
976	0.211683
977	0.213835
978	0.21753
979	0.221795
980	0.225869
981	0.228575
982	0.229529
983	0.229635
984	0.228975
985	0.227689
986	0.225758
987	0.223864
988	0.221785
989	0.219967
990	0.21844
991	0.21754
992	0.21718
993	0.217441
994	0.217751
995	0.21827
996	0.218664
997	0.218789
998	0.21859
999	0.217761
1000	0.217055
1001	0.216221
1002	0.215109
1003	0.213818
1004	0.212376
1005	0.210876
1006	0.209188
1007	0.207639
1008	0.206224
1009	0.204793
1010	0.203755
1011	0.20326
1012	0.20268
1013	0.201639
1014	0.200648
1015	0.199747
1016	0.198943
1017	0.198291
1018	0.198038
1019	0.197912
1020	0.198215
1021	0.199324
1022	0.200655
1023	0.202207
