0	2.21693e-06
1	7.13664e-06
2	0.00012275
3	0.00028264
4	0.000238363
5	0.000223604
6	0.000211305
7	8.33922e-05
8	8.09323e-05
9	6.61732e-05
10	4.89542e-05
11	2.21693e-06
12	-1.74619e-05
13	3.4195e-05
14	-1.50021e-05
15	4.40345e-05
16	9.32316e-05
17	3.91148e-05
18	9.32316e-05
19	8.33922e-05
20	3.91148e-05
21	-3.2221e-05
22	7.60126e-05
23	5.38739e-05
24	4.40345e-05
25	0.000176867
26	0.000130129
27	9.81513e-05
28	-8.3878e-05
29	-2.70278e-06
30	3.66549e-05
31	3.17352e-05
32	-0.000179812
33	-0.000123236
34	-6.41992e-05
35	-0.000130615
36	-0.000160134
37	-0.000187192
38	-0.000256068
39	-0.000292966
40	-0.000322484
41	-0.000209331
42	-0.00021917
43	-3.71408e-05
44	-0.000133075
45	-3.71408e-05
46	-1.74619e-05
47	9.5965e-06
48	-2.23816e-05
49	9.07717e-05
50	2.21693e-06
51	8.5852e-05
52	-3.71408e-05
53	5.1414e-05
54	0.000302319
55	0.000499108
56	0.00107963
57	0.00338698
58	0.010368
59	0.031631
60	0.0837283
61	0.179724
62	0.312994
63	0.464371
64	0.61566
65	0.756769
66	0.884177
67	0.996288
68	1.09311
69	1.17462
70	1.24213
71	1.29695
72	1.34076
73	1.37477
74	1.4005
75	1.41974
76	1.43386
77	1.44373
78	1.45044
79	1.455
80	1.45908
81	1.46479
82	1.47351
83	1.48423
84	1.496
85	1.50696
86	1.51616
87	1.52341
88	1.52868
89	1.53183
90	1.53292
91	1.53181
92	1.52913
93	1.52498
94	1.51946
95	1.513
96	1.50556
97	1.49763
98	1.48928
99	1.48046
100	1.47125
101	1.46195
102	1.45278
103	1.44399
104	1.43551
105	1.42715
106	1.41886
107	1.41045
108	1.4018
109	1.39318
110	1.38426
111	1.37499
112	1.36562
113	1.35581
114	1.34568
115	1.33561
116	1.32549
117	1.31548
118	1.30529
119	1.29508
120	1.28461
121	1.27403
122	1.26334
123	1.25247
124	1.24141
125	1.23049
126	1.21949
127	1.2085
128	1.19733
129	1.18608
130	1.17493
131	1.16401
132	1.15313
133	1.14255
134	1.13207
135	1.1216
136	1.11119
137	1.10078
138	1.09049
139	1.08012
140	1.06975
141	1.0595
142	1.04928
143	1.03912
144	1.02915
145	1.01909
146	1.00897
147	0.998876
148	0.988871
149	0.978538
150	0.968364
151	0.958128
152	0.948065
153	0.937952
154	0.928054
155	0.918062
156	0.908146
157	0.898349
158	0.888891
159	0.879575
160	0.870397
161	0.861161
162	0.852202
163	0.843137
164	0.83411
165	0.825458
166	0.816758
167	0.808185
168	0.79977
169	0.791419
170	0.783227
171	0.774884
172	0.76668
173	0.758563
174	0.750593
175	0.742655
176	0.734921
177	0.727199
178	0.719193
179	0.711469
180	0.703831
181	0.696119
182	0.688348
183	0.680698
184	0.672994
185	0.665238
186	0.657332
187	0.649766
188	0.642246
189	0.634879
190	0.627538
191	0.620402
192	0.613411
193	0.606393
194	0.599816
195	0.593391
196	0.587332
197	0.581362
198	0.575451
199	0.569628
200	0.564
201	0.558399
202	0.552855
203	0.547399
204	0.541761
205	0.536061
206	0.530468
207	0.525051
208	0.51976
209	0.514237
210	0.508636
211	0.503141
212	0.497779
213	0.492207
214	0.486552
215	0.481157
216	0.475913
217	0.470577
218	0.465286
219	0.460012
220	0.454692
221	0.449479
222	0.444232
223	0.439145
224	0.434208
225	0.429358
226	0.424376
227	0.419602
228	0.414704
229	0.40991
230	0.405288
231	0.400639
232	0.396118
233	0.391734
234	0.387666
235	0.383501
236	0.379309
237	0.375135
238	0.3713
239	0.367463
240	0.363451
241	0.359537
242	0.355318
243	0.351284
244	0.347545
245	0.343888
246	0.340217
247	0.336343
248	0.332683
249	0.329087
250	0.325463
251	0.321818
252	0.31818
253	0.314623
254	0.311518
255	0.309154
256	0.307275
257	0.305895
258	0.304427
259	0.302685
260	0.300838
261	0.29887
262	0.296572
263	0.294442
264	0.292191
265	0.289943
266	0.288509
267	0.288413
268	0.28902
269	0.289813
270	0.290523
271	0.290927
272	0.291168
273	0.290819
274	0.290039
275	0.28873
276	0.287109
277	0.286472
278	0.286969
279	0.288059
280	0.289126
281	0.289992
282	0.290457
283	0.290442
284	0.290179
285	0.289567
286	0.288477
287	0.286952
288	0.285481
289	0.283734
290	0.281707
291	0.279636
292	0.277385
293	0.274763
294	0.272316
295	0.269701
296	0.267202
297	0.264466
298	0.26176
299	0.259232
300	0.256794
301	0.254405
302	0.251997
303	0.249392
304	0.246982
305	0.244514
306	0.242458
307	0.240603
308	0.239026
309	0.237509
310	0.235922
311	0.234284
312	0.232402
313	0.230355
314	0.228437
315	0.22655
316	0.224712
317	0.222956
318	0.220838
319	0.218661
320	0.216711
321	0.214607
322	0.212489
323	0.210278
324	0.207981
325	0.205995
326	0.203885
327	0.201683
328	0.199499
329	0.197504
330	0.195578
331	0.193499
332	0.191448
333	0.189554
334	0.187527
335	0.185465
336	0.183355
337	0.181463
338	0.179545
339	0.177714
340	0.175653
341	0.173852
342	0.171921
343	0.170217
344	0.168173
345	0.166101
346	0.164008
347	0.162195
348	0.160208
349	0.158375
350	0.156646
351	0.154747
352	0.152727
353	0.150971
354	0.149244
355	0.147827
356	0.146312
357	0.144961
358	0.143682
359	0.142334
360	0.141144
361	0.139793
362	0.138295
363	0.136723
364	0.135105
365	0.133558
366	0.131986
367	0.130426
368	0.128908
369	0.127078
370	0.125514
371	0.123799
372	0.122171
373	0.120759
374	0.119359
375	0.117876
376	0.116211
377	0.114727
378	0.113313
379	0.111928
380	0.110371
381	0.10892
382	0.107414
383	0.105754
384	0.104637
385	0.103791
386	0.103183
387	0.102467
388	0.102231
389	0.101619
390	0.100886
391	0.0999879
392	0.0991565
393	0.0980816
394	0.0972206
395	0.0963154
396	0.0953019
397	0.0944803
398	0.093366
399	0.0923698
400	0.0913416
401	0.0902346
402	0.0890785
403	0.088006
404	0.0866605
405	0.0855437
406	0.0844441
407	0.0834184
408	0.0825476
409	0.0814751
410	0.0803165
411	0.0791776
412	0.0777828
413	0.0766488
414	0.0755075
415	0.0742554
416	0.073023
417	0.0718103
418	0.070573
419	0.0691832
420	0.0679877
421	0.0667971
422	0.0656508
423	0.0645513
424	0.063496
425	0.062544
426	0.0625514
427	0.0644234
428	0.0687822
429	0.0746145
430	0.0802132
431	0.0848894
432	0.088862
433	0.0914744
434	0.0925051
435	0.0925764
436	0.0922738
437	0.0918409
438	0.0914646
439	0.090884
440	0.0900305
441	0.0891203
442	0.0881487
443	0.0872631
444	0.0862029
445	0.085128
446	0.0841145
447	0.0831822
448	0.0828501
449	0.0825254
450	0.0819646
451	0.0812143
452	0.0804665
453	0.0797114
454	0.0789119
455	0.0781986
456	0.0774827
457	0.0767472
458	0.0758838
459	0.0748851
460	0.0742062
461	0.0734781
462	0.072654
463	0.0717045
464	0.0709198
465	0.0701425
466	0.0693209
467	0.068492
468	0.0676876
469	0.0666717
470	0.0658279
471	0.0651466
472	0.0644037
473	0.0634739
474	0.0625071
475	0.0617347
476	0.0610263
477	0.060404
478	0.0596439
479	0.0588051
480	0.0580646
481	0.0572627
482	0.0566305
483	0.0559664
484	0.0552998
485	0.0547684
486	0.0541756
487	0.0535065
488	0.0527317
489	0.0522791
490	0.0517108
491	0.050963
492	0.0504465
493	0.0496372
494	0.0488918
495	0.0481908
496	0.0476545
497	0.046796
498	0.0462647
499	0.0456817
500	0.0452463
501	0.0446855
502	0.0442944
503	0.0438073
504	0.0434974
505	0.0430521
506	0.042543
507	0.0422404
508	0.041746
509	0.0409908
510	0.0403709
511	0.039938
512	0.0392664
513	0.0386096
514	0.0380562
515	0.037392
516	0.0366295
517	0.0360612
518	0.0354586
519	0.0350527
520	0.0346345
521	0.0343
522	0.0339704
523	0.0335276
524	0.0331168
525	0.0329421
526	0.032674
527	0.0323469
528	0.0318795
529	0.0317589
530	0.0322337
531	0.033867
532	0.0362334
533	0.0389934
534	0.0414311
535	0.0436523
536	0.0454849
537	0.0472954
538	0.0486803
539	0.0496987
540	0.0505621
541	0.0509458
542	0.0512681
543	0.0515485
544	0.0515337
545	0.0513886
546	0.0512213
547	0.0512582
548	0.0515091
549	0.0520109
550	0.052894
551	0.0538042
552	0.0546085
553	0.0556835
554	0.0565199
555	0.057029
556	0.0574374
557	0.0578014
558	0.0579908
559	0.0578679
560	0.0577227
561	0.0574103
562	0.0570463
563	0.0566724
564	0.0563673
565	0.0557844
566	0.055162
567	0.0546233
568	0.054274
569	0.0541141
570	0.0542937
571	0.0544979
572	0.0547438
573	0.0548275
574	0.0550095
575	0.0551153
576	0.0551202
577	0.055039
578	0.054916
579	0.0548004
580	0.0545372
581	0.0542519
582	0.053814
583	0.0533516
584	0.0529309
585	0.0522077
586	0.0517551
587	0.0511697
588	0.0507244
589	0.0503456
590	0.0499078
591	0.0493272
592	0.0488549
593	0.0483433
594	0.0478759
595	0.047657
596	0.0475266
597	0.04747
598	0.0473889
599	0.0474258
600	0.0475611
601	0.0476791
602	0.0476029
603	0.0475119
604	0.0475438
605	0.0474135
606	0.0471872
607	0.0468354
608	0.0465943
609	0.0462893
610	0.0458933
611	0.045635
612	0.0452611
613	0.0447175
614	0.0443263
615	0.0438664
616	0.043335
617	0.0429046
618	0.0426069
619	0.0422552
620	0.0417681
621	0.0414409
622	0.0410105
623	0.0403537
624	0.0400314
625	0.039569
626	0.0390401
627	0.0385703
628	0.0381816
629	0.0377881
630	0.0372543
631	0.0368287
632	0.0365335
633	0.0359407
634	0.0352618
635	0.0345779
636	0.0341155
637	0.0334981
638	0.0329126
639	0.0323173
640	0.0318352
641	0.0311883
642	0.030625
643	0.0300518
644	0.0293729
645	0.0287997
646	0.0280273
647	0.0271639
648	0.0266031
649	0.0261111
650	0.0255675
651	0.0249476
652	0.0241162
653	0.0237767
654	0.0232724
655	0.022746
656	0.0222713
657	0.0218039
658	0.0214177
659	0.0209184
660	0.0204977
661	0.0201927
662	0.0196934
663	0.0192629
664	0.0189603
665	0.0186012
666	0.0181781
667	0.0177821
668	0.0172925
669	0.016589
670	0.0157773
671	0.0149237
672	0.0141488
673	0.0133248
674	0.0122548
675	0.0116447
676	0.0107739
677	0.010159
678	0.00912336
679	0.00830177
680	0.00761301
681	0.00704232
682	0.00637816
683	0.00552459
684	0.00471284
685	0.0039798
686	0.0034042
687	0.0027425
688	0.00215705
689	0.00145599
690	0.000850868
691	0.000243284
692	-0.000339702
693	-0.000784936
694	-0.00129905
695	-0.00191401
696	-0.00257817
697	-0.00322511
698	-0.00362361
699	-0.004182
700	-0.00464445
701	-0.00521513
702	-0.00571203
703	-0.00629255
704	-0.00690506
705	-0.00732815
706	-0.00783488
707	-0.00842033
708	-0.00899839
709	-0.00948298
710	-0.0100266
711	-0.0107596
712	-0.0111237
713	-0.0118494
714	-0.0122479
715	-0.0126931
716	-0.0131678
717	-0.0136943
718	-0.0141518
719	-0.0147987
720	-0.0151997
721	-0.0156252
722	-0.0160188
723	-0.0163411
724	-0.0167371
725	-0.017052
726	-0.0173422
727	-0.0177063
728	-0.0181023
729	-0.0184738
730	-0.0188132
731	-0.0192265
732	-0.0195758
733	-0.0199521
734	-0.020422
735	-0.0206876
736	-0.021096
737	-0.0216691
738	-0.0220578
739	-0.0223579
740	-0.0227785
741	-0.0232164
742	-0.0236542
743	-0.0240552
744	-0.0247169
745	-0.0249825
746	-0.0251301
747	-0.0252703
748	-0.0253613
749	-0.0255631
750	-0.0257303
751	-0.0258533
752	-0.0260231
753	-0.0260845
754	-0.0261411
755	-0.0264019
756	-0.0266479
757	-0.0269111
758	-0.0270832
759	-0.0274744
760	-0.0277868
761	-0.0280205
762	-0.0283476
763	-0.0287904
764	-0.0290413
765	-0.0294226
766	-0.0297473
767	-0.0302663
768	-0.0305049
769	-0.0308911
770	-0.0310953
771	-0.0310707
772	-0.0313806
773	-0.031479
774	-0.0313806
775	-0.0312183
776	-0.0310166
777	-0.0306476
778	-0.0303426
779	-0.0299711
780	-0.0299908
781	-0.030131
782	-0.0300769
783	-0.0302294
784	-0.0303155
785	-0.0302884
786	-0.0303155
787	-0.0303672
788	-0.0305295
789	-0.0308468
790	-0.0309157
791	-0.031051
792	-0.0311518
793	-0.0314224
794	-0.0316807
795	-0.0318529
796	-0.032062
797	-0.0321751
798	-0.0324064
799	-0.0326253
800	-0.0328073
801	-0.0329648
802	-0.0329549
803	-0.0332255
804	-0.0334863
805	-0.0337396
806	-0.0339684
807	-0.0342291
808	-0.0344308
809	-0.0347974
810	-0.0350335
811	-0.0353434
812	-0.035496
813	-0.0358748
814	-0.0361158
815	-0.0361109
816	-0.0362708
817	-0.0366521
818	-0.0368907
819	-0.0371441
820	-0.0365316
821	-0.0345046
822	-0.030869
823	-0.0265814
824	-0.0223775
825	-0.018459
826	-0.0152686
827	-0.013618
828	-0.0130793
829	-0.0127152
830	-0.0123315
831	-0.0118666
832	-0.0117387
833	-0.0116796
834	-0.0119576
835	-0.0121741
836	-0.0122159
837	-0.0122749
838	-0.0120609
839	-0.012179
840	-0.0123561
841	-0.0126488
842	-0.0128874
843	-0.0128407
844	-0.0126636
845	-0.0124692
846	-0.0123905
847	-0.0123561
848	-0.012548
849	-0.0127915
850	-0.0130449
851	-0.0131654
852	-0.0133671
853	-0.013554
854	-0.013805
855	-0.0141321
856	-0.0144027
857	-0.0143978
858	-0.01457
859	-0.0149291
860	-0.0150201
861	-0.0152267
862	-0.0153424
863	-0.0155146
864	-0.0156523
865	-0.0157236
866	-0.0157925
867	-0.0160237
868	-0.0160803
869	-0.0161664
870	-0.0164173
871	-0.0166977
872	-0.016774
873	-0.0171036
874	-0.0173201
875	-0.0174382
876	-0.0176349
877	-0.0177579
878	-0.0180384
879	-0.018031
880	-0.0178809
881	-0.0177087
882	-0.0176349
883	-0.0177309
884	-0.0176645
885	-0.01748
886	-0.0174136
887	-0.0175587
888	-0.0177186
889	-0.017876
890	-0.0180433
891	-0.0181638
892	-0.0182942
893	-0.0185303
894	-0.0188796
895	-0.0192609
896	-0.0194774
897	-0.0194971
898	-0.0198168
899	-0.0201366
900	-0.020267
901	-0.0204269
902	-0.0203137
903	-0.020422
904	-0.0206114
905	-0.0207344
906	-0.0209803
907	-0.0211402
908	-0.0212878
909	-0.0214822
910	-0.0217773
911	-0.0220381
912	-0.0221685
913	-0.022257
914	-0.0223702
915	-0.0225325
916	-0.0227145
917	-0.0229851
918	-0.0232164
919	-0.0233861
920	-0.0236395
921	-0.02376
922	-0.0238313
923	-0.0239248
924	-0.0241486
925	-0.0242962
926	-0.0242126
927	-0.0244979
928	-0.0247611
929	-0.0249014
930	-0.0249432
931	-0.0254056
932	-0.0256123
933	-0.0258878
934	-0.0261829
935	-0.0264215
936	-0.0267143
937	-0.0269061
938	-0.0270045
939	-0.0271743
940	-0.0273071
941	-0.0274399
942	-0.0275113
943	-0.027558
944	-0.0277499
945	-0.0278114
946	-0.0278064
947	-0.0278827
948	-0.0279393
949	-0.0282812
950	-0.0284017
951	-0.0286354
952	-0.0286625
953	-0.0290856
954	-0.0292528
955	-0.0295579
956	-0.0297989
957	-0.0300867
958	-0.0304606
959	-0.0307042
960	-0.0310313
961	-0.031479
962	-0.0317471
963	-0.0319464
964	-0.0321801
965	-0.0322957
966	-0.0324261
967	-0.0326868
968	-0.0325441
969	-0.0321186
970	-0.0315995
971	-0.0310067
972	-0.0303426
973	-0.0299834
974	-0.0296784
975	-0.0294447
976	-0.0292479
977	-0.0291028
978	-0.0289011
979	-0.0287141
980	-0.0286723
981	-0.0288666
982	-0.0287191
983	-0.0288691
984	-0.0290905
985	-0.0292701
986	-0.0294865
987	-0.0294103
988	-0.0295382
989	-0.0296563
990	-0.0296784
991	-0.029762
992	-0.0298875
993	-0.030313
994	-0.0302934
995	-0.0304041
996	-0.0305418
997	-0.030623
998	-0.0307484
999	-0.0310559
1000	-0.0312625
1001	-0.0313044
1002	-0.0317201
1003	-0.0318996
1004	-0.0320423
1005	-0.0323031
1006	-0.0326179
1007	-0.032859
1008	-0.0329008
1009	-0.0331665
1010	-0.0335354
1011	-0.0338356
1012	-0.0340176
1013	-0.0342045
1014	-0.0344997
1015	-0.0348416
1016	-0.0350261
1017	-0.0349966
1018	-0.0352549
1019	-0.0353631
1020	-0.0354517
1021	-0.0355181
1022	-0.0355968
1023	-0.035705
