0	0.00100908
1	0.000600748
2	2.26825e-05
3	-0.000461909
4	-0.000156887
5	7.67993e-05
6	0.000369522
7	0.00023423
8	0.000207172
9	5.43799e-07
10	-0.000134748
11	-0.000358595
12	-0.000331537
13	-0.000432391
14	-0.000670997
15	-0.000921902
16	-0.00105719
17	-0.00096126
18	-0.000889924
19	-0.000725113
20	-0.00061934
21	-0.000304478
22	-3.14343e-05
23	0.000175194
24	0.00022931
25	0.000340004
26	0.000332624
27	6.45e-05
28	-0.00027496
29	-0.000471748
30	-0.000562763
31	-0.000587362
32	-0.000503727
33	-0.000356135
34	8.41789e-05
35	0.000418719
36	0.000529413
37	0.000431018
38	0.000502354
39	0.000701603
40	0.000647486
41	0.000558931
42	0.000354763
43	0.000320325
44	0.000347383
45	0.000367062
46	0.000317865
47	0.000418719
48	0.000531873
49	0.000620427
50	0.0007508
51	0.000790157
52	0.00091315
53	0.000979566
54	0.00133625
55	0.00150352
56	0.00152565
57	0.00154533
58	0.00144448
59	0.00161175
60	0.00234479
61	0.00734567
62	0.0340376
63	0.130338
64	0.375175
65	0.832443
66	1.49556
67	2.27093
68	3.02475
69	3.64683
70	4.08305
71	4.33553
72	4.44098
73	4.4465
74	4.39363
75	4.3132
76	4.22528
77	4.14169
78	4.0683
79	4.0071
80	3.95789
81	3.91868
82	3.88705
83	3.86075
84	3.83723
85	3.81539
86	3.79357
87	3.77175
88	3.75039
89	3.72951
90	3.70774
91	3.68287
92	3.659
93	3.63937
94	3.62158
95	3.60251
96	3.5814
97	3.55974
98	3.53825
99	3.51683
100	3.49576
101	3.47535
102	3.45465
103	3.43254
104	3.40896
105	3.38435
106	3.35908
107	3.33373
108	3.3084
109	3.28398
110	3.25996
111	3.23568
112	3.21161
113	3.18841
114	3.16542
115	3.14202
116	3.11839
117	3.09454
118	3.07034
119	3.04543
120	3.01947
121	2.99235
122	2.96469
123	2.93769
124	2.91146
125	2.88543
126	2.8599
127	2.83411
128	2.80809
129	2.78206
130	2.75647
131	2.73111
132	2.70653
133	2.68278
134	2.65992
135	2.63707
136	2.61428
137	2.59179
138	2.56915
139	2.5461
140	2.52264
141	2.49984
142	2.47688
143	2.45375
144	2.42995
145	2.40527
146	2.38079
147	2.35696
148	2.33421
149	2.31298
150	2.2924
151	2.27193
152	2.2513
153	2.23003
154	2.20855
155	2.18694
156	2.16562
157	2.14403
158	2.12215
159	2.1002
160	2.07811
161	2.05534
162	2.03266
163	2.01053
164	1.98927
165	1.96967
166	1.95124
167	1.93336
168	1.91594
169	1.8987
170	1.88107
171	1.86277
172	1.8447
173	1.82969
174	1.8215
175	1.819
176	1.81914
177	1.80901
178	1.79541
179	1.77957
180	1.76224
181	1.74464
182	1.72707
183	1.70986
184	1.69279
185	1.67544
186	1.6579
187	1.64072
188	1.6235
189	1.60618
190	1.58942
191	1.57269
192	1.55655
193	1.54126
194	1.52646
195	1.51188
196	1.49825
197	1.4866
198	1.47894
199	1.47594
200	1.47175
201	1.45812
202	1.44425
203	1.43112
204	1.41868
205	1.40696
206	1.39547
207	1.38367
208	1.37106
209	1.35837
210	1.34601
211	1.33408
212	1.32232
213	1.31023
214	1.29808
215	1.28595
216	1.27393
217	1.26217
218	1.25089
219	1.24014
220	1.22936
221	1.2185
222	1.20759
223	1.19661
224	1.18568
225	1.17447
226	1.16277
227	1.15134
228	1.13999
229	1.12948
230	1.11941
231	1.10959
232	1.10026
233	1.09083
234	1.08158
235	1.07215
236	1.06329
237	1.05409
238	1.04414
239	1.03392
240	1.02411
241	1.01415
242	1.00458
243	0.995418
244	0.986673
245	0.978155
246	0.969653
247	0.961447
248	0.953465
249	0.945254
250	0.936758
251	0.92776
252	0.919116
253	0.910575
254	0.901599
255	0.892616
256	0.883367
257	0.874696
258	0.866293
259	0.858185
260	0.850685
261	0.843726
262	0.837057
263	0.830209
264	0.823543
265	0.816879
266	0.810456
267	0.803933
268	0.797508
269	0.791142
270	0.784434
271	0.777288
272	0.770858
273	0.769377
274	0.776385
275	0.783022
276	0.776026
277	0.769025
278	0.762042
279	0.755225
280	0.748798
281	0.742751
282	0.736921
283	0.731197
284	0.725397
285	0.719555
286	0.713585
287	0.707639
288	0.701689
289	0.695424
290	0.689188
291	0.683117
292	0.677231
293	0.670874
294	0.664161
295	0.657166
296	0.650421
297	0.64344
298	0.63715
299	0.631182
300	0.625643
301	0.62062
302	0.616022
303	0.611479
304	0.606576
305	0.601332
306	0.596031
307	0.590961
308	0.585798
309	0.580349
310	0.574874
311	0.569993
312	0.565457
313	0.560946
314	0.556562
315	0.551987
316	0.546812
317	0.541469
318	0.536328
319	0.531915
320	0.527824
321	0.52395
322	0.520385
323	0.517207
324	0.514162
325	0.510883
326	0.507392
327	0.503803
328	0.49958
329	0.495182
330	0.490766
331	0.487128
332	0.483734
333	0.480494
334	0.476866
335	0.472925
336	0.469038
337	0.46467
338	0.460795
339	0.45697
340	0.452966
341	0.449308
342	0.445839
343	0.442745
344	0.43981
345	0.437156
346	0.434005
347	0.430583
348	0.427504
349	0.424417
350	0.421283
351	0.418203
352	0.414811
353	0.411077
354	0.407171
355	0.40386
356	0.400972
357	0.398615
358	0.396923
359	0.396173
360	0.396519
361	0.397319
362	0.398138
363	0.397779
364	0.396254
365	0.393996
366	0.391314
367	0.388274
368	0.385088
369	0.381647
370	0.378442
371	0.374993
372	0.372004
373	0.370206
374	0.369481
375	0.368762
376	0.367626
377	0.366135
378	0.364076
379	0.361867
380	0.359302
381	0.356721
382	0.353519
383	0.350129
384	0.346405
385	0.343131
386	0.340287
387	0.337938
388	0.336583
389	0.336701
390	0.337343
391	0.337507
392	0.336814
393	0.335549
394	0.333377
395	0.330839
396	0.327929
397	0.324829
398	0.322025
399	0.31973
400	0.318269
401	0.318006
402	0.318943
403	0.32053
404	0.321558
405	0.322072
406	0.321575
407	0.32002
408	0.317927
409	0.315305
410	0.312926
411	0.311
412	0.30871
413	0.306457
414	0.30427
415	0.302108
416	0.300228
417	0.298622
418	0.296979
419	0.295523
420	0.293761
421	0.291801
422	0.289791
423	0.287895
424	0.286345
425	0.284293
426	0.281747
427	0.279138
428	0.276601
429	0.274269
430	0.27192
431	0.269876
432	0.269608
433	0.273657
434	0.282933
435	0.296817
436	0.310867
437	0.31332
438	0.314139
439	0.313529
440	0.311728
441	0.309805
442	0.307709
443	0.305281
444	0.302304
445	0.299554
446	0.297045
447	0.294716
448	0.292618
449	0.29077
450	0.288908
451	0.286832
452	0.284827
453	0.282926
454	0.281037
455	0.279342
456	0.277785
457	0.276043
458	0.274043
459	0.271817
460	0.269743
461	0.268056
462	0.26658
463	0.264664
464	0.262748
465	0.260809
466	0.259021
467	0.257693
468	0.256308
469	0.254898
470	0.253361
471	0.251622
472	0.249774
473	0.247664
474	0.245305
475	0.242889
476	0.24117
477	0.239622
478	0.238097
479	0.236671
480	0.234759
481	0.233224
482	0.231788
483	0.230073
484	0.228393
485	0.226423
486	0.224162
487	0.221985
488	0.220079
489	0.21846
490	0.216719
491	0.214903
492	0.213457
493	0.211801
494	0.210124
495	0.208495
496	0.206798
497	0.204897
498	0.203529
499	0.202208
500	0.200944
501	0.199908
502	0.199355
503	0.199278
504	0.199072
505	0.198289
506	0.197197
507	0.196245
508	0.195146
509	0.193694
510	0.192196
511	0.190789
512	0.189729
513	0.188716
514	0.187601
515	0.186145
516	0.184718
517	0.183722
518	0.182367
519	0.181039
520	0.179991
521	0.1791
522	0.178089
523	0.176894
524	0.175538
525	0.174185
526	0.173541
527	0.173115
528	0.172402
529	0.171091
530	0.169895
531	0.168784
532	0.167785
533	0.166749
534	0.165701
535	0.165377
536	0.165785
537	0.16714
538	0.169074
539	0.171024
540	0.172353
541	0.173327
542	0.1736
543	0.173206
544	0.172313
545	0.171083
546	0.169568
547	0.167859
548	0.166717
549	0.166619
550	0.168395
551	0.174045
552	0.183843
553	0.196789
554	0.201964
555	0.202102
556	0.201957
557	0.201325
558	0.200272
559	0.19918
560	0.198147
561	0.196853
562	0.195724
563	0.1944
564	0.193161
565	0.191581
566	0.190019
567	0.188686
568	0.187872
569	0.187196
570	0.186283
571	0.185914
572	0.186593
573	0.190155
574	0.196814
575	0.205098
576	0.213828
577	0.215996
578	0.215053
579	0.214087
580	0.21296
581	0.21176
582	0.210594
583	0.209369
584	0.207971
585	0.206301
586	0.205295
587	0.204601
588	0.203834
589	0.202784
590	0.202031
591	0.200958
592	0.20011
593	0.199372
594	0.19856
595	0.198951
596	0.201967
597	0.208808
598	0.21956
599	0.227948
600	0.227126
601	0.226435
602	0.225616
603	0.224605
604	0.223719
605	0.222581
606	0.221412
607	0.220573
608	0.219491
609	0.218305
610	0.217019
611	0.215686
612	0.21416
613	0.212726
614	0.211531
615	0.210316
616	0.209285
617	0.208682
618	0.208436
619	0.208075
620	0.207462
621	0.20656
622	0.205064
623	0.203563
624	0.20206
625	0.20069
626	0.199411
627	0.198066
628	0.196664
629	0.195328
630	0.193968
631	0.192366
632	0.190807
633	0.189454
634	0.188315
635	0.187316
636	0.186465
637	0.185341
638	0.18414
639	0.183095
640	0.181789
641	0.180062
642	0.178379
643	0.177086
644	0.175998
645	0.175479
646	0.174889
647	0.174291
648	0.173907
649	0.173787
650	0.173101
651	0.171893
652	0.170387
653	0.168496
654	0.166752
655	0.165212
656	0.163945
657	0.162548
658	0.161682
659	0.160971
660	0.160373
661	0.159584
662	0.158769
663	0.157554
664	0.155938
665	0.154334
666	0.153016
667	0.151744
668	0.150672
669	0.149983
670	0.149206
671	0.148367
672	0.147361
673	0.146202
674	0.145036
675	0.144111
676	0.143174
677	0.14249
678	0.142006
679	0.141221
680	0.140281
681	0.139305
682	0.138247
683	0.137224
684	0.136333
685	0.135386
686	0.1342
687	0.133244
688	0.132474
689	0.131829
690	0.131807
691	0.135184
692	0.146583
693	0.165104
694	0.164533
695	0.164378
696	0.164722
697	0.165239
698	0.165827
699	0.166262
700	0.166383
701	0.166333
702	0.166053
703	0.165527
704	0.164513
705	0.16366
706	0.162479
707	0.160853
708	0.159227
709	0.157773
710	0.15688
711	0.155926
712	0.154959
713	0.153904
714	0.152797
715	0.151424
716	0.150194
717	0.149004
718	0.148251
719	0.147174
720	0.145949
721	0.144815
722	0.143563
723	0.142699
724	0.141863
725	0.141236
726	0.141093
727	0.141014
728	0.141125
729	0.142146
730	0.145019
731	0.148819
732	0.152922
733	0.155795
734	0.157365
735	0.157761
736	0.157259
737	0.156216
738	0.1546
739	0.153013
740	0.151515
741	0.149889
742	0.148251
743	0.146787
744	0.145644
745	0.144674
746	0.143784
747	0.142731
748	0.142844
749	0.147523
750	0.160816
751	0.174089
752	0.172859
753	0.172168
754	0.171561
755	0.171167
756	0.170641
757	0.170279
758	0.169753
759	0.169197
760	0.1684
761	0.167426
762	0.16669
763	0.166228
764	0.165753
765	0.16533
766	0.165177
767	0.164963
768	0.16439
769	0.163992
770	0.163549
771	0.163423
772	0.163251
773	0.163153
774	0.163522
775	0.166361
776	0.174299
777	0.188716
778	0.197948
779	0.197527
780	0.197109
781	0.196501
782	0.195854
783	0.195126
784	0.194199
785	0.193276
786	0.192191
787	0.19149
788	0.191013
789	0.190814
790	0.190548
791	0.190024
792	0.189473
793	0.188787
794	0.188211
795	0.187456
796	0.186893
797	0.186271
798	0.185695
799	0.185107
800	0.184935
801	0.184359
802	0.183784
803	0.182984
804	0.182236
805	0.181676
806	0.180847
807	0.180244
808	0.179602
809	0.178662
810	0.177654
811	0.176539
812	0.175413
813	0.174746
814	0.174308
815	0.173824
816	0.173351
817	0.172948
818	0.172749
819	0.172798
820	0.172483
821	0.172397
822	0.172311
823	0.171873
824	0.171912
825	0.173976
826	0.18202
827	0.197852
828	0.204565
829	0.204141
830	0.203718
831	0.203185
832	0.202552
833	0.202078
834	0.201588
835	0.200971
836	0.200457
837	0.200462
838	0.200784
839	0.20087
840	0.200685
841	0.200243
842	0.199719
843	0.199246
844	0.198838
845	0.198312
846	0.198174
847	0.198223
848	0.198184
849	0.197879
850	0.1972
851	0.196432
852	0.195783
853	0.195033
854	0.194506
855	0.19382
856	0.193323
857	0.193045
858	0.192792
859	0.192255
860	0.191611
861	0.191035
862	0.190696
863	0.190588
864	0.190317
865	0.189823
866	0.189186
867	0.188376
868	0.187835
869	0.187331
870	0.186799
871	0.186635
872	0.186157
873	0.185624
874	0.185055
875	0.184925
876	0.185048
877	0.185129
878	0.184684
879	0.184413
880	0.184381
881	0.18525
882	0.189222
883	0.197306
884	0.20959
885	0.219907
886	0.219587
887	0.219454
888	0.219378
889	0.219191
890	0.218628
891	0.217747
892	0.21662
893	0.215816
894	0.215154
895	0.215063
896	0.214938
897	0.214465
898	0.213673
899	0.212505
900	0.211644
901	0.210549
902	0.209767
903	0.209069
904	0.208372
905	0.207814
906	0.207234
907	0.206911
908	0.206254
909	0.205421
910	0.204314
911	0.203522
912	0.202884
913	0.202041
914	0.201475
915	0.200749
916	0.199906
917	0.198931
918	0.198159
919	0.197726
920	0.197463
921	0.197062
922	0.19641
923	0.195633
924	0.194809
925	0.194238
926	0.193857
927	0.193313
928	0.192465
929	0.191704
930	0.19092
931	0.18999
932	0.189168
933	0.188066
934	0.186583
935	0.185127
936	0.184106
937	0.183154
938	0.182214
939	0.181284
940	0.180527
941	0.179993
942	0.179585
943	0.179078
944	0.178719
945	0.178788
946	0.179747
947	0.180512
948	0.181063
949	0.181331
950	0.181498
951	0.181083
952	0.180515
953	0.179624
954	0.178146
955	0.17663
956	0.175113
957	0.173779
958	0.172677
959	0.171861
960	0.171263
961	0.170562
962	0.169898
963	0.169145
964	0.168351
965	0.167615
966	0.166757
967	0.165709
968	0.164602
969	0.164368
970	0.167807
971	0.176542
972	0.190812
973	0.195106
974	0.194423
975	0.193835
976	0.19415
977	0.195766
978	0.198892
979	0.202215
980	0.205322
981	0.207056
982	0.207578
983	0.207327
984	0.20636
985	0.204892
986	0.203426
987	0.201731
988	0.200582
989	0.19996
990	0.199549
991	0.199561
992	0.19966
993	0.199694
994	0.19949
995	0.199175
996	0.198811
997	0.198334
998	0.197925
999	0.197694
1000	0.197069
1001	0.196331
1002	0.195345
1003	0.194425
1004	0.193552
1005	0.192883
1006	0.192265
1007	0.191333
1008	0.18999
1009	0.188475
1010	0.187166
1011	0.185629
1012	0.184067
1013	0.182716
1014	0.181597
1015	0.180561
1016	0.179285
1017	0.177641
1018	0.176234
1019	0.175474
1020	0.175489
1021	0.176613
1022	0.178224
1023	0.179907
