0	9.6177e-05
1	0.000472535
2	0.000691462
3	0.000568469
4	0.000396279
5	0.0003889
6	0.000302805
7	8.63376e-05
8	-2.21723e-06
9	0.000184732
10	0.000600447
11	0.000615206
12	0.000260987
13	6.41989e-05
14	-8.83122e-05
15	-0.000100611
16	-0.000285101
17	-0.000189166
18	5.92791e-05
19	7.8958e-05
20	-0.00012767
21	-0.00029002
22	-0.000199006
23	-0.000253122
24	-0.000351517
25	-0.000538466
26	-0.000599962
27	-0.000454831
28	-0.000432692
29	-0.000752473
30	-0.00062948
31	-0.000481889
32	-0.000336758
33	-0.000336758
34	-0.00013259
35	-9.5968e-06
36	1.99215e-05
37	4.452e-05
38	-0.000139969
39	-4.15749e-05
40	0.000135535
41	0.000110936
42	0.000425798
43	0.000570929
44	0.000679163
45	0.000484834
46	0.000123235
47	-0.000171947
48	-0.000277721
49	-0.000238363
50	-0.000349057
51	-9.32319e-05
52	0.000393819
53	0.000361841
54	0.000359381
55	0.000256068
56	0.000610287
57	0.00228791
58	0.00692228
59	0.020941
60	0.0556889
61	0.124262
62	0.229205
63	0.358103
64	0.495263
65	0.628444
66	0.75219
67	0.863259
68	0.960832
69	1.04416
70	1.11394
71	1.17022
72	1.21344
73	1.24514
74	1.26721
75	1.28205
76	1.29212
77	1.30073
78	1.30944
79	1.31743
80	1.3246
81	1.33115
82	1.33592
83	1.33714
84	1.33601
85	1.33423
86	1.33261
87	1.33169
88	1.33267
89	1.33441
90	1.33531
91	1.33438
92	1.33038
93	1.32266
94	1.31239
95	1.3013
96	1.29096
97	1.28256
98	1.2766
99	1.27256
100	1.26898
101	1.26494
102	1.25925
103	1.25068
104	1.23841
105	1.22426
106	1.21079
107	1.19972
108	1.19134
109	1.18571
110	1.18126
111	1.17616
112	1.16903
113	1.15958
114	1.14817
115	1.13582
116	1.12359
117	1.1125
118	1.10276
119	1.09446
120	1.08632
121	1.07698
122	1.06591
123	1.05342
124	1.03999
125	1.02731
126	1.01713
127	1.0104
128	1.00636
129	1.003
130	0.997646
131	0.98913
132	0.976248
133	0.960141
134	0.9429
135	0.927149
136	0.914589
137	0.906307
138	0.902738
139	0.902361
140	0.902659
141	0.900519
142	0.893853
143	0.881322
144	0.86416
145	0.844279
146	0.824684
147	0.80932
148	0.800009
149	0.796765
150	0.797793
151	0.800585
152	0.801273
153	0.79753
154	0.788379
155	0.774382
156	0.756915
157	0.7385
158	0.722113
159	0.709971
160	0.703393
161	0.700958
162	0.700697
163	0.70085
164	0.699399
165	0.69516
166	0.68782
167	0.67774
168	0.666658
169	0.655077
170	0.644177
171	0.635526
172	0.629335
173	0.625512
174	0.623682
175	0.623067
176	0.622973
177	0.622668
178	0.621667
179	0.619475
180	0.615129
181	0.608546
182	0.599501
183	0.588698
184	0.577439
185	0.567745
186	0.560478
187	0.556966
188	0.556889
189	0.55913
190	0.560901
191	0.559912
192	0.555162
193	0.546337
194	0.534089
195	0.519856
196	0.506022
197	0.495577
198	0.489797
199	0.489275
200	0.492485
201	0.497585
202	0.501073
203	0.500625
204	0.494788
205	0.484375
206	0.471262
207	0.457642
208	0.445741
209	0.437542
210	0.434037
211	0.43445
212	0.436824
213	0.439313
214	0.440088
215	0.437586
216	0.431761
217	0.422992
218	0.412926
219	0.402907
220	0.39415
221	0.387464
222	0.383073
223	0.381388
224	0.381263
225	0.381238
226	0.38056
227	0.378444
228	0.37484
229	0.369394
230	0.362475
231	0.354785
232	0.347381
233	0.340294
234	0.334122
235	0.329736
236	0.327097
237	0.326032
238	0.326177
239	0.326846
240	0.327018
241	0.325102
242	0.320908
243	0.314394
244	0.306373
245	0.297532
246	0.289675
247	0.284177
248	0.281587
249	0.281516
250	0.283226
251	0.285191
252	0.286089
253	0.284027
254	0.278825
255	0.27115
256	0.262363
257	0.253405
258	0.246296
259	0.241974
260	0.241356
261	0.243929
262	0.247496
263	0.250413
264	0.251668
265	0.249629
266	0.244052
267	0.236375
268	0.228223
269	0.221166
270	0.216167
271	0.214165
272	0.214596
273	0.216918
274	0.219611
275	0.221181
276	0.220905
277	0.218241
278	0.213476
279	0.206987
280	0.200077
281	0.194255
282	0.189741
283	0.186772
284	0.185793
285	0.18645
286	0.18749
287	0.188164
288	0.188142
289	0.18658
290	0.183619
291	0.179454
292	0.174249
293	0.168978
294	0.16454
295	0.161335
296	0.159214
297	0.158459
298	0.158998
299	0.159906
300	0.160371
301	0.160006
302	0.158599
303	0.155628
304	0.151053
305	0.145916
306	0.141041
307	0.137393
308	0.135159
309	0.134638
310	0.135204
311	0.136603
312	0.137691
313	0.13771
314	0.135831
315	0.132677
316	0.128766
317	0.124351
318	0.120058
319	0.117694
320	0.116514
321	0.116076
322	0.116319
323	0.117114
324	0.117862
325	0.1175
326	0.115808
327	0.113614
328	0.11064
329	0.10712
330	0.103568
331	0.100596
332	0.098852
333	0.0982173
334	0.0987979
335	0.0992529
336	0.0998335
337	0.0998753
338	0.098943
339	0.0965569
340	0.093856
341	0.0908698
342	0.0877826
343	0.0851973
344	0.0834385
345	0.082826
346	0.0833278
347	0.0839502
348	0.084484
349	0.0845504
350	0.083901
351	0.0817658
352	0.0790551
353	0.0760565
354	0.0732867
355	0.0709941
356	0.0697986
357	0.0696437
358	0.0707949
359	0.0720297
360	0.0727554
361	0.0727013
362	0.0718108
363	0.0700766
364	0.0675675
365	0.0641631
366	0.0615532
367	0.0597526
368	0.0587662
369	0.0586579
370	0.0595066
371	0.0609899
372	0.0620206
373	0.0622149
374	0.0614769
375	0.0597206
376	0.0575117
377	0.0547542
378	0.0525329
379	0.0510176
380	0.0503879
381	0.0505281
382	0.0514727
383	0.0529806
384	0.0542032
385	0.0545623
386	0.0535119
387	0.0515932
388	0.0491457
389	0.0461225
390	0.0433872
391	0.0415816
392	0.0412742
393	0.0414291
394	0.0418448
395	0.0425877
396	0.043124
397	0.0433576
398	0.0428288
399	0.0414439
400	0.0396236
401	0.0376409
402	0.0357321
403	0.0344973
404	0.033902
405	0.0337273
406	0.0339684
407	0.034485
408	0.035127
409	0.0355009
410	0.0355648
411	0.0346424
412	0.0331271
413	0.0315602
414	0.0299145
415	0.0281434
416	0.026852
417	0.0263478
418	0.0265396
419	0.0270242
420	0.0278753
421	0.0286846
422	0.0291569
423	0.0287879
424	0.0275998
425	0.0259665
426	0.0237846
427	0.021492
428	0.0196274
429	0.0189583
430	0.0194774
431	0.0209262
432	0.0224194
433	0.0235115
434	0.0243553
435	0.0247907
436	0.0242175
437	0.0226727
438	0.0211156
439	0.0198218
440	0.0191035
441	0.0187222
442	0.0190223
443	0.0195635
444	0.0201907
445	0.0201563
446	0.0199398
447	0.0193027
448	0.0187001
449	0.0179203
450	0.0171258
451	0.0165526
452	0.0162943
453	0.0165108
454	0.0165846
455	0.0166116
456	0.0165354
457	0.0165206
458	0.01625
459	0.0157286
460	0.0150496
461	0.0143141
462	0.013554
463	0.0130129
464	0.0124742
465	0.0119601
466	0.0114828
467	0.0113845
468	0.0115935
469	0.0116575
470	0.0113771
471	0.0111483
472	0.0108974
473	0.0102086
474	0.00931817
475	0.0082629
476	0.00753232
477	0.00683864
478	0.00660741
479	0.00643522
480	0.00660987
481	0.0065656
482	0.00635897
483	0.00580304
484	0.00494209
485	0.00380564
486	0.00260523
487	0.00153519
488	0.0010998
489	0.00110226
490	0.00113916
491	0.0013507
492	0.00170984
493	0.00162621
494	0.00104322
495	0.000243768
496	-0.00080413
497	-0.00195042
498	-0.00289747
499	-0.00332056
500	-0.00343126
501	-0.00319757
502	-0.00281629
503	-0.00282613
504	-0.0030549
505	-0.00332548
506	-0.00393799
507	-0.0046907
508	-0.00560331
509	-0.00619613
510	-0.00670286
511	-0.00683078
512	-0.00695377
513	-0.00699559
514	-0.00720467
515	-0.00756381
516	-0.00836081
517	-0.00865353
518	-0.0091209
519	-0.00965961
520	-0.00999415
521	-0.0100679
522	-0.0104566
523	-0.0108723
524	-0.0114332
525	-0.0119128
526	-0.0123113
527	-0.0124811
528	-0.0125057
529	-0.0124688
530	-0.0124122
531	-0.0126533
532	-0.0131108
533	-0.0137184
534	-0.0142226
535	-0.0146457
536	-0.0150123
537	-0.0151033
538	-0.0147245
539	-0.0141833
540	-0.0136667
541	-0.0136372
542	-0.0140382
543	-0.0146482
544	-0.0155706
545	-0.0165324
546	-0.017049
547	-0.0168202
548	-0.0159445
549	-0.0145227
550	-0.0130517
551	-0.0113864
552	-0.0103754
553	-0.0101344
554	-0.0108502
555	-0.0117406
556	-0.0125007
557	-0.0131157
558	-0.0131895
559	-0.0127664
560	-0.0120678
561	-0.0111798
562	-0.010769
563	-0.0106067
564	-0.0107075
565	-0.0111109
566	-0.0116423
567	-0.0124171
568	-0.012668
569	-0.012299
570	-0.0119178
571	-0.011657
572	-0.0112561
573	-0.0108034
574	-0.0105796
575	-0.0106632
576	-0.0106386
577	-0.0109461
578	-0.0112216
579	-0.0115193
580	-0.0118095
581	-0.0120949
582	-0.0123138
583	-0.0125007
584	-0.0125253
585	-0.0123113
586	-0.0120358
587	-0.0118932
588	-0.0117825
589	-0.0115955
590	-0.0118218
591	-0.0123507
592	-0.0124343
593	-0.0122867
594	-0.0117751
595	-0.0109756
596	-0.00994495
597	-0.00851086
598	-0.00700542
599	-0.00543604
600	-0.00447177
601	-0.0037289
602	-0.00352473
603	-0.00373382
604	-0.00432664
605	-0.00510642
606	-0.00570908
607	-0.00610266
608	-0.00610512
609	-0.00552951
610	-0.00479894
611	-0.00390355
612	-0.00333778
613	-0.00302784
614	-0.00361575
615	-0.00415445
616	-0.00516791
617	-0.00592555
618	-0.00656265
619	-0.00706692
620	-0.00700297
621	-0.00687505
622	-0.00645442
623	-0.00618875
624	-0.00600672
625	-0.00619613
626	-0.00671516
627	-0.00756873
628	-0.00853792
629	-0.00909384
630	-0.00981212
631	-0.0101786
632	-0.0101663
633	-0.0103803
634	-0.0105575
635	-0.0107444
636	-0.0107567
637	-0.0111601
638	-0.0114922
639	-0.0120358
640	-0.0123777
641	-0.012823
642	-0.0131698
643	-0.0135978
644	-0.0138586
645	-0.0140136
646	-0.0140406
647	-0.0139176
648	-0.0140529
649	-0.0143997
650	-0.0151894
651	-0.0157404
652	-0.0163824
653	-0.0170293
654	-0.0176787
655	-0.0180502
656	-0.017937
657	-0.0174967
658	-0.0170343
659	-0.0170638
660	-0.0171031
661	-0.0174401
662	-0.0182101
663	-0.019012
664	-0.0195482
665	-0.0200402
666	-0.0202862
667	-0.0203157
668	-0.0200181
669	-0.0196614
670	-0.0194572
671	-0.0195704
672	-0.019718
673	-0.0201484
674	-0.0209036
675	-0.0215727
676	-0.0221508
677	-0.0223795
678	-0.0224951
679	-0.0225517
680	-0.0223943
681	-0.0222393
682	-0.0221114
683	-0.0220622
684	-0.0221237
685	-0.022414
686	-0.0229625
687	-0.0233881
688	-0.0234299
689	-0.0228272
690	-0.0219564
691	-0.0209823
692	-0.0198311
693	-0.0188004
694	-0.0174573
695	-0.0162471
696	-0.015396
697	-0.0149114
698	-0.0147023
699	-0.0151746
700	-0.0153173
701	-0.0152828
702	-0.015396
703	-0.0150737
704	-0.014781
705	-0.0143333
706	-0.0141365
707	-0.0140455
708	-0.0140824
709	-0.0146531
710	-0.0153739
711	-0.015947
712	-0.0164119
713	-0.0167046
714	-0.0167046
715	-0.0164095
716	-0.0160848
717	-0.0154476
718	-0.0151303
719	-0.0150295
720	-0.0151131
721	-0.0156198
722	-0.0163332
723	-0.0169974
724	-0.0172409
725	-0.0171868
726	-0.0166677
727	-0.0156617
728	-0.0142891
729	-0.0133322
730	-0.012518
731	-0.0120801
732	-0.0117554
733	-0.0116546
734	-0.0121367
735	-0.012914
736	-0.0137085
737	-0.0142005
738	-0.0144366
739	-0.014262
740	-0.0139545
741	-0.0133592
742	-0.0128992
743	-0.0122302
744	-0.00859695
745	0.000622586
746	0.0136992
747	-0.0227239
748	-0.0237669
749	-0.024495
750	-0.0244999
751	-0.0241531
752	-0.0236955
753	-0.0232749
754	-0.0230929
755	-0.023147
756	-0.0236119
757	-0.0244507
758	-0.0253953
759	-0.026089
760	-0.0266301
761	-0.0270729
762	-0.0271738
763	-0.0271393
764	-0.0269327
765	-0.026667
766	-0.026576
767	-0.0267753
768	-0.0271147
769	-0.027405
770	-0.0278158
771	-0.0281651
772	-0.0283939
773	-0.0282364
774	-0.0276928
775	-0.0266818
776	-0.025447
777	-0.023885
778	-0.0221926
779	-0.0209061
780	-0.0198262
781	-0.0190882
782	-0.0191202
783	-0.0192653
784	-0.0197622
785	-0.0202985
786	-0.0205986
787	-0.0208347
788	-0.020419
789	-0.0196958
790	-0.0188939
791	-0.0187512
792	-0.0189013
793	-0.0191596
794	-0.0197229
795	-0.0204633
796	-0.0212504
797	-0.0216908
798	-0.0219982
799	-0.021617
800	-0.0209897
801	-0.0202665
802	-0.0194252
803	-0.0190366
804	-0.0191768
805	-0.0199664
806	-0.0207068
807	-0.0214325
808	-0.0219392
809	-0.0222516
810	-0.0224558
811	-0.0224238
812	-0.0222393
813	-0.0218851
814	-0.0216366
815	-0.0212652
816	-0.0212308
817	-0.0214079
818	-0.0219171
819	-0.0221409
820	-0.0221508
821	-0.0219023
822	-0.0214817
823	-0.0207929
824	-0.0201263
825	-0.0193514
826	-0.018916
827	-0.0184216
828	-0.0181068
829	-0.0177353
830	-0.0180231
831	-0.0181363
832	-0.0183478
833	-0.0187955
834	-0.0190735
835	-0.0191522
836	-0.0190317
837	-0.0186086
838	-0.0181879
839	-0.0178411
840	-0.0176935
841	-0.017691
842	-0.0182224
843	-0.0186725
844	-0.0191866
845	-0.0194695
846	-0.019868
847	-0.019991
848	-0.0199836
849	-0.0196909
850	-0.0194302
851	-0.0192875
852	-0.0192949
853	-0.0195999
854	-0.0200919
855	-0.0207511
856	-0.0216514
857	-0.0221827
858	-0.0226083
859	-0.0228272
860	-0.0228002
861	-0.0227952
862	-0.0228321
863	-0.0229822
864	-0.0231126
865	-0.0234545
866	-0.0239538
867	-0.0244163
868	-0.0246401
869	-0.0249968
870	-0.0254322
871	-0.0260103
872	-0.026089
873	-0.0260816
874	-0.0260053
875	-0.0259143
876	-0.0257987
877	-0.0252871
878	-0.0245762
879	-0.0238308
880	-0.0226968
881	-0.021494
882	-0.0203329
883	-0.0192752
884	-0.0181928
885	-0.0167219
886	-0.0154304
887	-0.0146285
888	-0.0138733
889	-0.013524
890	-0.0136421
891	-0.0140972
892	-0.0147072
893	-0.0153148
894	-0.0154132
895	-0.0155141
896	-0.0153345
897	-0.0148794
898	-0.0146507
899	-0.0149508
900	-0.0150467
901	-0.0154181
902	-0.0160036
903	-0.0166308
904	-0.0172507
905	-0.0177304
906	-0.0178239
907	-0.0179223
908	-0.0178042
909	-0.0175631
910	-0.0176025
911	-0.0177968
912	-0.0179444
913	-0.0181732
914	-0.0184856
915	-0.0193539
916	-0.0200304
917	-0.0203797
918	-0.0204436
919	-0.0205986
920	-0.0205961
921	-0.0206773
922	-0.0204805
923	-0.0207978
924	-0.0213956
925	-0.02174
926	-0.0219687
927	-0.022564
928	-0.0229551
929	-0.0233536
930	-0.0236439
931	-0.0241506
932	-0.024495
933	-0.0245073
934	-0.0241457
935	-0.0240227
936	-0.0244286
937	-0.0249648
938	-0.0255626
939	-0.0260841
940	-0.0266769
941	-0.0269548
942	-0.0269155
943	-0.0266277
944	-0.0263546
945	-0.0262144
946	-0.026244
947	-0.0260201
948	-0.0261972
949	-0.0266154
950	-0.0266301
951	-0.0268023
952	-0.0267925
953	-0.0270114
954	-0.0272377
955	-0.0275083
956	-0.0274296
957	-0.0273632
958	-0.0269917
959	-0.0263866
960	-0.026057
961	-0.0258848
962	-0.0260004
963	-0.0265022
964	-0.0270951
965	-0.0275354
966	-0.0280692
967	-0.0281307
968	-0.0280126
969	-0.0277051
970	-0.0272746
971	-0.0269155
972	-0.0266572
973	-0.0266474
974	-0.0266941
975	-0.0267802
976	-0.0267827
977	-0.0264432
978	-0.0259389
979	-0.0252379
980	-0.0245417
981	-0.0236685
982	0.0126168
983	0.00306768
984	-0.00837556
985	-0.0201238
986	-0.0225222
987	-0.0222245
988	-0.0219736
989	-0.0218703
990	-0.0215284
991	-0.0214817
992	-0.0216883
993	-0.0217867
994	-0.0219712
995	-0.0219835
996	-0.0216293
997	-0.021093
998	-0.0207757
999	-0.0208126
1000	-0.0207757
1001	-0.0211225
1002	-0.0217375
1003	-0.0222516
1004	-0.0224213
1005	-0.0226403
1006	-0.0228321
1007	-0.0230437
1008	-0.0231691
1009	-0.0232257
1010	-0.0233216
1011	-0.0234102
1012	-0.0236045
1013	-0.0239243
1014	-0.0243548
1015	-0.0248541
1016	-0.0248541
1017	-0.0249919
1018	-0.0251223
1019	-0.025292
1020	-0.0256339
1021	-0.0258922
1022	-0.0260324
1023	-0.0262931
