0	-0.000403183
1	-0.000682201
2	-0.000403183
3	1.53439e-05
4	-0.000403183
5	-0.000751955
6	-0.000682201
7	-0.000124165
8	-0.000193919
9	-5.44105e-05
10	-0.000193919
11	-0.000472937
12	-0.000263674
13	-0.000542692
14	-0.000403183
15	-0.000682201
16	-0.000124165
17	0.000364116
18	-0.000263674
19	-0.000403183
20	-0.00082171
21	-0.000263674
22	-0.000612446
23	-0.00117048
24	-0.00103097
25	-0.000961219
26	-0.000612446
27	-5.44105e-05
28	0.000154853
29	1.53439e-05
30	1.53439e-05
31	-0.000472937
32	-0.00082171
33	-5.44105e-05
34	0.000433871
35	0.000294362
36	-0.000403183
37	0.000154853
38	0.000712889
39	0.000643134
40	0.000643134
41	0.000154853
42	0.000503625
43	0.000922152
44	0.000991906
45	0.00154994
46	0.00196847
47	0.00175921
48	0.00141043
49	0.0016197
50	0.00175921
51	0.00154994
52	0.0016197
53	0.00224749
54	0.0025265
55	0.0016197
56	0.00182896
57	0.00182896
58	0.00273577
59	0.00301479
60	0.00266601
61	0.0016197
62	0.00224749
63	0.00127092
64	0.00189871
65	0.00141043
66	0.0032938
67	0.0278474
68	0.128503
69	0.339929
70	0.620621
71	0.898313
72	1.13039
73	1.31119
74	1.44784
75	1.54822
76	1.61378
77	1.6435
78	1.64043
79	1.61302
80	1.56705
81	1.50608
82	1.43584
83	1.36086
84	1.28559
85	1.21228
86	1.14134
87	1.07807
88	1.02394
89	0.984669
90	0.959069
91	0.940375
92	0.923146
93	0.903126
94	0.881782
95	0.858065
96	0.832326
97	0.8054
98	0.775894
99	0.744574
100	0.713952
101	0.683539
102	0.653963
103	0.626271
104	0.601578
105	0.578698
106	0.557005
107	0.537194
108	0.520663
109	0.505526
110	0.492203
111	0.480624
112	0.469881
113	0.460186
114	0.450141
115	0.439678
116	0.429284
117	0.41903
118	0.407172
119	0.396011
120	0.384293
121	0.37383
122	0.363018
123	0.353322
124	0.342091
125	0.332744
126	0.323676
127	0.31405
128	0.305121
129	0.295774
130	0.287055
131	0.278545
132	0.270663
133	0.262571
134	0.256223
135	0.249318
136	0.242621
137	0.236274
138	0.229647
139	0.22302
140	0.216115
141	0.210255
142	0.204047
143	0.198188
144	0.193375
145	0.187794
146	0.183818
147	0.179075
148	0.173983
149	0.169309
150	0.164427
151	0.159265
152	0.154173
153	0.150127
154	0.144895
155	0.141338
156	0.135827
157	0.133177
158	0.130247
159	0.126341
160	0.122644
161	0.119156
162	0.11511
163	0.112041
164	0.10953
165	0.107437
166	0.104647
167	0.102485
168	0.100392
169	0.0981599
170	0.0951604
171	0.0925098
172	0.0893708
173	0.0873479
174	0.0851158
175	0.0836509
176	0.080791
177	0.0783496
178	0.0761175
179	0.0747921
180	0.0719322
181	0.0699093
182	0.0683747
183	0.0665611
184	0.0647475
185	0.0625851
186	0.0607715
187	0.0586788
188	0.056935
189	0.0551214
190	0.0533775
191	0.0520522
192	0.0511454
193	0.0500293
194	0.0482854
195	0.0466811
196	0.0454255
197	0.0441002
198	0.0427748
199	0.0409612
200	0.0408217
201	0.0396359
202	0.0392871
203	0.0397754
204	0.0400544
205	0.0406822
206	0.040752
207	0.0408217
208	0.0406124
209	0.0403334
210	0.0394266
211	0.0380315
212	0.0371945
213	0.0364272
214	0.0347531
215	0.0334975
216	0.0329395
217	0.0318234
218	0.0306376
219	0.0304283
220	0.0291727
221	0.0297307
222	0.029103
223	0.0287542
224	0.0284054
225	0.0274288
226	0.0272196
227	0.0265918
228	0.0257547
229	0.0248479
230	0.0239411
231	0.0239411
232	0.022546
233	0.0221275
234	0.0211509
235	0.0206627
236	0.0196163
237	0.0193373
238	0.018849
239	0.0175935
240	0.0160589
241	0.0168959
242	0.0172447
243	0.0170354
244	0.0166867
245	0.0159194
246	0.0165472
247	0.0171749
248	0.0164774
249	0.0150823
250	0.014036
251	0.013757
252	0.0119434
253	0.0115248
254	0.0108273
255	0.0113156
256	0.0101297
257	0.00901367
258	0.00838588
259	0.00908342
260	0.00873465
261	0.00824637
262	0.00678153
263	0.00643275
264	0.00706054
265	0.00726981
266	0.00643275
267	0.00573521
268	0.00496791
269	0.00468889
270	0.00364258
271	0.00301479
272	0.00294503
273	0.0025265
274	0.00127092
275	0.000224607
276	0.00148019
277	0.00127092
278	0.000782643
279	0.000643134
280	1.53439e-05
281	-0.000193919
282	-0.00103097
283	-0.00117048
284	-0.00130999
285	-0.000682201
286	-0.000961219
287	-0.000333428
288	-0.000263674
289	-0.000961219
290	-0.000612446
291	-0.000751955
292	-0.0014495
293	-0.000891464
294	-0.000472937
295	-0.00179827
296	-0.00312361
297	-0.00277483
298	-0.00284459
299	-0.00228655
300	-0.00242606
301	-0.00249582
302	-0.00256557
303	-0.00277483
304	-0.0037514
305	-0.00361189
306	-0.00465821
307	-0.00458845
308	-0.00389091
309	-0.00465821
310	-0.00479771
311	-0.0045187
312	-0.00591379
313	-0.00633231
314	-0.00612305
315	-0.0061928
316	-0.00647182
317	-0.00751814
318	-0.00779716
319	-0.00814593
320	-0.00800642
321	-0.00779716
322	-0.00842495
323	-0.00793666
324	-0.00793666
325	-0.00758789
326	-0.00968053
327	-0.00982004
328	-0.00988979
329	-0.00905274
330	-0.00954102
331	-0.00982004
332	-0.00933175
333	-0.00988979
334	-0.0109361
335	-0.0113546
336	-0.0106571
337	-0.0106571
338	-0.00940151
339	-0.00988979
340	-0.0110059
341	-0.0105176
342	-0.0109361
343	-0.0117732
344	-0.0118429
345	-0.0109361
346	-0.0117732
347	-0.0117732
348	-0.0121917
349	-0.0117034
350	-0.0125405
351	-0.0125405
352	-0.0130985
353	-0.0130985
354	-0.0130985
355	-0.0134473
356	-0.0142843
357	-0.0138658
358	-0.0135868
359	-0.0137263
360	-0.0133078
361	-0.0149819
362	-0.0142146
363	-0.0150516
364	-0.0148424
365	-0.0152609
366	-0.0152609
367	-0.0152609
368	-0.0165862
369	-0.0159584
370	-0.0160979
371	-0.0165862
372	-0.017214
373	-0.0174233
374	-0.0170745
375	-0.0171443
376	-0.0170047
377	-0.0172838
378	-0.0174233
379	-0.017772
380	-0.0183301
381	-0.0173535
382	-0.017493
383	-0.0174233
384	-0.017493
385	-0.017772
386	-0.0180511
387	-0.0181906
388	-0.0179116
389	-0.017493
390	-0.0170047
391	-0.0179116
392	-0.0188881
393	-0.0178418
394	-0.0179116
395	-0.0185393
396	-0.0186789
397	-0.0183998
398	-0.0185393
399	-0.0181906
400	-0.0178418
401	-0.0181906
402	-0.0183998
403	-0.0179813
404	-0.0170745
405	-0.0163072
406	-0.0156794
407	-0.0159584
408	-0.0165165
409	-0.0160282
410	-0.0163072
411	-0.0152609
412	-0.0150516
413	-0.0161677
414	-0.0150516
415	-0.0156097
416	-0.0160282
417	-0.0164467
418	-0.0160979
419	-0.016377
420	-0.0162374
421	-0.0161677
422	-0.0165165
423	-0.0164467
424	-0.0162374
425	-0.0162374
426	-0.017772
427	-0.0170745
428	-0.0170745
429	-0.0172838
430	-0.017214
431	-0.0179116
432	-0.0170047
433	-0.0174233
434	-0.016377
435	-0.0161677
436	-0.0164467
437	-0.0174233
438	-0.0172838
439	-0.0171443
440	-0.0174233
441	-0.0167257
442	-0.0170047
443	-0.016935
444	-0.0165862
445	-0.0167257
446	-0.0171443
447	-0.0179813
448	-0.017772
449	-0.0174233
450	-0.0170047
451	-0.0168652
452	-0.0170745
453	-0.0174233
454	-0.0175628
455	-0.0179116
456	-0.0173535
457	-0.0170745
458	-0.0170047
459	-0.017493
460	-0.0173535
461	-0.0188184
462	-0.0179813
463	-0.017493
464	-0.0179116
465	-0.0172838
466	-0.0167257
467	-0.0167257
468	-0.0179813
469	-0.0180511
470	-0.0188881
471	-0.0188184
472	-0.0188184
473	-0.0189579
474	-0.0202135
475	-0.0201437
476	-0.0187486
477	-0.0188184
478	-0.0184696
479	-0.0185393
480	-0.0185393
481	-0.0193066
482	-0.0197949
483	-0.0193066
484	-0.0192369
485	-0.0197252
486	-0.0193066
487	-0.0197949
488	-0.0196554
489	-0.020353
490	-0.0191671
491	-0.0187486
492	-0.0191671
493	-0.0195159
494	-0.0198647
495	-0.0192369
496	-0.0200739
497	-0.0198647
498	-0.0187486
499	-0.0190974
500	-0.0179813
501	-0.0183998
502	-0.0190276
503	-0.0183998
504	-0.0187486
505	-0.0179813
506	-0.0179116
507	-0.0188184
508	-0.0190974
509	-0.0183998
510	-0.0179813
511	-0.0187486
512	-0.0186091
513	-0.0188881
514	-0.0184696
515	-0.0180511
516	-0.0187486
517	-0.0187486
518	-0.0185393
519	-0.0183998
520	-0.0187486
521	-0.0187486
522	-0.0186091
523	-0.0193066
524	-0.0192369
525	-0.0197949
526	-0.0191671
527	-0.0193066
528	-0.0199344
529	-0.0196554
530	-0.0192369
531	-0.0191671
532	-0.0193764
533	-0.0193764
534	-0.020353
535	-0.0204227
536	-0.0198647
537	-0.0192369
538	-0.0202135
539	-0.0200739
540	-0.0195857
541	-0.020353
542	-0.0204227
543	-0.0199344
544	-0.0194462
545	-0.0190276
546	-0.0199344
547	-0.0200042
548	-0.0190276
549	-0.0194462
550	-0.0185393
551	-0.0184696
552	-0.0172838
553	-0.0179813
554	-0.0183301
555	-0.0184696
556	-0.0180511
557	-0.0176325
558	-0.0182603
559	-0.0188184
560	-0.0194462
561	-0.017772
562	-0.0183998
563	-0.0187486
564	-0.017772
565	-0.0175628
566	-0.0174233
567	-0.0182603
568	-0.0174233
569	-0.0164467
570	-0.0171443
571	-0.0170745
572	-0.0168652
573	-0.016656
574	-0.0164467
575	-0.0158887
576	-0.0167257
577	-0.0170745
578	-0.0168652
579	-0.017772
580	-0.0177023
581	-0.0172838
582	-0.0177023
583	-0.017772
584	-0.0171443
585	-0.0179813
586	-0.0179813
587	-0.0179813
588	-0.0184696
589	-0.0182603
590	-0.0183998
591	-0.0180511
592	-0.0190276
593	-0.0180511
594	-0.0183998
595	-0.0191671
596	-0.0193764
597	-0.0195857
598	-0.0194462
599	-0.0193764
600	-0.0191671
601	-0.0195159
602	-0.0186789
603	-0.0197252
604	-0.0191671
605	-0.0187486
606	-0.0196554
607	-0.0189579
608	-0.0193066
609	-0.0193066
610	-0.0198647
611	-0.0190974
612	-0.0191671
613	-0.0179116
614	-0.0191671
615	-0.0197949
616	-0.0193764
617	-0.0186091
618	-0.0190974
619	-0.0192369
620	-0.0190974
621	-0.0188184
622	-0.0189579
623	-0.0182603
624	-0.0190974
625	-0.0187486
626	-0.0186091
627	-0.0195857
628	-0.0194462
629	-0.0187486
630	-0.0187486
631	-0.0195159
632	-0.0181208
633	-0.0181208
634	-0.017493
635	-0.0179116
636	-0.0179813
637	-0.0178418
638	-0.016656
639	-0.0160979
640	-0.016935
641	-0.0167955
642	-0.0163072
643	-0.0168652
644	-0.0175628
645	-0.0174233
646	-0.0167955
647	-0.0172838
648	-0.0176325
649	-0.0180511
650	-0.0179813
651	-0.0179116
652	-0.0171443
653	-0.0181208
654	-0.017772
655	-0.017214
656	-0.0157492
657	-0.016377
658	-0.0165862
659	-0.0160979
660	-0.0161677
661	-0.016656
662	-0.0159584
663	-0.0162374
664	-0.0157492
665	-0.0163072
666	-0.0155399
667	-0.0167257
668	-0.0167257
669	-0.017214
670	-0.0172838
671	-0.017772
672	-0.0175628
673	-0.0167257
674	-0.0167257
675	-0.016377
676	-0.0161677
677	-0.0156097
678	-0.0147028
679	-0.0144238
680	-0.0142146
681	-0.0133775
682	-0.0138658
683	-0.0143541
684	-0.0142843
685	-0.0142146
686	-0.0140751
687	-0.0140751
688	-0.0146331
689	-0.0151214
690	-0.0154701
691	-0.0156097
692	-0.0156794
693	-0.0154701
694	-0.0155399
695	-0.0155399
696	-0.0158887
697	-0.016377
698	-0.0157492
699	-0.0155399
700	-0.0154004
701	-0.0160979
702	-0.0158189
703	-0.0157492
704	-0.0167955
705	-0.0154701
706	-0.0151911
707	-0.0162374
708	-0.0170745
709	-0.016935
710	-0.0172838
711	-0.0170745
712	-0.016656
713	-0.0171443
714	-0.017214
715	-0.0173535
716	-0.0167955
717	-0.0181208
718	-0.0181208
719	-0.0179813
720	-0.0177023
721	-0.0172838
722	-0.0167257
723	-0.0175628
724	-0.0174233
725	-0.0173535
726	-0.0170047
727	-0.0171443
728	-0.0176325
729	-0.017493
730	-0.0165862
731	-0.0173535
732	-0.0163072
733	-0.0154004
734	-0.0154701
735	-0.0157492
736	-0.0154004
737	-0.0158189
738	-0.0149121
739	-0.0148424
740	-0.0153306
741	-0.0163072
742	-0.016656
743	-0.0152609
744	-0.0148424
745	-0.0160979
746	-0.0165165
747	-0.0165165
748	-0.0170047
749	-0.0173535
750	-0.0176325
751	-0.0170745
752	-0.0162374
753	-0.016656
754	-0.0165862
755	-0.0152609
756	-0.0155399
757	-0.0155399
758	-0.0167955
759	-0.016656
760	-0.0162374
761	-0.0174233
762	-0.0170047
763	-0.0177023
764	-0.0172838
765	-0.0172838
766	-0.0174233
767	-0.0181906
768	-0.0179813
769	-0.0179116
770	-0.017772
771	-0.0173535
772	-0.0161677
773	-0.0153306
774	-0.0154701
775	-0.0147726
776	-0.0142146
777	-0.0144238
778	-0.0147028
779	-0.0157492
780	-0.0159584
781	-0.0155399
782	-0.0156097
783	-0.0157492
784	-0.0160282
785	-0.0164467
786	-0.0164467
787	-0.0170745
788	-0.0171443
789	-0.017214
790	-0.0178418
791	-0.0170745
792	-0.0174233
793	-0.0178418
794	-0.017493
795	-0.0175628
796	-0.0179116
797	-0.0181906
798	-0.0176325
799	-0.017493
800	-0.0178418
801	-0.0191671
802	-0.0186789
803	-0.0179116
804	-0.0181906
805	-0.0176325
806	-0.0183301
807	-0.0177023
808	-0.0175628
809	-0.0170047
810	-0.017493
811	-0.0183301
812	-0.0179813
813	-0.0179116
814	-0.0183301
815	-0.0183998
816	-0.0179813
817	-0.0170047
818	-0.0168652
819	-0.016377
820	-0.0165165
821	-0.0162374
822	-0.0165862
823	-0.0165165
824	-0.0157492
825	-0.0153306
826	-0.0151214
827	-0.0144238
828	-0.0143541
829	-0.0140751
830	-0.0142843
831	-0.0144238
832	-0.0143541
833	-0.0145633
834	-0.0147028
835	-0.0147028
836	-0.0152609
837	-0.0163072
838	-0.0160979
839	-0.0163072
840	-0.0160282
841	-0.0167257
842	-0.0167955
843	-0.0163072
844	-0.0156794
845	-0.0151214
846	-0.0150516
847	-0.0157492
848	-0.0160979
849	-0.0157492
850	-0.0156794
851	-0.0165165
852	-0.0159584
853	-0.0170047
854	-0.0164467
855	-0.0164467
856	-0.0173535
857	-0.0164467
858	-0.0161677
859	-0.0164467
860	-0.0172838
861	-0.0164467
862	-0.0165165
863	-0.0160282
864	-0.0162374
865	-0.0167955
866	-0.0160979
867	-0.0160979
868	-0.0170745
869	-0.017493
870	-0.0171443
871	-0.0172838
872	-0.0177023
873	-0.016656
874	-0.0160282
875	-0.016377
876	-0.016935
877	-0.016935
878	-0.0167955
879	-0.0167955
880	-0.0171443
881	-0.0177023
882	-0.0178418
883	-0.0171443
884	-0.0170745
885	-0.0172838
886	-0.0176325
887	-0.0179813
888	-0.0176325
889	-0.017493
890	-0.0173535
891	-0.0167257
892	-0.0168652
893	-0.017772
894	-0.0178418
895	-0.0182603
896	-0.017772
897	-0.0183301
898	-0.0175628
899	-0.0184696
900	-0.0187486
901	-0.0179813
902	-0.0178418
903	-0.017493
904	-0.0178418
905	-0.0177023
906	-0.017493
907	-0.017493
908	-0.0177023
909	-0.0175628
910	-0.0176325
911	-0.0181906
912	-0.0173535
913	-0.0178418
914	-0.0174233
915	-0.0171443
916	-0.0168652
917	-0.0175628
918	-0.0170047
919	-0.0163072
920	-0.0161677
921	-0.0165862
922	-0.0167955
923	-0.0165165
924	-0.0160282
925	-0.0156097
926	-0.0156794
927	-0.0151214
928	-0.0147726
929	-0.0148424
930	-0.0153306
931	-0.0145633
932	-0.0140751
933	-0.0140053
934	-0.0143541
935	-0.0144238
936	-0.0143541
937	-0.0146331
938	-0.0143541
939	-0.0141448
940	-0.0145633
941	-0.0145633
942	-0.0152609
943	-0.0155399
944	-0.0149121
945	-0.0149819
946	-0.0152609
947	-0.0153306
948	-0.0153306
949	-0.0161677
950	-0.0160979
951	-0.0164467
952	-0.016377
953	-0.0167257
954	-0.016377
955	-0.0164467
956	-0.0172838
957	-0.0165862
958	-0.017214
959	-0.0167955
960	-0.0167955
961	-0.0174233
962	-0.017493
963	-0.017493
964	-0.017493
965	-0.0167257
966	-0.0168652
967	-0.017214
968	-0.0168652
969	-0.017214
970	-0.0160979
971	-0.0159584
972	-0.0165862
973	-0.0163072
974	-0.0154004
975	-0.0147028
976	-0.0151911
977	-0.0156794
978	-0.0160979
979	-0.0162374
980	-0.0164467
981	-0.0154701
982	-0.0142843
983	-0.0125405
984	-0.0117732
985	-0.0109361
986	-0.00919225
987	-0.00842495
988	-0.00863421
989	-0.00842495
990	-0.00737863
991	-0.00661133
992	-0.00758789
993	-0.00814593
994	-0.00835519
995	-0.009262
996	-0.00961077
997	-0.0105176
998	-0.0105176
999	-0.0105176
1000	-0.0116337
1001	-0.0116337
1002	-0.0119824
1003	-0.0121219
1004	-0.0122614
1005	-0.0124707
1006	-0.0130287
1007	-0.0126102
1008	-0.012959
1009	-0.0127497
1010	-0.0133078
1011	-0.0134473
1012	-0.012959
1013	-0.0130287
1014	-0.0136565
1015	-0.0133775
1016	-0.0139355
1017	-0.0133775
1018	-0.0140751
1019	-0.0140751
1020	-0.0135868
1021	-0.013238
1022	-0.0142843
1023	-0.0138658
