0	0.00159542
1	0.00117232
2	0.00104687
3	0.000820562
4	0.000424526
5	0.000333511
6	0.000326131
7	0.000734467
8	0.000741847
9	0.000660672
10	0.000323672
11	0.000107204
12	0.000404847
13	0.000655752
14	0.000837781
15	0.00105671
16	0.00106901
17	0.000316292
18	-0.000652891
19	-0.000758665
20	-0.000306051
21	-3.30075e-05
22	-1.82483e-05
23	-0.000488081
24	-0.000473322
25	-0.000126482
26	-1.08688e-05
27	-0.00016584
28	-0.000229796
29	-0.000156
30	-0.000192898
31	-0.000308511
32	-0.000522519
33	-0.000596314
34	-0.000574176
35	-0.000923475
36	-0.00117684
37	-0.00128753
38	-0.00129983
39	-0.0011916
40	-0.000620913
41	4.07882e-05
42	0.00034335
43	0.000151482
44	-0.000219956
45	-0.000517599
46	-0.000426584
47	-6.99053e-05
48	2.11094e-05
49	0.000163781
50	0.000279394
51	-2.07082e-05
52	8.81008e-06
53	0.000166241
54	0.000136723
55	8.81008e-06
56	0.000702489
57	0.00208985
58	0.0032386
59	0.00403313
60	0.00502937
61	0.0121162
62	0.0422421
63	0.129717
64	0.317586
65	0.62921
66	1.04575
67	1.50842
68	1.9554
69	2.34294
70	2.65013
71	2.87131
72	3.01089
73	3.0813
74	3.10014
75	3.08351
76	3.04441
77	2.99195
78	2.93279
79	2.87311
80	2.8167
81	2.76454
82	2.71929
83	2.68108
84	2.64825
85	2.62022
86	2.59585
87	2.57388
88	2.55251
89	2.53095
90	2.5092
91	2.4939
92	2.48976
93	2.48627
94	2.47345
95	2.4519
96	2.42767
97	2.40417
98	2.38167
99	2.35977
100	2.33848
101	2.31651
102	2.29369
103	2.27031
104	2.24664
105	2.22331
106	2.20049
107	2.17824
108	2.15665
109	2.13738
110	2.11913
111	2.10039
112	2.081
113	2.06116
114	2.04123
115	2.02153
116	2.00214
117	1.98249
118	1.96202
119	1.94271
120	1.92455
121	1.90729
122	1.89046
123	1.87305
124	1.85463
125	1.83503
126	1.81561
127	1.79656
128	1.77731
129	1.7583
130	1.73938
131	1.72024
132	1.70219
133	1.68575
134	1.66951
135	1.6537
136	1.63875
137	1.62415
138	1.60989
139	1.59503
140	1.57986
141	1.56376
142	1.54716
143	1.53128
144	1.51586
145	1.50099
146	1.48691
147	1.47353
148	1.45994
149	1.44531
150	1.4304
151	1.41586
152	1.40211
153	1.38897
154	1.37521
155	1.36065
156	1.34572
157	1.33145
158	1.31724
159	1.30401
160	1.29136
161	1.27964
162	1.26827
163	1.25783
164	1.24739
165	1.23639
166	1.22457
167	1.21212
168	1.19952
169	1.18668
170	1.17457
171	1.163
172	1.15281
173	1.14387
174	1.13719
175	1.13408
176	1.13432
177	1.1367
178	1.13765
179	1.13663
180	1.13224
181	1.12447
182	1.1161
183	1.10702
184	1.09714
185	1.08677
186	1.07694
187	1.06738
188	1.05735
189	1.04579
190	1.03468
191	1.02349
192	1.01323
193	1.00428
194	0.994632
195	0.984177
196	0.97436
197	0.966112
198	0.959003
199	0.951633
200	0.945565
201	0.940281
202	0.934252
203	0.927509
204	0.920546
205	0.913235
206	0.906047
207	0.899607
208	0.893994
209	0.88783
210	0.881483
211	0.875297
212	0.869046
213	0.862053
214	0.854966
215	0.847087
216	0.838522
217	0.830608
218	0.823531
219	0.815633
220	0.806681
221	0.798955
222	0.792013
223	0.785017
224	0.777997
225	0.771668
226	0.765344
227	0.758188
228	0.751091
229	0.744152
230	0.737717
231	0.730851
232	0.723676
233	0.717177
234	0.710816
235	0.704307
236	0.698113
237	0.692377
238	0.686075
239	0.679603
240	0.673908
241	0.668248
242	0.662308
243	0.656822
244	0.651711
245	0.645895
246	0.639463
247	0.631712
248	0.624089
249	0.617551
250	0.611526
251	0.605495
252	0.598952
253	0.592128
254	0.585897
255	0.580699
256	0.575536
257	0.57058
258	0.565726
259	0.562123
260	0.559031
261	0.556453
262	0.553137
263	0.548975
264	0.544653
265	0.540818
266	0.537
267	0.532676
268	0.528292
269	0.526915
270	0.52933
271	0.535891
272	0.542264
273	0.537807
274	0.533694
275	0.529879
276	0.52595
277	0.521921
278	0.51727
279	0.511691
280	0.506719
281	0.502764
282	0.498486
283	0.494095
284	0.490152
285	0.486445
286	0.482571
287	0.47895
288	0.475164
289	0.470892
290	0.467005
291	0.463517
292	0.459953
293	0.456027
294	0.45291
295	0.449606
296	0.446182
297	0.443039
298	0.439056
299	0.434941
300	0.431113
301	0.428097
302	0.425032
303	0.421598
304	0.417279
305	0.412925
306	0.409294
307	0.405902
308	0.402399
309	0.398963
310	0.395986
311	0.392833
312	0.389694
313	0.386435
314	0.38354
315	0.380568
316	0.377633
317	0.374645
318	0.371668
319	0.36863
320	0.366365
321	0.364213
322	0.362043
323	0.35947
324	0.3567
325	0.354166
326	0.351618
327	0.348701
328	0.34596
329	0.342959
330	0.339516
331	0.336502
332	0.334065
333	0.332402
334	0.330456
335	0.328092
336	0.325917
337	0.323802
338	0.32163
339	0.319458
340	0.317465
341	0.315643
342	0.313633
343	0.31154
344	0.3089
345	0.306059
346	0.303764
347	0.301939
348	0.299924
349	0.297637
350	0.295373
351	0.292727
352	0.290392
353	0.288387
354	0.286336
355	0.283741
356	0.281298
357	0.279451
358	0.278169
359	0.276583
360	0.275591
361	0.275156
362	0.274465
363	0.273353
364	0.27183
365	0.269921
366	0.268202
367	0.266313
368	0.264224
369	0.261927
370	0.260355
371	0.260655
372	0.262434
373	0.26479
374	0.265998
375	0.266551
376	0.266615
377	0.26663
378	0.265882
379	0.264335
380	0.261814
381	0.259189
382	0.256719
383	0.254328
384	0.251923
385	0.250051
386	0.24992
387	0.252117
388	0.255548
389	0.259012
390	0.261641
391	0.263186
392	0.263794
393	0.263381
394	0.26232
395	0.264608
396	0.273456
397	0.284506
398	0.282526
399	0.280088
400	0.27687
401	0.273643
402	0.270475
403	0.267651
404	0.265208
405	0.262884
406	0.260586
407	0.258643
408	0.257199
409	0.255733
410	0.253657
411	0.251883
412	0.250247
413	0.248243
414	0.24642
415	0.244799
416	0.242959
417	0.24072
418	0.238895
419	0.237341
420	0.23536
421	0.23337
422	0.231648
423	0.230377
424	0.228925
425	0.227012
426	0.224805
427	0.223096
428	0.221772
429	0.220146
430	0.218296
431	0.216424
432	0.215175
433	0.214666
434	0.215814
435	0.217556
436	0.220267
437	0.22356
438	0.226793
439	0.228839
440	0.229602
441	0.228945
442	0.227946
443	0.226699
444	0.225236
445	0.223019
446	0.220572
447	0.218466
448	0.216838
449	0.215192
450	0.213091
451	0.211399
452	0.210007
453	0.209306
454	0.209047
455	0.208772
456	0.208145
457	0.207475
458	0.2075
459	0.20799
460	0.2078
461	0.206627
462	0.205655
463	0.20474
464	0.203704
465	0.203163
466	0.202101
467	0.201011
468	0.199872
469	0.199503
470	0.199383
471	0.198507
472	0.196992
473	0.195725
474	0.194952
475	0.194052
476	0.192382
477	0.190338
478	0.188621
479	0.187118
480	0.185479
481	0.183662
482	0.18225
483	0.181342
484	0.181224
485	0.180461
486	0.178388
487	0.176944
488	0.176181
489	0.175219
490	0.174228
491	0.173301
492	0.17209
493	0.170966
494	0.169909
495	0.168792
496	0.16736
497	0.165847
498	0.164524
499	0.163875
500	0.164057
501	0.166
502	0.16979
503	0.174508
504	0.179421
505	0.18346
506	0.184584
507	0.183349
508	0.181856
509	0.180838
510	0.1796
511	0.178437
512	0.177286
513	0.176294
514	0.175406
515	0.174105
516	0.172912
517	0.171638
518	0.169626
519	0.168054
520	0.166494
521	0.165193
522	0.16384
523	0.162859
524	0.161705
525	0.161117
526	0.160795
527	0.160229
528	0.159754
529	0.159324
530	0.158957
531	0.158593
532	0.158288
533	0.157865
534	0.157668
535	0.157863
536	0.158109
537	0.15926
538	0.162686
539	0.1675
540	0.172474
541	0.176887
542	0.180255
543	0.181743
544	0.181236
545	0.179876
546	0.178243
547	0.176708
548	0.175564
549	0.175428
550	0.177064
551	0.182692
552	0.192775
553	0.206024
554	0.2064
555	0.205933
556	0.205874
557	0.205503
558	0.204711
559	0.204105
560	0.203424
561	0.202103
562	0.200829
563	0.20002
564	0.200108
565	0.200401
566	0.202816
567	0.2121
568	0.228153
569	0.227464
570	0.226901
571	0.22589
572	0.224348
573	0.222862
574	0.22132
575	0.219416
576	0.218114
577	0.21716
578	0.216191
579	0.214798
580	0.213025
581	0.211377
582	0.210194
583	0.209242
584	0.207928
585	0.206878
586	0.205909
587	0.204283
588	0.202462
589	0.201144
590	0.200138
591	0.198927
592	0.199446
593	0.202949
594	0.210012
595	0.219445
596	0.221494
597	0.220065
598	0.219005
599	0.218373
600	0.21807
601	0.217386
602	0.216454
603	0.215263
604	0.214353
605	0.213261
606	0.211788
607	0.21043
608	0.209325
609	0.209205
610	0.209955
611	0.211136
612	0.212395
613	0.213332
614	0.214744
615	0.215979
616	0.215876
617	0.215241
618	0.214043
619	0.212754
620	0.211596
621	0.210762
622	0.210061
623	0.208983
624	0.20738
625	0.205778
626	0.204487
627	0.203633
628	0.202322
629	0.201031
630	0.199601
631	0.198084
632	0.197176
633	0.196627
634	0.196278
635	0.195476
636	0.195061
637	0.194423
638	0.193639
639	0.192453
640	0.191688
641	0.190517
642	0.189381
643	0.188468
644	0.187349
645	0.186139
646	0.185138
647	0.184072
648	0.182801
649	0.181782
650	0.180924
651	0.179854
652	0.179276
653	0.179332
654	0.179254
655	0.178513
656	0.177079
657	0.175433
658	0.174135
659	0.173667
660	0.173239
661	0.172851
662	0.171894
663	0.171087
664	0.170324
665	0.170061
666	0.170036
667	0.170536
668	0.170674
669	0.170423
670	0.170393
671	0.170305
672	0.169857
673	0.168917
674	0.167766
675	0.166723
676	0.165471
677	0.164192
678	0.163353
679	0.162463
680	0.161882
681	0.160814
682	0.159009
683	0.156957
684	0.154992
685	0.153819
686	0.153826
687	0.154254
688	0.154751
689	0.155656
690	0.157194
691	0.161129
692	0.167279
693	0.175266
694	0.183576
695	0.19082
696	0.195666
697	0.196792
698	0.197009
699	0.196731
700	0.1957
701	0.194519
702	0.193218
703	0.192325
704	0.191292
705	0.18914
706	0.186348
707	0.183074
708	0.180552
709	0.178848
710	0.177984
711	0.17699
712	0.175522
713	0.173763
714	0.171881
715	0.17059
716	0.169262
717	0.168083
718	0.166935
719	0.165405
720	0.163646
721	0.16246
722	0.161393
723	0.160062
724	0.158974
725	0.157823
726	0.157297
727	0.158259
728	0.160721
729	0.163156
730	0.165326
731	0.167203
732	0.167869
733	0.168155
734	0.168115
735	0.16816
736	0.167734
737	0.16648
738	0.164957
739	0.163501
740	0.161801
741	0.160556
742	0.158955
743	0.157139
744	0.155764
745	0.154685
746	0.153597
747	0.152928
748	0.152921
749	0.154065
750	0.157026
751	0.16157
752	0.16706
753	0.171672
754	0.17321
755	0.172122
756	0.171109
757	0.169921
758	0.168583
759	0.167316
760	0.166334
761	0.166054
762	0.165801
763	0.164782
764	0.16325
765	0.162022
766	0.162207
767	0.162969
768	0.164061
769	0.165028
770	0.165619
771	0.166283
772	0.166413
773	0.165965
774	0.165208
775	0.165906
776	0.169638
777	0.176476
778	0.184183
779	0.188849
780	0.187861
781	0.186731
782	0.185339
783	0.183662
784	0.182114
785	0.181106
786	0.18087
787	0.180471
788	0.179878
789	0.179131
790	0.178661
791	0.179379
792	0.18067
793	0.182119
794	0.183546
795	0.184515
796	0.184919
797	0.18562
798	0.186717
799	0.187061
800	0.186857
801	0.186097
802	0.184911
803	0.183753
804	0.183098
805	0.182176
806	0.181362
807	0.180164
808	0.178577
809	0.176577
810	0.174737
811	0.173055
812	0.172066
813	0.171252
814	0.17042
815	0.169591
816	0.168826
817	0.168101
818	0.167493
819	0.166679
820	0.166278
821	0.166799
822	0.170364
823	0.179044
824	0.192099
825	0.191228
826	0.189769
827	0.188505
828	0.188043
829	0.18731
830	0.186156
831	0.184808
832	0.183925
833	0.183179
834	0.182577
835	0.182852
836	0.183878
837	0.185066
838	0.186227
839	0.186254
840	0.185216
841	0.184272
842	0.183566
843	0.183086
844	0.181787
845	0.179736
846	0.177507
847	0.176161
848	0.175478
849	0.174735
850	0.173527
851	0.17245
852	0.171173
853	0.170054
854	0.168974
855	0.16814
856	0.167055
857	0.166366
858	0.165734
859	0.164622
860	0.163264
861	0.162069
862	0.161666
863	0.161717
864	0.161238
865	0.160163
866	0.158908
867	0.158556
868	0.158554
869	0.158623
870	0.157941
871	0.156719
872	0.155445
873	0.154335
874	0.153482
875	0.152709
876	0.151856
877	0.15065
878	0.149302
879	0.148582
880	0.148614
881	0.151056
882	0.158478
883	0.172127
884	0.176813
885	0.175938
886	0.175109
887	0.174659
888	0.175045
889	0.175456
890	0.175064
891	0.174855
892	0.175126
893	0.175072
894	0.174673
895	0.174142
896	0.173667
897	0.172804
898	0.171876
899	0.170868
900	0.170137
901	0.169515
902	0.169077
903	0.168573
904	0.168027
905	0.166927
906	0.166231
907	0.165557
908	0.164903
909	0.164002
910	0.162672
911	0.161614
912	0.160728
913	0.159922
914	0.159653
915	0.159181
916	0.158736
917	0.158261
918	0.157794
919	0.157437
920	0.156975
921	0.156096
922	0.155604
923	0.155031
924	0.15436
925	0.154052
926	0.153614
927	0.152992
928	0.152203
929	0.151526
930	0.150586
931	0.150149
932	0.149981
933	0.149108
934	0.148119
935	0.146865
936	0.145534
937	0.144434
938	0.143546
939	0.143197
940	0.142976
941	0.142673
942	0.142666
943	0.143099
944	0.144065
945	0.145379
946	0.146919
947	0.148557
948	0.149238
949	0.149297
950	0.14928
951	0.148992
952	0.148063
953	0.14716
954	0.146405
955	0.145706
956	0.144968
957	0.144139
958	0.143305
959	0.14257
960	0.141731
961	0.14026
962	0.138961
963	0.137672
964	0.137087
965	0.137035
966	0.136939
967	0.136179
968	0.135682
969	0.136145
970	0.137957
971	0.141096
972	0.144732
973	0.147462
974	0.149197
975	0.150884
976	0.154143
977	0.157622
978	0.160994
979	0.163213
980	0.164406
981	0.164745
982	0.164691
983	0.164826
984	0.164563
985	0.16382
986	0.16216
987	0.15987
988	0.157845
989	0.156276
990	0.155545
991	0.15495
992	0.154367
993	0.153922
994	0.153944
995	0.154138
996	0.154522
997	0.154554
998	0.154254
999	0.153777
1000	0.153337
1001	0.15269
1002	0.151939
1003	0.15096
1004	0.149871
1005	0.148724
1006	0.147354
1007	0.145758
1008	0.1444
1009	0.143418
1010	0.142014
1011	0.140393
1012	0.138676
1013	0.13752
1014	0.137035
1015	0.137948
1016	0.139561
1017	0.141168
1018	0.14224
1019	0.144356
1020	0.148272
1021	0.155002
1022	0.163048
1023	0.171338
