0	-8.09824e-05
1	4.93899e-05
2	0.000189602
3	0.000361791
4	0.000347032
5	0.000315054
6	0.000317514
7	0.000297835
8	0.000228959
9	1.00322e-05
10	-0.000267931
11	-0.000344187
12	-0.000322048
13	-0.000199055
14	-0.000159698
15	-0.00012034
16	-0.000194136
17	-0.000169537
18	-0.000226114
19	-8.8362e-05
20	1.00322e-05
21	6.90687e-05
22	1.92777e-07
23	-0.0001228
24	-0.000167077
25	-0.00029745
26	-0.000351567
27	-0.000415523
28	-0.000568034
29	-0.000477019
30	-0.000324508
31	-0.00028515
32	-7.36029e-05
33	1.74118e-05
34	-2.26708e-06
35	-5.3924e-05
36	-0.000243333
37	-0.000110501
38	0.000142864
39	0.000196981
40	0.000295375
41	0.000588098
42	0.000824244
43	0.000666814
44	0.000196981
45	-7.18679e-06
46	0.000130565
47	0.000290456
48	0.000169923
49	-4.40846e-05
50	-6.62233e-05
51	1.00322e-05
52	9.8587e-05
53	0.000435587
54	0.000514303
55	0.000403609
56	0.000465105
57	0.00154252
58	0.00589155
59	0.0198857
60	0.0559496
61	0.129485
62	0.243506
63	0.38591
64	0.540487
65	0.694917
66	0.841878
67	0.976787
68	1.0964
69	1.19883
70	1.28423
71	1.35322
72	1.40655
73	1.44528
74	1.47203
75	1.4896
76	1.50114
77	1.5094
78	1.5159
79	1.52073
80	1.52383
81	1.52517
82	1.52515
83	1.52443
84	1.52383
85	1.52353
86	1.5225
87	1.52134
88	1.52064
89	1.52075
90	1.52015
91	1.51774
92	1.51262
93	1.50441
94	1.49423
95	1.4837
96	1.47436
97	1.4663
98	1.45938
99	1.45275
100	1.44506
101	1.43647
102	1.42664
103	1.4157
104	1.4035
105	1.39084
106	1.37852
107	1.36692
108	1.35634
109	1.34677
110	1.3379
111	1.32833
112	1.31785
113	1.30685
114	1.29572
115	1.28496
116	1.27477
117	1.2645
118	1.25407
119	1.24335
120	1.23144
121	1.21867
122	1.20564
123	1.19315
124	1.18187
125	1.17183
126	1.16287
127	1.15552
128	1.14839
129	1.14069
130	1.1309
131	1.1185
132	1.10402
133	1.08865
134	1.07416
135	1.06143
136	1.05077
137	1.0421
138	1.03504
139	1.02909
140	1.02337
141	1.01663
142	1.00827
143	0.99708
144	0.982951
145	0.967026
146	0.950983
147	0.937021
148	0.926473
149	0.919056
150	0.913435
151	0.908754
152	0.903874
153	0.898071
154	0.890099
155	0.879642
156	0.866573
157	0.85157
158	0.835517
159	0.820881
160	0.809625
161	0.802929
162	0.799392
163	0.797318
164	0.794305
165	0.789149
166	0.781358
167	0.771458
168	0.76011
169	0.748268
170	0.736965
171	0.727441
172	0.719783
173	0.714709
174	0.711745
175	0.710104
176	0.709167
177	0.708018
178	0.705452
179	0.70114
180	0.694963
181	0.687677
182	0.678989
183	0.669642
184	0.659728
185	0.650445
186	0.642544
187	0.637012
188	0.633981
189	0.632596
190	0.631347
191	0.628742
192	0.623394
193	0.615559
194	0.605577
195	0.594178
196	0.582602
197	0.572775
198	0.566065
199	0.562431
200	0.560995
201	0.560887
202	0.560333
203	0.557391
204	0.551743
205	0.54319
206	0.53265
207	0.521608
208	0.511392
209	0.503341
210	0.498091
211	0.495196
212	0.493607
213	0.492384
214	0.490655
215	0.487775
216	0.482909
217	0.475908
218	0.467166
219	0.457865
220	0.448877
221	0.441165
222	0.435136
223	0.43077
224	0.427535
225	0.425063
226	0.422953
227	0.421083
228	0.418527
229	0.414547
230	0.408666
231	0.401569
232	0.393865
233	0.386443
234	0.380205
235	0.375691
236	0.373079
237	0.37192
238	0.371119
239	0.370356
240	0.368708
241	0.365655
242	0.360967
243	0.354945
244	0.347767
245	0.340289
246	0.333463
247	0.328288
248	0.324932
249	0.323166
250	0.322271
251	0.321821
252	0.32065
253	0.317695
254	0.312783
255	0.306579
256	0.299537
257	0.293021
258	0.286972
259	0.282392
260	0.279917
261	0.279191
262	0.279398
263	0.279479
264	0.278724
265	0.276589
266	0.27223
267	0.266311
268	0.2598
269	0.253823
270	0.248583
271	0.245142
272	0.244067
273	0.244468
274	0.245604
275	0.246205
276	0.245919
277	0.243981
278	0.240318
279	0.235172
280	0.229409
281	0.224145
282	0.219697
283	0.216701
284	0.214903
285	0.214099
286	0.213914
287	0.213983
288	0.213107
289	0.211511
290	0.208625
291	0.204709
292	0.199881
293	0.195236
294	0.191404
295	0.187972
296	0.185522
297	0.183933
298	0.182935
299	0.182236
300	0.181139
301	0.180226
302	0.178613
303	0.176305
304	0.17268
305	0.168212
306	0.16375
307	0.16027
308	0.157684
309	0.156093
310	0.155694
311	0.15581
312	0.15535
313	0.15428
314	0.152332
315	0.149823
316	0.146765
317	0.143179
318	0.13956
319	0.1368
320	0.134815
321	0.133617
322	0.13331
323	0.133501
324	0.133575
325	0.132768
326	0.131317
327	0.129022
328	0.126365
329	0.123598
330	0.120614
331	0.11765
332	0.115783
333	0.114957
334	0.114315
335	0.113973
336	0.113495
337	0.113058
338	0.11186
339	0.109914
340	0.10753
341	0.105004
342	0.102207
343	0.0997276
344	0.0979664
345	0.0970095
346	0.0966454
347	0.0963576
348	0.0959813
349	0.0953712
350	0.094161
351	0.0924047
352	0.0896865
353	0.0873054
354	0.0850054
355	0.0832589
356	0.081815
357	0.0812271
358	0.0812566
359	0.0815616
360	0.0815567
361	0.0811434
362	0.0802603
363	0.0784302
364	0.0763738
365	0.0741009
366	0.0718698
367	0.0701036
368	0.0688884
369	0.0684334
370	0.0681898
371	0.0686006
372	0.0689475
373	0.0690631
374	0.0681357
375	0.0669279
376	0.0651568
377	0.0631398
378	0.0608423
379	0.0589482
380	0.0575116
381	0.0568351
382	0.0567072
383	0.0567564
384	0.0569335
385	0.0565055
386	0.0555117
387	0.0540506
388	0.0519154
389	0.0495638
390	0.0475123
391	0.046184
392	0.0457191
393	0.0456772
394	0.0456576
395	0.04597
396	0.0460979
397	0.0459749
398	0.0454755
399	0.0446589
400	0.043424
401	0.0418251
402	0.0403689
403	0.0391881
404	0.038706
405	0.03831
406	0.0380394
407	0.0376926
408	0.0374195
409	0.0372326
410	0.0366299
411	0.0361232
412	0.035213
413	0.0336313
414	0.0321825
415	0.0306303
416	0.029484
417	0.0288248
418	0.0286796
419	0.0288887
420	0.0289133
421	0.0291815
422	0.0293979
423	0.0288223
424	0.027708
425	0.0264264
426	0.0246332
427	0.0225743
428	0.0212484
429	0.0205597
430	0.0207983
431	0.0217207
432	0.0228399
433	0.0236296
434	0.0242617
435	0.0247857
436	0.0249702
437	0.024493
438	0.0237845
439	0.0232975
440	0.0230859
441	0.0226899
442	0.0227612
443	0.0230761
444	0.0231228
445	0.0226924
446	0.0219618
447	0.0213542
448	0.0211377
449	0.0206458
450	0.0202891
451	0.0201685
452	0.019898
453	0.0197356
454	0.0195536
455	0.0195364
456	0.0197676
457	0.0200923
458	0.0199373
459	0.0191256
460	0.01855
461	0.0177111
462	0.0165722
463	0.015421
464	0.0147077
465	0.0141198
466	0.0137557
467	0.0132416
468	0.013249
469	0.0131875
470	0.012789
471	0.0119698
472	0.0111212
473	0.0105727
474	0.0094116
475	0.00851129
476	0.00793569
477	0.00764788
478	0.00748061
479	0.0070403
480	0.00675496
481	0.00631218
482	0.00573412
483	0.00491252
484	0.00419917
485	0.00359896
486	0.00287576
487	0.00199268
488	0.00121536
489	0.000794726
490	0.000711091
491	0.000396229
492	8.1368e-05
493	-0.000304829
494	-0.000730384
495	-0.00148064
496	-0.00198491
497	-0.0024203
498	-0.00289998
499	-0.00341409
500	-0.00353954
501	-0.00335751
502	-0.0032173
503	-0.00335505
504	-0.00373879
505	-0.00417418
506	-0.00480882
507	-0.0052885
508	-0.00572143
509	-0.00643479
510	-0.00703007
511	-0.00751466
512	-0.00796728
513	-0.00833626
514	-0.00852075
515	-0.00847155
516	-0.00844941
517	-0.00896844
518	-0.00959816
519	-0.0102156
520	-0.0109658
521	-0.0115218
522	-0.0120457
523	-0.0123901
524	-0.0129632
525	-0.0133642
526	-0.0135905
527	-0.0134675
528	-0.0132633
529	-0.0134159
530	-0.0137406
531	-0.0140677
532	-0.0146778
533	-0.0153641
534	-0.0160725
535	-0.0164636
536	-0.0166407
537	-0.0166309
538	-0.0166481
539	-0.0166875
540	-0.0164661
541	-0.0165694
542	-0.0168892
543	-0.0174722
544	-0.0181388
545	-0.0188128
546	-0.0192703
547	-0.0191276
548	-0.0185201
549	-0.0175337
550	-0.0165448
551	-0.0154969
552	-0.0145523
553	-0.013834
554	-0.0135561
555	-0.0137135
556	-0.0139324
557	-0.0142055
558	-0.0145523
559	-0.0145917
560	-0.0145769
561	-0.0143555
562	-0.0138291
563	-0.0136053
564	-0.0135462
565	-0.0136594
566	-0.0139152
567	-0.014235
568	-0.0144933
569	-0.0143309
570	-0.0142547
571	-0.0142251
572	-0.0138513
573	-0.013379
574	-0.0127492
575	-0.0122622
576	-0.0120851
577	-0.0118809
578	-0.012031
579	-0.0124245
580	-0.0126238
581	-0.0128575
582	-0.0131084
583	-0.0136225
584	-0.0139324
585	-0.0137701
586	-0.0134823
587	-0.013406
588	-0.0135708
589	-0.0137947
590	-0.0141145
591	-0.0140456
592	-0.01347
593	-0.012582
594	-0.0113914
595	-0.0102476
596	-0.00921934
597	-0.00799926
598	-0.0065996
599	-0.00531801
600	-0.00441279
601	-0.00369697
602	-0.00337227
603	-0.00337227
604	-0.00416926
605	-0.00496871
606	-0.00538689
607	-0.00547544
608	-0.00551972
609	-0.00527128
610	-0.00491706
611	-0.00455546
612	-0.00447182
613	-0.00462188
614	-0.00488262
615	-0.00533031
616	-0.00603137
617	-0.00666847
618	-0.0073351
619	-0.00768931
620	-0.00778033
621	-0.00794022
622	-0.00805829
623	-0.00770899
624	-0.00770653
625	-0.00815423
626	-0.00897582
627	-0.00967442
628	-0.0103902
629	-0.0112709
630	-0.0120482
631	-0.0123434
632	-0.0127074
633	-0.0129165
634	-0.0131748
635	-0.0132141
636	-0.013101
637	-0.0132191
638	-0.0137922
639	-0.0147442
640	-0.0149902
641	-0.0151919
642	-0.0155559
643	-0.0160528
644	-0.0162422
645	-0.0164439
646	-0.0167293
647	-0.0170417
648	-0.0171229
649	-0.0171917
650	-0.0175091
651	-0.0180847
652	-0.0188103
653	-0.0188743
654	-0.0188743
655	-0.0191522
656	-0.01929
657	-0.0190588
658	-0.0186012
659	-0.0188398
660	-0.0195311
661	-0.020055
662	-0.0205863
663	-0.0212234
664	-0.0220327
665	-0.0226895
666	-0.0229035
667	-0.0229601
668	-0.0232799
669	-0.0230314
670	-0.0226428
671	-0.0223058
672	-0.0227043
673	-0.0231913
674	-0.0232528
675	-0.0235283
676	-0.0242835
677	-0.0248074
678	-0.0248271
679	-0.0245688
680	-0.0246697
681	-0.0249231
682	-0.0248493
683	-0.0245246
684	-0.0247927
685	-0.0253781
686	-0.0258061
687	-0.0257422
688	-0.0254445
689	-0.025142
690	-0.0247656
691	-0.0238063
692	-0.0224288
693	-0.0211324
694	-0.0199837
695	-0.0187759
696	-0.0180773
697	-0.017787
698	-0.0179567
699	-0.0179297
700	-0.0177477
701	-0.0175214
702	-0.0177108
703	-0.0175607
704	-0.0172631
705	-0.0166407
706	-0.0169728
707	-0.0168498
708	-0.0167859
709	-0.0173393
710	-0.018434
711	-0.0193539
712	-0.0197992
713	-0.0196516
714	-0.0197746
715	-0.0200673
716	-0.0199419
717	-0.0197918
718	-0.0197278
719	-0.019932
720	-0.0199
721	-0.0199566
722	-0.0202174
723	-0.0209406
724	-0.0214005
725	-0.0211595
726	-0.0206946
727	-0.0203182
728	-0.019686
729	-0.0190489
730	-0.0182249
731	-0.017632
732	-0.0173344
733	-0.0169826
734	-0.0170687
735	-0.0178633
736	-0.0189087
737	-0.0193293
738	-0.0194105
739	-0.019231
740	-0.0193367
741	-0.0184905
742	-0.0137824
743	-0.00262201
744	0.0122749
745	-0.0256881
746	-0.0261013
747	-0.0266769
748	-0.0275231
749	-0.0282955
750	-0.0287506
751	-0.0287432
752	-0.0285169
753	-0.0286301
754	-0.0282783
755	-0.0283644
756	-0.0287383
757	-0.0296214
758	-0.0303962
759	-0.0308243
760	-0.031208
761	-0.0318328
762	-0.032155
763	-0.0325019
764	-0.0324133
765	-0.0321846
766	-0.0319435
767	-0.0317393
768	-0.0314909
769	-0.0316262
770	-0.0313728
771	-0.0310998
772	-0.0301478
773	-0.0289425
774	-0.0277814
775	-0.0264605
776	-0.0248124
777	-0.0230487
778	-0.021403
779	-0.0204141
780	-0.0197008
781	-0.0192826
782	-0.0195261
783	-0.019777
784	-0.0201608
785	-0.020424
786	-0.0204953
787	-0.020729
788	-0.0205076
789	-0.0200427
790	-0.0194868
791	-0.0195507
792	-0.0199591
793	-0.0205593
794	-0.021157
795	-0.0216908
796	-0.0217375
797	-0.0219319
798	-0.021954
799	-0.0218679
800	-0.0218163
801	-0.0217671
802	-0.021772
803	-0.0215752
804	-0.0216564
805	-0.0218286
806	-0.0224435
807	-0.0231249
808	-0.0236907
809	-0.0241162
810	-0.0244065
811	-0.0244729
812	-0.0244188
813	-0.0244409
814	-0.0244163
815	-0.0243302
816	-0.0242048
817	-0.0242171
818	-0.0243868
819	-0.0248197
820	-0.0247656
821	-0.0245984
822	-0.024067
823	-0.0231298
824	-0.0220745
825	-0.0211201
826	-0.0207684
827	-0.0204806
828	-0.0200402
829	-0.0196713
830	-0.0196172
831	-0.0198361
832	-0.0200501
833	-0.0200821
834	-0.0199591
835	-0.0199369
836	-0.0198041
837	-0.0194991
838	-0.0194917
839	-0.0196368
840	-0.0198115
841	-0.020055
842	-0.0201436
843	-0.0205765
844	-0.0212997
845	-0.0218999
846	-0.0220967
847	-0.022168
848	-0.0222025
849	-0.0222271
850	-0.0220868
851	-0.0217228
852	-0.0218015
853	-0.0219171
854	-0.0219491
855	-0.0224632
856	-0.0229552
857	-0.023703
858	-0.0245098
859	-0.0247189
860	-0.0249206
861	-0.024832
862	-0.0246549
863	-0.0244237
864	-0.024682
865	-0.0253314
866	-0.025998
867	-0.0266671
868	-0.0272181
869	-0.0280102
870	-0.0286448
871	-0.0288219
872	-0.0289302
873	-0.0287924
874	-0.0286522
875	-0.0287703
876	-0.0289006
877	-0.0288146
878	-0.0284136
879	-0.0274985
880	-0.0262415
881	-0.0249083
882	-0.023393
883	-0.0218704
884	-0.020579
885	-0.0191522
886	-0.0180994
887	-0.0169753
888	-0.0160922
889	-0.01546
890	-0.0153321
891	-0.0153985
892	-0.0156986
893	-0.0160504
894	-0.0164169
895	-0.016594
896	-0.0168547
897	-0.0168744
898	-0.0169605
899	-0.0168818
900	-0.0167145
901	-0.0167957
902	-0.0171352
903	-0.0174156
904	-0.0176222
905	-0.0181634
906	-0.0187587
907	-0.0193244
908	-0.0196688
909	-0.0197524
910	-0.0197352
911	-0.0200156
912	-0.0202198
913	-0.0205002
914	-0.0205396
915	-0.021007
916	-0.0216047
917	-0.0217277
918	-0.0219245
919	-0.022259
920	-0.0226871
921	-0.022965
922	-0.0230487
923	-0.023147
924	-0.0231938
925	-0.0235898
926	-0.0239145
927	-0.0244704
928	-0.0245713
929	-0.0249501
930	-0.0254618
931	-0.0257176
932	-0.0258873
933	-0.0261431
934	-0.0262219
935	-0.026335
936	-0.0265539
937	-0.0268713
938	-0.0275502
939	-0.0279167
940	-0.0281947
941	-0.0281848
942	-0.0282537
943	-0.0282586
944	-0.0284284
945	-0.0285858
946	-0.0287408
947	-0.0288391
948	-0.0289818
949	-0.0293483
950	-0.0294566
951	-0.0299436
952	-0.0303618
953	-0.0306373
954	-0.0309128
955	-0.0309915
956	-0.0307701
957	-0.0305807
958	-0.0303077
959	-0.0300174
960	-0.0294517
961	-0.0291712
962	-0.0289818
963	-0.0291294
964	-0.0293533
965	-0.0295476
966	-0.0298551
967	-0.0300027
968	-0.0299239
969	-0.0300469
970	-0.0301675
971	-0.0305217
972	-0.0305192
973	-0.0306348
974	-0.030689
975	-0.0305389
976	-0.0299092
977	-0.0290359
978	-0.0281799
979	-0.0270435
980	-0.0265736
981	-0.0262514
982	-0.0260989
983	-0.0256881
984	-0.0252797
985	-0.024714
986	-0.0239342
987	-0.0233488
988	-0.0230462
989	-0.0226083
990	-0.0221951
991	-0.0222664
992	-0.022264
993	0.0148602
994	0.00448943
995	-0.00758846
996	-0.0204707
997	-0.022478
998	-0.022478
999	-0.0226133
1000	-0.0227461
1001	-0.0230708
1002	-0.0232971
1003	-0.0234201
1004	-0.0236956
1005	-0.0239637
1006	-0.0242318
1007	-0.0246402
1008	-0.0247755
1009	-0.0250559
1010	-0.0252109
1011	-0.025506
1012	-0.0254077
1013	-0.0255921
1014	-0.0255946
1015	-0.0256094
1016	-0.0256463
1017	-0.0257668
1018	-0.0262169
1019	-0.0266499
1020	-0.0267753
1021	-0.0268565
1022	-0.0268098
1023	-0.0268344
