0	0.000770324
1	0.000630112
2	0.000583375
3	0.000622733
4	0.000563696
5	0.000575995
6	0.000462842
7	0.00049236
8	0.000408725
9	0.00016028
10	0.000258674
11	0.000273433
12	8.40242e-05
13	5.4506e-05
14	0.000246375
15	0.000202097
16	0.000143061
17	6.18855e-05
18	-6.35671e-05
19	-0.000152122
20	-3.65087e-05
21	-6.60269e-05
22	4.71264e-05
23	0.00015536
24	0.000234075
25	5.30887e-06
26	7.41848e-05
27	5.30887e-06
28	-5.61875e-05
29	-0.000107844
30	5.94257e-05
31	0.000182418
32	4.46665e-05
33	-2.17495e-05
34	-5.37277e-05
35	-0.000129983
36	-0.000329231
37	-0.000385808
38	-0.000511261
39	-0.000513721
40	-0.000602275
41	-0.000592436
42	-0.000498961
43	-0.000479283
44	-0.000329231
45	-0.000570297
46	-0.000651472
47	-0.000417786
48	-0.000466983
49	-0.000366129
50	-0.00034891
51	-0.000363669
52	-0.000159501
53	1.02286e-05
54	0.000261134
55	0.000573535
56	0.000603054
57	0.000384127
58	-0.000309553
59	-0.000631794
60	0.000898236
61	0.0087255
62	0.0346745
63	0.0983257
64	0.217912
65	0.399314
66	0.628725
67	0.875421
68	1.10547
69	1.2939
70	1.4298
71	1.51501
72	1.55802
73	1.57084
74	1.56441
75	1.54724
76	1.52513
77	1.50222
78	1.48056
79	1.46141
80	1.445
81	1.43178
82	1.421
83	1.41183
84	1.40376
85	1.39583
86	1.38812
87	1.38085
88	1.37335
89	1.36561
90	1.35783
91	1.34987
92	1.34209
93	1.33374
94	1.325
95	1.31561
96	1.30593
97	1.29611
98	1.28669
99	1.27729
100	1.26782
101	1.25844
102	1.24923
103	1.24017
104	1.23115
105	1.22203
106	1.21315
107	1.20438
108	1.19605
109	1.18761
110	1.17929
111	1.17067
112	1.16137
113	1.15134
114	1.14052
115	1.12957
116	1.11831
117	1.10726
118	1.09659
119	1.08627
120	1.07637
121	1.06681
122	1.05738
123	1.04789
124	1.03826
125	1.02836
126	1.01854
127	1.00844
128	0.998374
129	0.988114
130	0.977999
131	0.968059
132	0.958207
133	0.948602
134	0.939303
135	0.930202
136	0.921706
137	0.913465
138	0.905166
139	0.896871
140	0.888771
141	0.880503
142	0.8721
143	0.863582
144	0.855044
145	0.846215
146	0.837446
147	0.828861
148	0.820286
149	0.811979
150	0.804154
151	0.796595
152	0.78954
153	0.782318
154	0.774862
155	0.767431
156	0.760103
157	0.75279
158	0.745081
159	0.737561
160	0.730024
161	0.722972
162	0.715867
163	0.708928
164	0.701984
165	0.695136
166	0.688514
167	0.68188
168	0.675223
169	0.668638
170	0.662112
171	0.656432
172	0.651751
173	0.64817
174	0.645496
175	0.642497
176	0.639327
177	0.635802
178	0.631723
179	0.626897
180	0.621579
181	0.615835
182	0.609791
183	0.603277
184	0.596432
185	0.589775
186	0.583254
187	0.576603
188	0.569956
189	0.563561
190	0.557664
191	0.552088
192	0.546824
193	0.54185
194	0.536524
195	0.531605
196	0.527408
197	0.524899
198	0.523212
199	0.521923
200	0.520292
201	0.518154
202	0.515338
203	0.511958
204	0.508266
205	0.504185
206	0.500086
207	0.495919
208	0.491637
209	0.487197
210	0.482759
211	0.478423
212	0.473882
213	0.469476
214	0.464684
215	0.459828
216	0.455106
217	0.450397
218	0.446134
219	0.441847
220	0.437687
221	0.43355
222	0.429198
223	0.424945
224	0.420399
225	0.416036
226	0.411866
227	0.407928
228	0.4041
229	0.400359
230	0.396768
231	0.393213
232	0.389693
233	0.386151
234	0.382525
235	0.378609
236	0.374614
237	0.370585
238	0.366883
239	0.363355
240	0.359865
241	0.356441
242	0.353022
243	0.349583
244	0.346215
245	0.342948
246	0.339756
247	0.336363
248	0.332762
249	0.329036
250	0.325562
251	0.32187
252	0.318379
253	0.315071
254	0.31192
255	0.308503
256	0.305249
257	0.301862
258	0.298674
259	0.295417
260	0.2926
261	0.289823
262	0.28677
263	0.284077
264	0.281238
265	0.278594
266	0.275807
267	0.273244
268	0.270523
269	0.268048
270	0.2661
271	0.266604
272	0.271079
273	0.278065
274	0.285511
275	0.286524
276	0.284109
277	0.281686
278	0.279543
279	0.277108
280	0.274842
281	0.272661
282	0.270818
283	0.268705
284	0.266604
285	0.264405
286	0.262258
287	0.259744
288	0.257496
289	0.255073
290	0.252389
291	0.249823
292	0.247676
293	0.245324
294	0.243233
295	0.241192
296	0.239015
297	0.237015
298	0.23504
299	0.233116
300	0.231392
301	0.229623
302	0.228019
303	0.226273
304	0.224396
305	0.22245
306	0.220573
307	0.219181
308	0.217759
309	0.216224
310	0.214972
311	0.21327
312	0.211978
313	0.210911
314	0.209624
315	0.208439
316	0.207051
317	0.205725
318	0.204407
319	0.203091
320	0.202028
321	0.201094
322	0.199935
323	0.198917
324	0.197711
325	0.196666
326	0.195357
327	0.194012
328	0.192669
329	0.191183
330	0.190118
331	0.188937
332	0.187523
333	0.185956
334	0.184182
335	0.182763
336	0.181316
337	0.179811
338	0.178431
339	0.177196
340	0.175961
341	0.174746
342	0.173597
343	0.172431
344	0.170978
345	0.169689
346	0.168562
347	0.167507
348	0.16639
349	0.165234
350	0.164169
351	0.163187
352	0.162208
353	0.16115
354	0.160053
355	0.158993
356	0.158071
357	0.157227
358	0.157352
359	0.157886
360	0.159138
361	0.160836
362	0.162272
363	0.163081
364	0.16316
365	0.16271
366	0.162474
367	0.162311
368	0.162206
369	0.161856
370	0.161677
371	0.161544
372	0.161517
373	0.161
374	0.160459
375	0.159852
376	0.158929
377	0.157962
378	0.156764
379	0.155781
380	0.154659
381	0.153535
382	0.15228
383	0.150895
384	0.149503
385	0.148246
386	0.146765
387	0.145917
388	0.145498
389	0.145528
390	0.146003
391	0.14629
392	0.146482
393	0.14632
394	0.145862
395	0.145284
396	0.144591
397	0.144022
398	0.143855
399	0.144035
400	0.144613
401	0.14523
402	0.145695
403	0.145855
404	0.14568
405	0.144906
406	0.143865
407	0.142903
408	0.141695
409	0.140426
410	0.139295
411	0.13807
412	0.136943
413	0.135784
414	0.134515
415	0.133189
416	0.132068
417	0.130815
418	0.129706
419	0.128479
420	0.127441
421	0.126341
422	0.125436
423	0.124194
424	0.123079
425	0.121874
426	0.120824
427	0.119557
428	0.118957
429	0.118
430	0.117124
431	0.116521
432	0.117215
433	0.118863
434	0.121131
435	0.123461
436	0.125453
437	0.12689
438	0.127411
439	0.127035
440	0.126093
441	0.12488
442	0.123564
443	0.122206
444	0.120757
445	0.119382
446	0.11799
447	0.116812
448	0.115685
449	0.114627
450	0.113589
451	0.112635
452	0.111424
453	0.110165
454	0.109105
455	0.108069
456	0.107206
457	0.106475
458	0.10573
459	0.104849
460	0.103998
461	0.103174
462	0.102741
463	0.10204
464	0.101496
465	0.100877
466	0.100262
467	0.0995802
468	0.0991178
469	0.0984832
470	0.0976493
471	0.0966776
472	0.0959298
473	0.0951722
474	0.0942719
475	0.093406
476	0.092855
477	0.0921761
478	0.0914652
479	0.0907371
480	0.0899204
481	0.0892661
482	0.0886782
483	0.087923
484	0.0872761
485	0.0865725
486	0.085842
487	0.0849982
488	0.0842824
489	0.0836847
490	0.0831041
491	0.0823588
492	0.08152
493	0.080787
494	0.0803245
495	0.0797489
496	0.0793037
497	0.0788683
498	0.078428
499	0.0780836
500	0.0779434
501	0.0778646
502	0.0775424
503	0.0770529
504	0.0763199
505	0.0756286
506	0.0749891
507	0.0745586
508	0.0739707
509	0.073646
510	0.0733188
511	0.0731122
512	0.0727973
513	0.0725514
514	0.0720914
515	0.0716117
516	0.071132
517	0.0705441
518	0.0697422
519	0.0687386
520	0.0678998
521	0.0671987
522	0.0665395
523	0.0660008
524	0.0654129
525	0.0650168
526	0.0645248
527	0.0639886
528	0.0636393
529	0.0634647
530	0.0629874
531	0.0623134
532	0.0614181
533	0.0607539
534	0.0601857
535	0.0599889
536	0.0600455
537	0.0603972
538	0.061177
539	0.061878
540	0.0623922
541	0.0624537
542	0.0623602
543	0.0619272
544	0.0617723
545	0.0617723
546	0.0621535
547	0.0632482
548	0.0647758
549	0.065895
550	0.0671741
551	0.0680867
552	0.0685812
553	0.0687902
554	0.0688493
555	0.0687017
556	0.0686254
557	0.0682687
558	0.0678703
559	0.0673561
560	0.0668371
561	0.0665616
562	0.0662369
563	0.0658089
564	0.0653366
565	0.0648151
566	0.0645863
567	0.0641067
568	0.0639296
569	0.0636959
570	0.0633097
571	0.0630809
572	0.0637574
573	0.0656859
574	0.0684508
575	0.0713928
576	0.0740838
577	0.0760935
578	0.0776998
579	0.0787231
580	0.0791216
581	0.0788658
582	0.0786912
583	0.0785263
584	0.0783369
585	0.0780442
586	0.0773309
587	0.0765216
588	0.075604
589	0.0749276
590	0.0741552
591	0.0734
592	0.072817
593	0.0722783
594	0.0725145
595	0.0730286
596	0.0739338
597	0.0751859
598	0.076283
599	0.0773776
600	0.0778105
601	0.0774809
602	0.0771267
603	0.0766519
604	0.0761132
605	0.0756188
606	0.0752449
607	0.0746767
608	0.0741257
609	0.0736558
610	0.0729818
611	0.072389
612	0.0717913
613	0.0712452
614	0.0707212
615	0.0702662
616	0.0699464
617	0.0697816
618	0.0697127
619	0.0694077
620	0.0691395
621	0.0686943
622	0.0683253
623	0.067917
624	0.0672381
625	0.0663574
626	0.0655236
627	0.0649037
628	0.0642985
629	0.0634105
630	0.062739
631	0.0621191
632	0.0613689
633	0.0608178
634	0.0603259
635	0.0596125
636	0.0591205
637	0.058909
638	0.058663
639	0.0583801
640	0.0578045
641	0.057256
642	0.0568476
643	0.0562081
644	0.05563
645	0.0552438
646	0.0546977
647	0.0543435
648	0.0537802
649	0.0533719
650	0.0528947
651	0.0525823
652	0.0522944
653	0.0520608
654	0.0517336
655	0.05119
656	0.0507177
657	0.05042
658	0.0502233
659	0.0499158
660	0.0494779
661	0.0491778
662	0.048922
663	0.0483907
664	0.0480217
665	0.0476109
666	0.0472788
667	0.0470845
668	0.0469836
669	0.046836
670	0.04659
671	0.0465113
672	0.0463342
673	0.0461276
674	0.045825
675	0.045274
676	0.0449272
677	0.0444967
678	0.0439039
679	0.0436481
680	0.0434144
681	0.0430233
682	0.0425633
683	0.0421869
684	0.0418499
685	0.0415892
686	0.0413579
687	0.0412448
688	0.0422287
689	0.044664
690	0.0481053
691	0.052228
692	0.0560457
693	0.0592017
694	0.0614746
695	0.0631744
696	0.064515
697	0.0656785
698	0.0668347
699	0.0676316
700	0.067826
701	0.0675111
702	0.0669921
703	0.0662861
704	0.0654202
705	0.064697
706	0.0639492
707	0.0632531
708	0.0625176
709	0.0619149
710	0.0615091
711	0.0608252
712	0.0603136
713	0.0597257
714	0.058877
715	0.0581686
716	0.0575635
717	0.0569141
718	0.0561736
719	0.0553668
720	0.0547149
721	0.054223
722	0.0538712
723	0.0534358
724	0.0529734
725	0.0525527
726	0.0520558
727	0.0521001
728	0.0530595
729	0.0551233
730	0.0578734
731	0.060321
732	0.0621363
733	0.0635975
734	0.0644314
735	0.0647733
736	0.064424
737	0.0638189
738	0.0628915
739	0.0616837
740	0.0604907
741	0.0595117
742	0.0586483
743	0.0579201
744	0.0570125
745	0.0565918
746	0.0563606
747	0.0562696
748	0.0573445
749	0.0616837
750	0.069629
751	0.079466
752	0.0884199
753	0.0887151
754	0.0884715
755	0.0881764
756	0.0879427
757	0.087736
758	0.087308
759	0.0868013
760	0.0863511
761	0.0860978
762	0.0857263
763	0.0850597
764	0.0844103
765	0.0840955
766	0.0835715
767	0.0833993
768	0.0830279
769	0.0828877
770	0.0825482
771	0.0822776
772	0.081948
773	0.0816454
774	0.0812051
775	0.0808337
776	0.0809714
777	0.0819308
778	0.0840044
779	0.0865898
780	0.0890496
781	0.0909535
782	0.0924467
783	0.0934183
784	0.0937553
785	0.0935241
786	0.0928427
787	0.0922081
788	0.0913938
789	0.0907592
790	0.0900385
791	0.0894358
792	0.088752
793	0.0884174
794	0.0880238
795	0.0877287
796	0.0874827
797	0.0873031
798	0.0871285
799	0.0869366
800	0.086452
801	0.0863019
802	0.0860683
803	0.0858297
804	0.0853795
805	0.0846735
806	0.0838888
807	0.0834731
808	0.0830549
809	0.0827278
810	0.0822014
811	0.0816971
812	0.0814388
813	0.0809222
814	0.0805754
815	0.0801843
816	0.0800244
817	0.0796923
818	0.0794857
819	0.0793406
820	0.0789667
821	0.0786838
822	0.0785928
823	0.0789322
824	0.0804672
825	0.0834165
826	0.0872687
827	0.0917013
828	0.0957576
829	0.0988767
830	0.100626
831	0.101519
832	0.101381
833	0.100832
834	0.0999714
835	0.0992383
836	0.0986234
837	0.0979395
838	0.0974598
839	0.0969826
840	0.0965226
841	0.0958855
842	0.0955141
843	0.0950418
844	0.0947589
845	0.0944711
846	0.0940652
847	0.0936446
848	0.0933322
849	0.0927984
850	0.0922597
851	0.0913865
852	0.0907592
853	0.0900606
854	0.0895096
855	0.0891505
856	0.0888184
857	0.0885749
858	0.08826
859	0.0879427
860	0.0877311
861	0.0874212
862	0.0868677
863	0.0865233
864	0.08581
865	0.0851532
866	0.0848236
867	0.0846096
868	0.0844767
869	0.0844177
870	0.0842627
871	0.084093
872	0.0838421
873	0.083788
874	0.0833673
875	0.0830869
876	0.0826983
877	0.082103
878	0.0816602
879	0.0812027
880	0.080755
881	0.0808558
882	0.0820292
883	0.0844054
884	0.0881149
885	0.0921835
886	0.0955977
887	0.0980182
888	0.0996319
889	0.100119
890	0.0999664
891	0.0992605
892	0.0982691
893	0.0971843
894	0.096284
895	0.0954108
896	0.0945917
897	0.0935905
898	0.0929977
899	0.0922154
900	0.0915783
901	0.0909265
902	0.0904173
903	0.0900754
904	0.0899155
905	0.0896277
906	0.0892095
907	0.0885183
908	0.0879673
909	0.0872613
910	0.0865381
911	0.0858124
912	0.0847129
913	0.0835936
914	0.0827253
915	0.0820046
916	0.0810625
917	0.0803712
918	0.0797932
919	0.0792028
920	0.0787625
921	0.0783222
922	0.0777835
923	0.0771414
924	0.0761427
925	0.0752941
926	0.0743913
927	0.0734492
928	0.072785
929	0.0718749
930	0.0709598
931	0.0699882
932	0.0692404
933	0.0686968
934	0.0681261
935	0.0673955
936	0.0668297
937	0.0663845
938	0.0660992
939	0.0660795
940	0.0662713
941	0.0664411
942	0.0668125
943	0.0669527
944	0.0674004
945	0.0678653
946	0.0682761
947	0.0683352
948	0.0684409
949	0.0681679
950	0.0676685
951	0.0670806
952	0.0662836
953	0.0657203
954	0.065157
955	0.0647684
956	0.0643379
957	0.0637451
958	0.0631473
959	0.0624118
960	0.0616124
961	0.0607539
962	0.0602103
963	0.0594895
964	0.0590935
965	0.0590714
966	0.0595215
967	0.0612606
968	0.063504
969	0.0659319
970	0.0677079
971	0.0686869
972	0.0691666
973	0.0689944
974	0.0686377
975	0.0680326
976	0.0674447
977	0.0669404
978	0.066783
979	0.066842
980	0.0668568
981	0.0665985
982	0.0665247
983	0.0660278
984	0.0655211
985	0.0650513
986	0.0646011
987	0.0643846
988	0.0643084
989	0.0644855
990	0.06482
991	0.0650586
992	0.0652554
993	0.0652997
994	0.0652874
995	0.0651251
996	0.0647536
997	0.064392
998	0.0642666
999	0.0640476
1000	0.0637229
1001	0.0633441
1002	0.0629161
1003	0.0624438
1004	0.0620478
1005	0.0617846
1006	0.0614476
1007	0.0611967
1008	0.0606973
1009	0.0601586
1010	0.0598634
1011	0.0594944
1012	0.0593075
1013	0.0589656
1014	0.0585548
1015	0.0582178
1016	0.0581071
1017	0.0582817
1018	0.0588278
1019	0.0596396
1020	0.0601168
1021	0.0604907
1022	0.0606604
1023	0.0609802
