0	0.000365484
1	0.000220353
2	0.000163776
3	0.000249871
4	4.57028e-05
5	-0.000128947
6	-7.23702e-05
7	-3.4943e-06
8	0.000119498
9	-6.99104e-05
10	-0.000141246
11	0.000109659
12	0.000173615
13	0.000230192
14	0.000303988
15	0.000190834
16	-2.5633e-05
17	8.80497e-06
18	8.80497e-06
19	-3.30126e-05
20	7.27612e-05
21	-0.000106808
22	-0.000148626
23	-0.000126487
24	-0.000124027
25	-0.000190443
26	-8.46695e-05
27	2.11042e-05
28	1.37247e-05
29	-0.000148626
30	-0.000355254
31	-0.000365093
32	-0.000163385
33	-0.000138786
34	-0.000104348
35	-0.000207662
36	-0.000143706
37	-7.23702e-05
38	-0.000101889
39	-8.22097e-05
40	-5.02316e-05
41	7.27612e-05
42	5.30824e-05
43	5.30824e-05
44	8.99802e-05
45	9.73598e-05
46	0.000139177
47	0.000190834
48	0.000144097
49	5.06225e-05
50	0.000158856
51	0.000372864
52	0.000419601
53	0.00043682
54	0.000395002
55	0.000650827
56	0.000921411
57	0.00122397
58	0.0013937
59	0.00193733
60	0.00339849
61	0.00910535
62	0.0285087
63	0.0831568
64	0.207168
65	0.429736
66	0.74884
67	1.1231
68	1.49047
69	1.8006
70	2.02875
71	2.17318
72	2.24536
73	2.26416
74	2.24894
75	2.21583
76	2.17531
77	2.13437
78	2.09627
79	2.0627
80	2.03384
81	2.00963
82	1.98981
83	1.97315
84	1.95851
85	1.94503
86	1.93204
87	1.91937
88	1.90669
89	1.89399
90	1.88147
91	1.86959
92	1.85811
93	1.84642
94	1.83447
95	1.82224
96	1.80938
97	1.79615
98	1.78309
99	1.77009
100	1.75773
101	1.74599
102	1.73466
103	1.72324
104	1.71111
105	1.69807
106	1.68379
107	1.66896
108	1.65375
109	1.6389
110	1.6246
111	1.61081
112	1.59755
113	1.5847
114	1.57176
115	1.55876
116	1.54576
117	1.53238
118	1.51854
119	1.50498
120	1.49166
121	1.47915
122	1.46711
123	1.45507
124	1.44326
125	1.43085
126	1.41781
127	1.40406
128	1.39006
129	1.37641
130	1.36369
131	1.35156
132	1.33951
133	1.32731
134	1.31501
135	1.30273
136	1.29031
137	1.27809
138	1.26613
139	1.25429
140	1.24259
141	1.23136
142	1.21984
143	1.20819
144	1.19654
145	1.18482
146	1.17298
147	1.16146
148	1.1502
149	1.13876
150	1.12714
151	1.11527
152	1.10351
153	1.09177
154	1.0801
155	1.06855
156	1.0575
157	1.04708
158	1.0369
159	1.02675
160	1.01688
161	1.00736
162	0.998228
163	0.989227
164	0.980409
165	0.971462
166	0.962314
167	0.952866
168	0.943213
169	0.933534
170	0.923667
171	0.91372
172	0.903907
173	0.894424
174	0.885571
175	0.878307
176	0.873617
177	0.871553
178	0.870625
179	0.869804
180	0.867949
181	0.86358
182	0.857305
183	0.849613
184	0.840935
185	0.83192
186	0.822471
187	0.813328
188	0.804096
189	0.795327
190	0.786752
191	0.778396
192	0.770519
193	0.763285
194	0.756242
195	0.749615
196	0.743082
197	0.737171
198	0.731717
199	0.726207
200	0.720596
201	0.714663
202	0.708496
203	0.701665
204	0.694586
205	0.687698
206	0.681007
207	0.674437
208	0.667847
209	0.66111
210	0.654483
211	0.647944
212	0.641704
213	0.63505
214	0.628568
215	0.622451
216	0.616564
217	0.610798
218	0.604971
219	0.599345
220	0.593951
221	0.588657
222	0.583194
223	0.577519
224	0.571802
225	0.565987
226	0.560339
227	0.555006
228	0.549688
229	0.544286
230	0.539052
231	0.533598
232	0.528186
233	0.522927
234	0.518064
235	0.513317
236	0.508493
237	0.503836
238	0.499143
239	0.494855
240	0.490715
241	0.486384
242	0.482113
243	0.478151
244	0.474188
245	0.470072
246	0.465664
247	0.461244
248	0.456546
249	0.452069
250	0.447265
251	0.442414
252	0.437597
253	0.43299
254	0.428643
255	0.424659
256	0.420659
257	0.417168
258	0.41401
259	0.41107
260	0.408197
261	0.405058
262	0.402011
263	0.399108
264	0.396011
265	0.392727
266	0.389008
267	0.385143
268	0.381318
269	0.37737
270	0.373634
271	0.370975
272	0.369573
273	0.369304
274	0.369708
275	0.369828
276	0.369285
277	0.367927
278	0.365666
279	0.362919
280	0.359814
281	0.356892
282	0.353738
283	0.350676
284	0.347631
285	0.344676
286	0.341798
287	0.338473
288	0.335085
289	0.331706
290	0.32836
291	0.325039
292	0.321679
293	0.318329
294	0.315109
295	0.312152
296	0.30924
297	0.30632
298	0.303705
299	0.301029
300	0.298488
301	0.295821
302	0.293032
303	0.290036
304	0.287167
305	0.284361
306	0.281579
307	0.27889
308	0.276381
309	0.274221
310	0.272069
311	0.2697
312	0.267658
313	0.265417
314	0.26328
315	0.261145
316	0.258545
317	0.255812
318	0.253327
319	0.250894
320	0.248604
321	0.246459
322	0.244435
323	0.242728
324	0.240937
325	0.238964
326	0.237112
327	0.2351
328	0.233255
329	0.231474
330	0.22941
331	0.227206
332	0.224933
333	0.222751
334	0.220542
335	0.218594
336	0.216788
337	0.214641
338	0.212624
339	0.210809
340	0.208934
341	0.207067
342	0.205345
343	0.203687
344	0.201978
345	0.2003
346	0.198305
347	0.196512
348	0.194603
349	0.192699
350	0.190975
351	0.189442
352	0.187897
353	0.186308
354	0.184734
355	0.183489
356	0.1822
357	0.181276
358	0.180444
359	0.179394
360	0.178316
361	0.177202
362	0.176088
363	0.174752
364	0.173547
365	0.172228
366	0.170846
367	0.169559
368	0.168423
369	0.167328
370	0.165791
371	0.164497
372	0.163262
373	0.161916
374	0.160881
375	0.159978
376	0.159006
377	0.158276
378	0.157403
379	0.156286
380	0.155297
381	0.154079
382	0.152997
383	0.151669
384	0.150232
385	0.148813
386	0.14745
387	0.146205
388	0.145723
389	0.145536
390	0.145453
391	0.145236
392	0.14472
393	0.14422
394	0.143335
395	0.142712
396	0.142597
397	0.142956
398	0.143704
399	0.144385
400	0.145062
401	0.145374
402	0.145285
403	0.144865
404	0.144166
405	0.143047
406	0.14194
407	0.14071
408	0.139529
409	0.138095
410	0.13689
411	0.135653
412	0.134273
413	0.13308
414	0.132066
415	0.131183
416	0.130192
417	0.129491
418	0.128812
419	0.127877
420	0.127112
421	0.12634
422	0.125417
423	0.124615
424	0.123604
425	0.122544
426	0.121373
427	0.120293
428	0.119356
429	0.118591
430	0.118264
431	0.120001
432	0.125378
433	0.134462
434	0.145706
435	0.148965
436	0.14899
437	0.149285
438	0.149647
439	0.149674
440	0.149467
441	0.148899
442	0.148269
443	0.147487
444	0.146633
445	0.14593
446	0.144914
447	0.14345
448	0.141977
449	0.140927
450	0.139778
451	0.138663
452	0.137623
453	0.136821
454	0.136009
455	0.135365
456	0.134816
457	0.134339
458	0.133857
459	0.133313
460	0.132915
461	0.132406
462	0.131923
463	0.131321
464	0.130738
465	0.130002
466	0.129203
467	0.128499
468	0.127975
469	0.127405
470	0.127139
471	0.126736
472	0.126128
473	0.125572
474	0.125078
475	0.12462
476	0.123917
477	0.123277
478	0.122839
479	0.122539
480	0.12203
481	0.121555
482	0.121226
483	0.120554
484	0.119799
485	0.118867
486	0.118205
487	0.117327
488	0.116589
489	0.115888
490	0.11512
491	0.114121
492	0.112773
493	0.111519
494	0.110589
495	0.10976
496	0.108747
497	0.107677
498	0.106698
499	0.105724
500	0.104767
501	0.104009
502	0.103869
503	0.103827
504	0.103847
505	0.103847
506	0.103716
507	0.10363
508	0.103168
509	0.102713
510	0.102125
511	0.101532
512	0.100917
513	0.100135
514	0.0992886
515	0.0985383
516	0.09782
517	0.0969812
518	0.096258
519	0.0955545
520	0.0949469
521	0.0943369
522	0.0936629
523	0.0931561
524	0.0927084
525	0.092246
526	0.0922681
527	0.0923518
528	0.0926617
529	0.0927429
530	0.0926912
531	0.0926543
532	0.0929249
533	0.0932373
534	0.0939138
535	0.0946616
536	0.0953602
537	0.0958226
538	0.0960907
539	0.0962137
540	0.0960883
541	0.0960145
542	0.0961522
543	0.0962433
544	0.0962826
545	0.0962556
546	0.0961203
547	0.0961006
548	0.0963835
549	0.0969935
550	0.0990377
551	0.10398
552	0.113575
553	0.126551
554	0.137857
555	0.138996
556	0.139825
557	0.140358
558	0.140307
559	0.13994
560	0.139672
561	0.1392
562	0.138479
563	0.137611
564	0.136932
565	0.13642
566	0.135862
567	0.134984
568	0.134346
569	0.133786
570	0.133813
571	0.134688
572	0.137259
573	0.141022
574	0.145236
575	0.148537
576	0.150739
577	0.151804
578	0.152003
579	0.151585
580	0.15065
581	0.149317
582	0.147935
583	0.146542
584	0.145256
585	0.143932
586	0.142892
587	0.142243
588	0.141551
589	0.140801
590	0.139962
591	0.138986
592	0.13813
593	0.138334
594	0.141893
595	0.149681
596	0.16081
597	0.171237
598	0.170494
599	0.170118
600	0.169667
601	0.169259
602	0.168925
603	0.168238
604	0.167493
605	0.166639
606	0.165766
607	0.164994
608	0.164354
609	0.163983
610	0.163803
611	0.164007
612	0.163951
613	0.163909
614	0.163855
615	0.163651
616	0.163439
617	0.163105
618	0.162263
619	0.161378
620	0.160362
621	0.159555
622	0.15907
623	0.158278
624	0.157558
625	0.156611
626	0.155713
627	0.154943
628	0.154276
629	0.153327
630	0.152485
631	0.151735
632	0.150928
633	0.150021
634	0.149224
635	0.148562
636	0.147792
637	0.147096
638	0.146205
639	0.145595
640	0.144734
641	0.144206
642	0.1435
643	0.14287
644	0.142334
645	0.141556
646	0.140981
647	0.140157
648	0.139507
649	0.138858
650	0.138334
651	0.137884
652	0.137424
653	0.136895
654	0.136199
655	0.135702
656	0.135067
657	0.13456
658	0.134071
659	0.13367
660	0.133323
661	0.132962
662	0.132671
663	0.132064
664	0.131891
665	0.131764
666	0.131577
667	0.13106
668	0.130384
669	0.129929
670	0.129405
671	0.128996
672	0.128263
673	0.127474
674	0.126706
675	0.126175
676	0.125715
677	0.125245
678	0.124482
679	0.123577
680	0.122817
681	0.121976
682	0.121282
683	0.120497
684	0.119991
685	0.1194
686	0.118948
687	0.118542
688	0.118119
689	0.117767
690	0.117681
691	0.118264
692	0.12004
693	0.122788
694	0.125614
695	0.128433
696	0.130817
697	0.132162
698	0.132858
699	0.133121
700	0.132856
701	0.131926
702	0.130718
703	0.129707
704	0.128733
705	0.127769
706	0.127105
707	0.126549
708	0.12584
709	0.125105
710	0.124192
711	0.123294
712	0.122428
713	0.121491
714	0.120552
715	0.119902
716	0.118881
717	0.118102
718	0.117373
719	0.116739
720	0.116109
721	0.115494
722	0.114877
723	0.114252
724	0.113814
725	0.113617
726	0.113374
727	0.112894
728	0.112446
729	0.111991
730	0.111807
731	0.111881
732	0.11189
733	0.111804
734	0.111558
735	0.111403
736	0.110874
737	0.110291
738	0.10979
739	0.109025
740	0.108488
741	0.10777
742	0.107426
743	0.10671
744	0.105938
745	0.104976
746	0.104171
747	0.103345
748	0.10287
749	0.103537
750	0.105433
751	0.108343
752	0.111689
753	0.114604
754	0.116471
755	0.117282
756	0.117223
757	0.116955
758	0.116269
759	0.115452
760	0.114392
761	0.113467
762	0.112557
763	0.111406
764	0.110702
765	0.110159
766	0.109772
767	0.109758
768	0.109854
769	0.110021
770	0.110205
771	0.110348
772	0.111216
773	0.114911
774	0.123056
775	0.134364
776	0.144779
777	0.144294
778	0.143709
779	0.143357
780	0.142953
781	0.142518
782	0.141864
783	0.141264
784	0.140715
785	0.140115
786	0.139574
787	0.139244
788	0.138809
789	0.138388
790	0.137955
791	0.137493
792	0.137015
793	0.136327
794	0.135731
795	0.135458
796	0.134929
797	0.134494
798	0.133933
799	0.133422
800	0.132779
801	0.132418
802	0.131943
803	0.131449
804	0.130831
805	0.13015
806	0.129486
807	0.128984
808	0.128603
809	0.128084
810	0.127356
811	0.126618
812	0.126121
813	0.125629
814	0.125176
815	0.124773
816	0.124495
817	0.123986
818	0.123496
819	0.123122
820	0.12261
821	0.12246
822	0.124005
823	0.128969
824	0.138447
825	0.150321
826	0.154453
827	0.153944
828	0.153575
829	0.153214
830	0.152813
831	0.152338
832	0.152212
833	0.152217
834	0.152244
835	0.152702
836	0.153349
837	0.153939
838	0.154259
839	0.154318
840	0.154131
841	0.153701
842	0.15343
843	0.152953
844	0.152621
845	0.152107
846	0.15145
847	0.150532
848	0.149627
849	0.149108
850	0.148665
851	0.147986
852	0.14743
853	0.146675
854	0.146092
855	0.145622
856	0.145121
857	0.144661
858	0.143955
859	0.143504
860	0.143049
861	0.142663
862	0.142038
863	0.141335
864	0.140385
865	0.139586
866	0.138946
867	0.138263
868	0.137766
869	0.13716
870	0.136782
871	0.136226
872	0.135977
873	0.135825
874	0.135512
875	0.135222
876	0.134801
877	0.134597
878	0.134238
879	0.133948
880	0.134142
881	0.136125
882	0.141573
883	0.150471
884	0.161442
885	0.167399
886	0.167188
887	0.167013
888	0.166674
889	0.166307
890	0.166184
891	0.165783
892	0.165314
893	0.164979
894	0.164851
895	0.164553
896	0.164381
897	0.163924
898	0.163643
899	0.163442
900	0.163058
901	0.162554
902	0.161924
903	0.161619
904	0.161161
905	0.160684
906	0.160067
907	0.159457
908	0.158876
909	0.158549
910	0.158185
911	0.157634
912	0.157061
913	0.156603
914	0.156155
915	0.155622
916	0.155275
917	0.155004
918	0.154394
919	0.154001
920	0.153541
921	0.153083
922	0.152409
923	0.151814
924	0.151069
925	0.150318
926	0.149324
927	0.14866
928	0.148227
929	0.147804
930	0.147312
931	0.146712
932	0.146073
933	0.145529
934	0.14517
935	0.144737
936	0.144191
937	0.143502
938	0.143012
939	0.142422
940	0.141822
941	0.141032
942	0.140491
943	0.140253
944	0.140095
945	0.139829
946	0.139571
947	0.139569
948	0.139549
949	0.139074
950	0.138558
951	0.138093
952	0.137815
953	0.137406
954	0.137097
955	0.136792
956	0.136533
957	0.136122
958	0.13581
959	0.135173
960	0.134777
961	0.134509
962	0.134152
963	0.133692
964	0.133377
965	0.13308
966	0.133136
967	0.133636
968	0.134961
969	0.136946
970	0.139121
971	0.141234
972	0.14253
973	0.143389
974	0.143854
975	0.14379
976	0.143322
977	0.142899
978	0.143726
979	0.147758
980	0.155693
981	0.165914
982	0.175689
983	0.17504
984	0.174617
985	0.174248
986	0.173579
987	0.172669
988	0.171859
989	0.171552
990	0.171261
991	0.170944
992	0.170706
993	0.170533
994	0.170514
995	0.170337
996	0.170189
997	0.169722
998	0.169126
999	0.168332
1000	0.167835
1001	0.167449
1002	0.166819
1003	0.166418
1004	0.165862
1005	0.165245
1006	0.164696
1007	0.164283
1008	0.163867
1009	0.163567
1010	0.163028
1011	0.162534
1012	0.161688
1013	0.160691
1014	0.159757
1015	0.158805
1016	0.158239
1017	0.157732
1018	0.157587
1019	0.157622
1020	0.158177
1021	0.158657
1022	0.159235
1023	0.159572
