0	5.1608e-05
1	-7.42851e-06
2	4.42284e-05
3	8.35861e-05
4	0.00018444
5	0.000147542
6	0.00019428
7	-1.23482e-05
8	-2.21876e-05
9	-0.000196837
10	-0.000341969
11	-0.000287852
12	-0.000273093
13	3.68489e-05
14	2.41091e-06
15	3.4389e-05
16	-0.000287852
17	-0.000366567
18	-0.000528918
19	-0.000772443
20	-0.000639611
21	-0.000307531
22	-0.000253414
23	-0.000164859
24	-0.000100903
25	-0.000140261
26	-0.000118122
27	-7.13847e-05
28	-0.000184538
29	-0.000238655
30	-0.00015502
31	-0.000393626
32	-0.000391166
33	-0.000273093
34	-0.000123042
35	-8.3684e-05
36	-1.97278e-05
37	0.000105725
38	0.000248396
39	0.000398448
40	0.000405827
41	0.000329572
42	0.000450105
43	0.000563258
44	0.000671492
45	0.000664112
46	0.000637054
47	0.000634594
48	0.000420586
49	0.000447645
50	0.00035909
51	0.000329572
52	0.000140163
53	-4.96866e-06
54	4.17686e-05
55	9.34256e-05
56	0.000344331
57	0.000609995
58	0.000887959
59	0.00141683
60	0.00343883
61	0.0100804
62	0.0311516
63	0.0914647
64	0.233846
65	0.497867
66	0.888372
67	1.36571
68	1.86225
69	2.31215
70	2.67122
71	2.92345
72	3.07621
73	3.14879
74	3.16229
75	3.13584
76	3.08506
77	3.02208
78	2.95569
79	2.89145
80	2.83273
81	2.78042
82	2.73442
83	2.69437
84	2.65969
85	2.62955
86	2.60369
87	2.58105
88	2.56096
89	2.5424
90	2.52429
91	2.50561
92	2.48748
93	2.47068
94	2.45479
95	2.43857
96	2.42173
97	2.40425
98	2.38607
99	2.36704
100	2.3477
101	2.32857
102	2.30962
103	2.2909
104	2.27204
105	2.25321
106	2.23458
107	2.2157
108	2.19692
109	2.17792
110	2.15892
111	2.14051
112	2.12184
113	2.10309
114	2.08428
115	2.06565
116	2.04724
117	2.02913
118	2.01094
119	1.99233
120	1.97345
121	1.95476
122	1.9364
123	1.91881
124	1.90125
125	1.88356
126	1.86565
127	1.84773
128	1.83011
129	1.81261
130	1.79458
131	1.77649
132	1.75817
133	1.74042
134	1.72328
135	1.70674
136	1.69076
137	1.67517
138	1.65984
139	1.64434
140	1.62869
141	1.61323
142	1.59758
143	1.58216
144	1.56681
145	1.55142
146	1.5364
147	1.52203
148	1.50788
149	1.49364
150	1.47947
151	1.46522
152	1.45124
153	1.43729
154	1.42331
155	1.40902
156	1.39451
157	1.37966
158	1.36503
159	1.3506
160	1.33629
161	1.3223
162	1.30842
163	1.29515
164	1.28216
165	1.26946
166	1.25705
167	1.24433
168	1.23137
169	1.21855
170	1.20591
171	1.19372
172	1.18188
173	1.17092
174	1.1619
175	1.15571
176	1.15213
177	1.15055
178	1.14767
179	1.13974
180	1.13198
181	1.12401
182	1.1156
183	1.10656
184	1.09717
185	1.0875
186	1.07799
187	1.06817
188	1.05754
189	1.0463
190	1.03487
191	1.02281
192	1.01157
193	1.00083
194	0.990456
195	0.980447
196	0.971296
197	0.963122
198	0.955481
199	0.948336
200	0.941261
201	0.934039
202	0.926222
203	0.918079
204	0.91023
205	0.902698
206	0.895205
207	0.887599
208	0.879526
209	0.871266
210	0.86338
211	0.85524
212	0.846773
213	0.838043
214	0.829461
215	0.821058
216	0.812975
217	0.804892
218	0.796875
219	0.789126
220	0.781572
221	0.774303
222	0.767121
223	0.759928
224	0.752625
225	0.745368
226	0.738222
227	0.731199
228	0.724228
229	0.717114
230	0.710131
231	0.703317
232	0.696577
233	0.690282
234	0.683867
235	0.677432
236	0.671066
237	0.664493
238	0.657878
239	0.651485
240	0.645217
241	0.63908
242	0.633149
243	0.627366
244	0.621736
245	0.615852
246	0.609887
247	0.604327
248	0.598753
249	0.593204
250	0.587827
251	0.582398
252	0.576472
253	0.570549
254	0.564638
255	0.558525
256	0.552481
257	0.546627
258	0.541955
259	0.538261
260	0.534871
261	0.531469
262	0.5279
263	0.523937
264	0.519543
265	0.515182
266	0.510629
267	0.506164
268	0.501569
269	0.497169
270	0.493927
271	0.492618
272	0.492898
273	0.493772
274	0.494342
275	0.493816
276	0.491912
277	0.488901
278	0.485098
279	0.480523
280	0.47546
281	0.470034
282	0.464681
283	0.459666
284	0.45499
285	0.450741
286	0.446594
287	0.442496
288	0.438223
289	0.433884
290	0.429655
291	0.425329
292	0.420854
293	0.416603
294	0.412498
295	0.408333
296	0.404462
297	0.400696
298	0.396846
299	0.392792
300	0.388148
301	0.383823
302	0.37961
303	0.375529
304	0.371844
305	0.368216
306	0.364459
307	0.3609
308	0.357503
309	0.354268
310	0.350916
311	0.34755
312	0.344421
313	0.341526
314	0.338481
315	0.335534
316	0.332484
317	0.330024
318	0.327402
319	0.324438
320	0.321365
321	0.318615
322	0.315934
323	0.313285
324	0.310584
325	0.307607
326	0.304838
327	0.302269
328	0.299733
329	0.297096
330	0.294666
331	0.292091
332	0.289454
333	0.286765
334	0.284089
335	0.28143
336	0.278729
337	0.276087
338	0.273344
339	0.270616
340	0.267932
341	0.265352
342	0.262794
343	0.260294
344	0.258083
345	0.255695
346	0.253532
347	0.251358
348	0.249299
349	0.247159
350	0.245085
351	0.242908
352	0.240667
353	0.238522
354	0.236734
355	0.234823
356	0.232997
357	0.231283
358	0.229654
359	0.228208
360	0.226872
361	0.225603
362	0.224253
363	0.222612
364	0.220681
365	0.218784
366	0.216755
367	0.21458
368	0.21244
369	0.210618
370	0.208822
371	0.207159
372	0.205179
373	0.203742
374	0.20233
375	0.201046
376	0.199807
377	0.198525
378	0.197334
379	0.1962
380	0.194914
381	0.193379
382	0.191652
383	0.190169
384	0.188732
385	0.187276
386	0.186152
387	0.185584
388	0.185355
389	0.18552
390	0.185869
391	0.185835
392	0.185512
393	0.184647
394	0.183714
395	0.182602
396	0.181798
397	0.181306
398	0.181294
399	0.1815
400	0.182039
401	0.182656
402	0.183055
403	0.183075
404	0.182686
405	0.181936
406	0.180686
407	0.179432
408	0.177855
409	0.176153
410	0.1743
411	0.172389
412	0.170301
413	0.168451
414	0.166739
415	0.165393
416	0.164053
417	0.162862
418	0.161755
419	0.16071
420	0.159622
421	0.158567
422	0.157564
423	0.156577
424	0.155391
425	0.154026
426	0.152612
427	0.150996
428	0.149488
429	0.148452
430	0.149763
431	0.155111
432	0.164864
433	0.176962
434	0.17711
435	0.176657
436	0.176458
437	0.176713
438	0.176763
439	0.176871
440	0.176527
441	0.175998
442	0.175356
443	0.174492
444	0.17371
445	0.172881
446	0.171641
447	0.170465
448	0.169093
449	0.167892
450	0.166798
451	0.165647
452	0.164397
453	0.163479
454	0.162682
455	0.161831
456	0.161093
457	0.160309
458	0.159777
459	0.159288
460	0.158685
461	0.157925
462	0.157217
463	0.156533
464	0.156006
465	0.155227
466	0.154071
467	0.153114
468	0.152164
469	0.151328
470	0.150789
471	0.150245
472	0.149594
473	0.148624
474	0.147554
475	0.146629
476	0.145636
477	0.144745
478	0.143931
479	0.143146
480	0.142408
481	0.141779
482	0.141051
483	0.140172
484	0.139523
485	0.138883
486	0.138077
487	0.137307
488	0.136655
489	0.135789
490	0.13498
491	0.134089
492	0.13294
493	0.131831
494	0.130815
495	0.130008
496	0.129054
497	0.128195
498	0.127632
499	0.126874
500	0.126338
501	0.125895
502	0.125507
503	0.125477
504	0.125475
505	0.125615
506	0.1259
507	0.12579
508	0.125551
509	0.125322
510	0.124941
511	0.124333
512	0.123509
513	0.12257
514	0.121716
515	0.121049
516	0.120516
517	0.120238
518	0.119719
519	0.119008
520	0.118002
521	0.116996
522	0.11598
523	0.115028
524	0.114216
525	0.113687
526	0.113535
527	0.113687
528	0.114186
529	0.114949
530	0.115864
531	0.116494
532	0.116961
533	0.117092
534	0.117092
535	0.117699
536	0.11841
537	0.119549
538	0.120648
539	0.121534
540	0.122242
541	0.122557
542	0.122759
543	0.122998
544	0.12301
545	0.122944
546	0.122675
547	0.122594
548	0.122855
549	0.123534
550	0.125546
551	0.131108
552	0.141941
553	0.156506
554	0.16453
555	0.165858
556	0.166542
557	0.16684
558	0.16683
559	0.166493
560	0.165971
561	0.165209
562	0.164318
563	0.1633
564	0.162156
565	0.161133
566	0.160215
567	0.159148
568	0.158277
569	0.157588
570	0.157475
571	0.158614
572	0.161689
573	0.166375
574	0.172109
575	0.177176
576	0.180952
577	0.183545
578	0.184487
579	0.183992
580	0.183471
581	0.182989
582	0.181377
583	0.179045
584	0.17678
585	0.17492
586	0.173457
587	0.172027
588	0.170916
589	0.169932
590	0.168967
591	0.168193
592	0.167238
593	0.166134
594	0.165944
595	0.169194
596	0.17757
597	0.189517
598	0.196493
599	0.195426
600	0.194267
601	0.193086
602	0.191908
603	0.190646
604	0.189244
605	0.187901
606	0.186553
607	0.185453
608	0.18475
609	0.184108
610	0.183633
611	0.183554
612	0.183419
613	0.183335
614	0.183092
615	0.182843
616	0.18272
617	0.182285
618	0.181424
619	0.180344
620	0.179501
621	0.178745
622	0.178005
623	0.177196
624	0.176416
625	0.175439
626	0.174674
627	0.173946
628	0.172866
629	0.171713
630	0.170679
631	0.169482
632	0.168205
633	0.166938
634	0.165895
635	0.164862
636	0.163932
637	0.163091
638	0.162407
639	0.161674
640	0.161246
641	0.160737
642	0.160289
643	0.159701
644	0.159283
645	0.158707
646	0.158191
647	0.157586
648	0.156973
649	0.156356
650	0.155583
651	0.15458
652	0.153409
653	0.152329
654	0.151443
655	0.151143
656	0.15075
657	0.150373
658	0.149813
659	0.149316
660	0.148915
661	0.148246
662	0.147613
663	0.146949
664	0.146233
665	0.145643
666	0.144942
667	0.144162
668	0.143675
669	0.143048
670	0.142371
671	0.141966
672	0.14157
673	0.141105
674	0.14047
675	0.139835
676	0.139289
677	0.138792
678	0.138244
679	0.137666
680	0.137191
681	0.136566
682	0.135978
683	0.135093
684	0.134291
685	0.133664
686	0.133009
687	0.132621
688	0.132252
689	0.132074
690	0.132193
691	0.133268
692	0.135732
693	0.139316
694	0.143331
695	0.14734
696	0.151015
697	0.153923
698	0.155478
699	0.156021
700	0.155898
701	0.155416
702	0.154668
703	0.153729
704	0.15258
705	0.151392
706	0.150213
707	0.149281
708	0.148268
709	0.147454
710	0.146563
711	0.145773
712	0.145186
713	0.144666
714	0.144192
715	0.143727
716	0.143392
717	0.142834
718	0.142184
719	0.141493
720	0.14109
721	0.140246
722	0.139289
723	0.138069
724	0.136879
725	0.13559
726	0.134493
727	0.133671
728	0.133194
729	0.132704
730	0.13251
731	0.132274
732	0.13221
733	0.132003
734	0.131499
735	0.131332
736	0.131017
737	0.130611
738	0.130062
739	0.129575
740	0.128569
741	0.127595
742	0.126589
743	0.125455
744	0.124092
745	0.122693
746	0.12207
747	0.1227
748	0.124806
749	0.128252
750	0.132259
751	0.136008
752	0.138923
753	0.140741
754	0.141658
755	0.141828
756	0.141169
757	0.140222
758	0.139134
759	0.138244
760	0.137481
761	0.136323
762	0.135211
763	0.133882
764	0.132579
765	0.131337
766	0.130254
767	0.129696
768	0.129592
769	0.129991
770	0.130795
771	0.131629
772	0.132478
773	0.133745
774	0.138145
775	0.147244
776	0.1598
777	0.167036
778	0.16605
779	0.165199
780	0.16419
781	0.16331
782	0.162486
783	0.161782
784	0.160946
785	0.160247
786	0.159416
787	0.158872
788	0.158297
789	0.157605
790	0.157013
791	0.156289
792	0.155692
793	0.154895
794	0.15411
795	0.15363
796	0.153197
797	0.152654
798	0.152026
799	0.150998
800	0.149977
801	0.149038
802	0.148295
803	0.147783
804	0.146934
805	0.146295
806	0.145687
807	0.145119
808	0.144416
809	0.143651
810	0.14276
811	0.141973
812	0.141565
813	0.141267
814	0.141114
815	0.140492
816	0.139811
817	0.139442
818	0.138977
819	0.138497
820	0.137781
821	0.137624
822	0.139378
823	0.145638
824	0.156535
825	0.169641
826	0.170338
827	0.169509
828	0.168643
829	0.167969
830	0.167423
831	0.167095
832	0.166694
833	0.166048
834	0.165647
835	0.165981
836	0.167071
837	0.16835
838	0.16988
839	0.171179
840	0.172301
841	0.172979
842	0.172952
843	0.172455
844	0.171816
845	0.171324
846	0.171098
847	0.17067
848	0.170013
849	0.169386
850	0.168712
851	0.168092
852	0.167462
853	0.166771
854	0.166065
855	0.165388
856	0.164729
857	0.164082
858	0.163293
859	0.162432
860	0.161733
861	0.161167
862	0.160813
863	0.160262
864	0.15993
865	0.160146
866	0.159819
867	0.159728
868	0.159674
869	0.159349
870	0.159126
871	0.158936
872	0.158626
873	0.15839
874	0.157888
875	0.157468
876	0.156914
877	0.156582
878	0.15611
879	0.155625
880	0.155979
881	0.158717
882	0.16558
883	0.176413
884	0.18918
885	0.188877
886	0.18854
887	0.188282
888	0.188093
889	0.187898
890	0.187515
891	0.187229
892	0.186811
893	0.186277
894	0.185935
895	0.185488
896	0.185131
897	0.18471
898	0.184152
899	0.183581
900	0.182937
901	0.182371
902	0.181687
903	0.181124
904	0.180332
905	0.179655
906	0.17889
907	0.178285
908	0.177437
909	0.176652
910	0.175791
911	0.175147
912	0.174726
913	0.174246
914	0.173474
915	0.172987
916	0.172443
917	0.171836
918	0.17112
919	0.170571
920	0.170037
921	0.169327
922	0.168985
923	0.168625
924	0.168279
925	0.167752
926	0.167152
927	0.166365
928	0.16558
929	0.165157
930	0.164781
931	0.164208
932	0.163831
933	0.163204
934	0.162749
935	0.162505
936	0.162166
937	0.16174
938	0.161413
939	0.160889
940	0.160203
941	0.15976
942	0.159472
943	0.159071
944	0.15916
945	0.159054
946	0.159057
947	0.159202
948	0.159487
949	0.159647
950	0.159613
951	0.159418
952	0.158912
953	0.15852
954	0.158127
955	0.157923
956	0.157741
957	0.157561
958	0.157595
959	0.157571
960	0.157448
961	0.156862
962	0.156191
963	0.155507
964	0.154922
965	0.1544
966	0.153827
967	0.153197
968	0.15257
969	0.152324
970	0.152282
971	0.153037
972	0.155015
973	0.158026
974	0.161352
975	0.164304
976	0.16652
977	0.16806
978	0.169959
979	0.174522
980	0.183306
981	0.195283
982	0.201846
983	0.201
984	0.200227
985	0.199258
986	0.198786
987	0.198222
988	0.197831
989	0.197389
990	0.197042
991	0.196498
992	0.196058
993	0.195672
994	0.195295
995	0.195015
996	0.194904
997	0.194887
998	0.194855
999	0.194835
1000	0.194594
1001	0.193942
1002	0.193445
1003	0.192688
1004	0.191933
1005	0.191148
1006	0.190292
1007	0.18948
1008	0.188577
1009	0.187581
1010	0.18658
1011	0.18552
1012	0.184752
1013	0.183992
1014	0.183505
1015	0.183082
1016	0.182524
1017	0.182273
1018	0.182155
1019	0.182125
1020	0.182182
1021	0.182583
1022	0.183294
1023	0.184145
