0	-0.000347966
1	-0.000244652
2	-0.000249572
3	-0.000466039
4	-0.000335667
5	-0.000525076
6	-0.000483258
7	-8.23019e-05
8	8.71279e-06
9	-0.00028893
10	-0.000389784
11	-0.000357806
12	-0.00028155
13	-0.000148718
14	-0.000229893
15	-0.000205295
16	-0.000129039
17	0.000259618
18	0.000301436
19	0.000291596
20	0.000554801
21	0.000611377
22	0.000166144
23	-0.000256952
24	-0.000247112
25	-0.000148718
26	-0.000197915
27	-1.83456e-05
28	0.000303895
29	0.000298976
30	7.02092e-05
31	-0.000138879
32	-8.5062e-06
33	0.000119406
34	0.000205501
35	-7.9842e-05
36	-5.77033e-05
37	0.000131706
38	0.000124326
39	-0.000301229
40	-0.000254492
41	3.79308e-06
42	0.000183363
43	0.000343253
44	0.000404749
45	0.000481005
46	0.000576939
47	0.000330954
48	0.000244859
49	0.000458866
50	0.000724531
51	0.000697472
52	0.000655655
53	0.00141329
54	0.00269241
55	0.00434544
56	0.0070439
57	0.0118062
58	0.0212028
59	0.0394672
60	0.0735338
61	0.130954
62	0.213937
63	0.314612
64	0.4221
65	0.527003
66	0.623946
67	0.710545
68	0.785731
69	0.848981
70	0.900655
71	0.942084
72	0.974222
73	0.997308
74	1.01361
75	1.02508
76	1.03449
77	1.04299
78	1.05139
79	1.05999
80	1.06862
81	1.07555
82	1.08003
83	1.08213
84	1.0825
85	1.08225
86	1.08202
87	1.08274
88	1.08448
89	1.0861
90	1.08686
91	1.08617
92	1.08354
93	1.07908
94	1.07325
95	1.0663
96	1.05937
97	1.05336
98	1.04798
99	1.04292
100	1.03741
101	1.03103
102	1.0234
103	1.01458
104	1.00527
105	0.996272
106	0.988371
107	0.981304
108	0.975659
109	0.970682
110	0.96564
111	0.959495
112	0.951751
113	0.942485
114	0.93316
115	0.924639
116	0.917286
117	0.910868
118	0.90478
119	0.898618
120	0.891283
121	0.882738
122	0.87357
123	0.864166
124	0.855251
125	0.846917
126	0.839562
127	0.833553
128	0.827984
129	0.821615
130	0.814073
131	0.805193
132	0.795632
133	0.785736
134	0.776295
135	0.768187
136	0.762131
137	0.757246
138	0.751905
139	0.745785
140	0.738743
141	0.730473
142	0.721386
143	0.711878
144	0.702821
145	0.694354
146	0.686407
147	0.67928
148	0.673045
149	0.667805
150	0.662406
151	0.655956
152	0.64884
153	0.64101
154	0.632615
155	0.623599
156	0.615214
157	0.608287
158	0.60302
159	0.598796
160	0.595149
161	0.591565
162	0.587176
163	0.581332
164	0.574247
165	0.56624
166	0.558568
167	0.551243
168	0.544687
169	0.539558
170	0.536346
171	0.534159
172	0.531854
173	0.528718
174	0.524848
175	0.51998
176	0.514625
177	0.509516
178	0.506013
179	0.504136
180	0.503059
181	0.502092
182	0.5004
183	0.497276
184	0.492103
185	0.48478
186	0.476596
187	0.469165
188	0.46348
189	0.459483
190	0.456966
191	0.455471
192	0.453832
193	0.450556
194	0.445397
195	0.439602
196	0.433499
197	0.427689
198	0.422501
199	0.418917
200	0.416684
201	0.414873
202	0.412689
203	0.40954
204	0.405452
205	0.400212
206	0.394294
207	0.388462
208	0.384086
209	0.381112
210	0.378745
211	0.376354
212	0.373983
213	0.371053
214	0.366608
215	0.361221
216	0.355778
217	0.351291
218	0.347424
219	0.344531
220	0.342342
221	0.340239
222	0.337461
223	0.334136
224	0.330234
225	0.325915
226	0.32144
227	0.316528
228	0.31182
229	0.308258
230	0.305552
231	0.302979
232	0.300276
233	0.297282
234	0.294303
235	0.290889
236	0.287416
237	0.283714
238	0.280536
239	0.277638
240	0.27474
241	0.271845
242	0.269383
243	0.267014
244	0.264296
245	0.261853
246	0.259204
247	0.256621
248	0.253807
249	0.25098
250	0.248306
251	0.245704
252	0.243215
253	0.240873
254	0.23893
255	0.236922
256	0.234836
257	0.232696
258	0.230204
259	0.227708
260	0.224997
261	0.222672
262	0.2207
263	0.218685
264	0.216505
265	0.214378
266	0.211692
267	0.208732
268	0.206081
269	0.20382
270	0.202086
271	0.200878
272	0.199518
273	0.197889
274	0.196352
275	0.194534
276	0.192529
277	0.190325
278	0.187693
279	0.185649
280	0.183733
281	0.182269
282	0.181162
283	0.180257
284	0.178919
285	0.177286
286	0.175025
287	0.172324
288	0.169281
289	0.16677
290	0.164878
291	0.163594
292	0.163077
293	0.162674
294	0.161535
295	0.159823
296	0.157206
297	0.154443
298	0.151233
299	0.148522
300	0.146742
301	0.145699
302	0.144943
303	0.144636
304	0.144171
305	0.142727
306	0.141008
307	0.138991
308	0.136964
309	0.1349
310	0.133407
311	0.132187
312	0.131119
313	0.13014
314	0.129215
315	0.127973
316	0.126507
317	0.124841
318	0.123383
319	0.122018
320	0.120802
321	0.119754
322	0.11896
323	0.118133
324	0.116918
325	0.115833
326	0.114461
327	0.113221
328	0.112176
329	0.111315
330	0.110331
331	0.109398
332	0.108196
333	0.106737
334	0.104936
335	0.103514
336	0.102526
337	0.101461
338	0.100435
339	0.0993204
340	0.0981865
341	0.0966613
342	0.095028
343	0.0939309
344	0.093161
345	0.0924624
346	0.0916555
347	0.0906076
348	0.0892449
349	0.0880051
350	0.0866645
351	0.0851738
352	0.0839464
353	0.0829255
354	0.0823819
355	0.081698
356	0.0813537
357	0.0811815
358	0.0807756
359	0.0799196
360	0.078697
361	0.0774425
362	0.0761781
363	0.0750122
364	0.074134
365	0.0733222
366	0.0730271
367	0.0728032
368	0.0723063
369	0.0715364
370	0.070796
371	0.0695685
372	0.06825
373	0.067394
374	0.0672833
375	0.0671259
376	0.0669512
377	0.0666978
378	0.0661887
379	0.0656278
380	0.0649759
381	0.06427
382	0.0636648
383	0.0630031
384	0.0621397
385	0.0610377
386	0.0599628
387	0.0591141
388	0.058536
389	0.0580588
390	0.0576579
391	0.0573381
392	0.0570552
393	0.0565534
394	0.0557736
395	0.0546987
396	0.0537959
397	0.0530211
398	0.0525807
399	0.0524258
400	0.0528267
401	0.0531908
402	0.0534786
403	0.0534466
404	0.0532646
405	0.0523938
406	0.0511368
407	0.0501725
408	0.0492772
409	0.0489574
410	0.0489131
411	0.0487926
412	0.0487729
413	0.0484482
414	0.0478726
415	0.046955
416	0.0461408
417	0.0453709
418	0.0450683
419	0.0450339
420	0.045366
421	0.0458063
422	0.0459957
423	0.0457104
424	0.0454742
425	0.0448986
426	0.044232
427	0.0435137
428	0.0429258
429	0.0425199
430	0.0424486
431	0.0424978
432	0.0428028
433	0.0428299
434	0.0427758
435	0.0425962
436	0.0421214
437	0.0414696
438	0.0410317
439	0.0411375
440	0.0411842
441	0.0411203
442	0.0409382
443	0.0408964
444	0.0401708
445	0.0388474
446	0.0378979
447	0.0374428
448	0.037519
449	0.0375215
450	0.0378167
451	0.0380627
452	0.0384021
453	0.0384317
454	0.0386063
455	0.0386137
456	0.0387268
457	0.0385669
458	0.0383628
459	0.038043
460	0.0378856
461	0.0377011
462	0.0372165
463	0.0369213
464	0.0367442
465	0.0365548
466	0.0362301
467	0.035775
468	0.035502
469	0.0347246
470	0.0338145
471	0.0332586
472	0.0329314
473	0.0325034
474	0.0322796
475	0.0318097
476	0.0318392
477	0.0316105
478	0.0307889
479	0.029955
480	0.029313
481	0.0288062
482	0.0281765
483	0.0278592
484	0.0279896
485	0.0281888
486	0.0282946
487	0.0281618
488	0.0278346
489	0.0276427
490	0.0277018
491	0.0274164
492	0.0269195
493	0.0265087
494	0.026275
495	0.0258323
496	0.02551
497	0.0252936
498	0.0251681
499	0.0249197
500	0.0245531
501	0.0244646
502	0.0245827
503	0.0245285
504	0.0242653
505	0.0239087
506	0.023397
507	0.0228706
508	0.0226787
509	0.0226664
510	0.0225631
511	0.0222483
512	0.0218768
513	0.0212865
514	0.0209421
515	0.0205731
516	0.0199901
517	0.0195252
518	0.0192202
519	0.0193432
520	0.0190701
521	0.0188069
522	0.0183273
523	0.0179509
524	0.0175844
525	0.0170555
526	0.0167628
527	0.0165143
528	0.0162536
529	0.0156313
530	0.015309
531	0.0150679
532	0.014758
533	0.0143029
534	0.0139561
535	0.013688
536	0.0135182
537	0.0133042
538	0.0131419
539	0.0131788
540	0.0132698
541	0.0132231
542	0.0128123
543	0.0123301
544	0.0120841
545	0.0122809
546	0.0122145
547	0.01234
548	0.0126843
549	0.0131419
550	0.0136732
551	0.0140446
552	0.0142882
553	0.0144825
554	0.0146104
555	0.0145538
556	0.0147285
557	0.0149031
558	0.0152598
559	0.0151688
560	0.0149425
561	0.0146768
562	0.0146473
563	0.0144481
564	0.0139758
565	0.0136043
566	0.0135773
567	0.013811
568	0.0137249
569	0.0135994
570	0.0134813
571	0.013656
572	0.013747
573	0.0137052
574	0.0134789
575	0.0133018
576	0.0130287
577	0.0130361
578	0.0130878
579	0.0132403
580	0.0134272
581	0.0136388
582	0.0139118
583	0.0140643
584	0.0139094
585	0.0135527
586	0.0132132
587	0.012891
588	0.0125983
589	0.0123424
590	0.0123547
591	0.0122834
592	0.0122957
593	0.01249
594	0.0132034
595	0.0140053
596	0.0151073
597	0.015828
598	0.0165389
599	0.0168981
600	0.0173482
601	0.0177197
602	0.0177885
603	0.0178377
604	0.0179238
605	0.0179017
606	0.0177098
607	0.0174884
608	0.0175549
609	0.017636
610	0.0175721
611	0.0177762
612	0.0178697
613	0.017973
614	0.0178992
615	0.0178451
616	0.0179509
617	0.0179804
618	0.0177492
619	0.017454
620	0.0172425
621	0.0172498
622	0.0169448
623	0.0165094
624	0.0164651
625	0.0164282
626	0.0163446
627	0.0157838
628	0.0155919
629	0.0154246
630	0.0153976
631	0.0152844
632	0.0150064
633	0.0149597
634	0.0149253
635	0.0146301
636	0.0142808
637	0.0140397
638	0.0141111
639	0.0136511
640	0.0129549
641	0.0127754
642	0.0128246
643	0.0126376
644	0.0124162
645	0.0122268
646	0.0119587
647	0.0112355
648	0.0106919
649	0.0102811
650	0.010104
651	0.0101458
652	0.0100154
653	0.00974482
654	0.0097645
655	0.00988011
656	0.00982353
657	0.00955295
658	0.00921103
659	0.00915445
660	0.00871906
661	0.00840912
662	0.00819757
663	0.00813853
664	0.00778186
665	0.00774004
666	0.00776218
667	0.0077179
668	0.00757769
669	0.0073317
670	0.00717181
671	0.00682743
672	0.0067192
673	0.00657161
674	0.00642156
675	0.00653963
676	0.00660358
677	0.00615097
678	0.00611653
679	0.00610915
680	0.00599354
681	0.00567376
682	0.00543515
683	0.00525558
684	0.0047218
685	0.00392234
686	0.00385593
687	0.0043602
688	0.0050465
689	0.00557045
690	0.00651503
691	0.0073317
692	0.00794667
693	0.00820003
694	0.00837714
695	0.0087658
696	0.00912248
697	0.0094644
698	0.00957263
699	0.00990963
700	0.00994899
701	0.00994161
702	0.00979156
703	0.00979894
704	0.00986781
705	0.00957509
706	0.00941274
707	0.00904622
708	0.00904868
709	0.0089798
710	0.00859607
711	0.00832302
712	0.00816805
713	0.00823201
714	0.00814099
715	0.00783597
716	0.00761213
717	0.00756293
718	0.00747437
719	0.00746945
720	0.00724561
721	0.0073071
722	0.00739812
723	0.0074178
724	0.0077302
725	0.00839928
726	0.00913478
727	0.0098014
728	0.0100892
729	0.0104828
730	0.0106673
731	0.0106451
732	0.010532
733	0.0103672
734	0.010318
735	0.0100056
736	0.00974482
737	0.00959969
738	0.00946932
739	0.00917413
740	0.00894045
741	0.00866248
742	0.00839436
743	0.00866986
744	0.0104237
745	0.0151221
746	0.0229444
747	0.0326092
748	-0.000224973
749	-0.000207754
750	-0.000207754
751	-2.8185e-05
752	-0.000126579
753	-0.000190535
754	-0.000308609
755	-0.00095555
756	-0.00152378
757	-0.00187554
758	-0.00191243
759	-0.00229617
760	-0.00251756
761	-0.00226419
762	-0.00205511
763	-0.00213628
764	-0.00228141
765	-0.00266761
766	-0.00297263
767	-0.00354824
768	-0.00388032
769	-0.00363925
770	-0.00333669
771	-0.00313006
772	-0.00308579
773	-0.0027537
774	-0.00246098
775	-0.0017304
776	-0.000748923
777	3.79308e-06
778	0.0011673
779	0.00221274
780	0.0033369
781	0.00431346
782	0.0049112
783	0.00528018
784	0.00549173
785	0.00528018
786	0.00521623
787	0.00520393
788	0.00555815
789	0.00553847
790	0.00559504
791	0.00568114
792	0.00569344
793	0.00545729
794	0.005322
795	0.00527526
796	0.0053097
797	0.00517195
798	0.00512521
799	0.00544745
800	0.00543761
801	0.0050342
802	0.00451517
803	0.00402566
804	0.00375999
805	0.00365176
806	0.00353614
807	0.00345989
808	0.00358042
809	0.00348449
810	0.0032262
811	0.00286214
812	0.00265798
813	0.0026137
814	0.00251284
815	0.002289
816	0.00238001
817	0.00219798
818	0.00223242
819	0.00204055
820	0.00219798
821	0.00227916
822	0.00203317
823	0.00213403
824	0.00258172
825	0.0033369
826	0.00372309
827	0.00414865
828	0.00432084
829	0.00436512
830	0.0045742
831	0.00480297
832	0.00490874
833	0.00530478
834	0.00572788
835	0.00589269
836	0.00597878
837	0.00602306
838	0.00610915
839	0.00571804
840	0.00547451
841	0.00542039
842	0.00580413
843	0.00593204
844	0.00616819
845	0.00599846
846	0.00590253
847	0.0057205
848	0.0056344
849	0.00530724
850	0.00507355
851	0.00490874
852	0.00483003
853	0.00467998
854	0.00458158
855	0.00461602
856	0.00433068
857	0.00407731
858	0.00373047
859	0.00324096
860	0.00311059
861	0.00294824
862	0.00325326
863	0.00310813
864	0.00316717
865	0.00299498
866	0.00256942
867	0.00188066
868	0.00163222
869	0.00138869
870	0.00141329
871	0.00136409
872	0.00164452
873	0.00170109
874	0.0012165
875	0.00074175
876	0.00022764
877	-3.31048e-05
878	-3.58649e-06
879	0.000771268
880	0.00176751
881	0.0029507
882	0.00383133
883	0.00487923
884	0.00578199
885	0.00616573
886	0.0066454
887	0.00707096
888	0.00749651
889	0.00793437
890	0.00826891
891	0.0086674
892	0.00882975
893	0.00898472
894	0.00896997
895	0.00873382
896	0.00854441
897	0.008355
898	0.0083058
899	0.00848537
900	0.0086674
901	0.0086674
902	0.00845832
903	0.0080918
904	0.00766624
905	0.00735876
906	0.00703898
907	0.00688647
908	0.00693321
909	0.00689877
910	0.00665524
911	0.00660112
912	0.00650519
913	0.00619279
914	0.00626658
915	0.00641418
916	0.00688155
917	0.00690861
918	0.0065962
919	0.00622969
920	0.00586317
921	0.00531462
922	0.00505388
923	0.0428373
924	0.0325747
925	0.0214857
926	0.0107165
927	0.00384855
928	0.00342053
929	0.00311797
930	0.00277113
931	0.00208237
932	0.00166912
933	0.00163222
934	0.00189296
935	0.00203563
936	0.00216355
937	0.00221028
938	0.00204055
939	0.00173307
940	0.00108613
941	0.000544961
942	2.34719e-05
943	-0.000207754
944	-4.29442e-05
945	-0.000165937
946	-0.000407003
947	-0.000699725
948	-0.00104657
949	0.00338117
950	0.00975466
951	0.0155771
952	0.0201721
953	0.0237389
954	0.0265063
955	0.0284176
956	0.0293302
957	0.0297361
958	0.0298172
959	0.0298787
960	0.0296893
961	0.0288431
962	0.0277583
963	0.0268679
964	0.0257437
965	0.0246319
966	0.0236012
967	0.0233306
968	0.0229444
969	0.0226763
970	0.0221425
971	0.022049
972	0.0221941
973	0.0222286
974	0.0222556
975	0.022568
976	0.0232371
977	0.0240415
978	0.0251337
979	0.0261668
980	0.0276821
981	0.0293326
982	0.0303732
983	0.030565
984	0.0305232
985	0.0305749
986	0.0302895
987	0.0297139
988	0.0294138
989	0.0294827
990	0.0295073
991	0.0295024
992	0.0297115
993	0.0300214
994	0.0300608
995	0.0302723
996	0.0304765
997	0.0305306
998	0.0305749
999	0.0304912
1000	0.0298074
1001	0.02919
1002	0.0288136
1003	0.0283438
1004	0.027778
1005	0.0272123
1006	0.0271065
1007	0.0277116
1008	0.0280683
1009	0.0285455
1010	0.0291703
1011	0.0291801
1012	0.0288382
1013	0.0286882
1014	0.0283856
1015	0.0282159
1016	0.0280215
1017	0.0278371
1018	0.0272123
1019	0.0268039
1020	0.0264866
1021	0.0258101
1022	0.0249369
1023	0.0245359
