0	0.00127212
1	0.00140233
2	0.00211848
3	0.00172785
4	0.00101171
5	0.00127212
6	0.00127212
7	0.000946601
8	0.00133723
9	0.00114191
10	0.000946601
11	0.00107681
12	0.00062108
13	0.00107681
14	0.00114191
15	0.00114191
16	0.000425768
17	0.000490872
18	0.00062108
19	0.000425768
20	-9.50654e-05
21	-0.000225274
22	-0.00016017
23	-0.000746107
24	-0.000615899
25	-0.000876315
26	-2.99613e-05
27	-0.000355482
28	-0.00120184
29	-0.00120184
30	-0.00100652
31	-0.00133204
32	-0.00152736
33	-0.000615899
34	-0.000355482
35	-0.000420586
36	-0.000355482
37	-0.00126694
38	-0.000420586
39	-0.00107163
40	-0.000811211
41	-0.00152736
42	-0.00107163
43	-0.000550795
44	-0.00100652
45	-0.00139715
46	-0.000746107
47	0.00029556
48	3.51429e-05
49	-0.000811211
50	0.000360664
51	0.000490872
52	0.000490872
53	0.000686185
54	0.000360664
55	0.000425768
56	0.000555976
57	0.000555976
58	0.000686185
59	0.00101171
60	0.00120702
61	0.000816393
62	-0.000225274
63	0.000165351
64	0.000490872
65	3.51429e-05
66	0.00263931
67	0.0320664
68	0.145478
69	0.368655
70	0.652314
71	0.91898
72	1.13369
73	1.30004
74	1.43005
75	1.52679
76	1.58767
77	1.61267
78	1.60694
79	1.57783
80	1.53044
81	1.47093
82	1.4029
83	1.33057
84	1.25694
85	1.18395
86	1.11384
87	1.0488
88	0.991962
89	0.948603
90	0.91872
91	0.897496
92	0.87777
93	0.857131
94	0.834085
95	0.810908
96	0.786689
97	0.75928
98	0.730439
99	0.701402
100	0.672756
101	0.644371
102	0.616506
103	0.589749
104	0.56553
105	0.542288
106	0.520478
107	0.501533
108	0.483759
109	0.467939
110	0.453811
111	0.442027
112	0.432001
113	0.422561
114	0.412535
115	0.403355
116	0.393785
117	0.384801
118	0.37523
119	0.364488
120	0.355243
121	0.345152
122	0.336493
123	0.327444
124	0.317548
125	0.309475
126	0.300686
127	0.292678
128	0.285191
129	0.277118
130	0.269697
131	0.262145
132	0.254592
133	0.247626
134	0.24079
135	0.233108
136	0.225686
137	0.220022
138	0.213837
139	0.207587
140	0.200686
141	0.194501
142	0.188902
143	0.183759
144	0.177965
145	0.172691
146	0.167483
147	0.162275
148	0.156741
149	0.151793
150	0.14704
151	0.142743
152	0.138186
153	0.133564
154	0.129267
155	0.125686
156	0.122561
157	0.11898
158	0.115855
159	0.113512
160	0.110908
161	0.107131
162	0.104267
163	0.101728
164	0.0991237
165	0.0956081
166	0.0935898
167	0.0913112
168	0.0879909
169	0.086168
170	0.0831081
171	0.0810898
172	0.0784206
173	0.0753607
174	0.0733424
175	0.0706732
176	0.0688502
177	0.0663112
178	0.0640976
179	0.0628607
180	0.0613633
181	0.0595404
182	0.0579127
183	0.0571315
184	0.0551133
185	0.0542669
186	0.0527695
187	0.0506862
188	0.0481471
189	0.0471055
190	0.0459336
191	0.0448268
192	0.0426784
193	0.0416367
194	0.0397487
195	0.038056
196	0.0364284
197	0.0353867
198	0.0346055
199	0.033043
200	0.0323268
201	0.0307643
202	0.0301133
203	0.0297877
204	0.028681
205	0.0277044
206	0.0269883
207	0.0260117
208	0.02497
209	0.0235377
210	0.0222357
211	0.0216497
212	0.0207383
213	0.0189805
214	0.0177435
215	0.0175482
216	0.0169622
217	0.0168971
218	0.0164414
219	0.0162461
220	0.0164414
221	0.0153346
222	0.0148789
223	0.0141627
224	0.0139674
225	0.0131862
226	0.0126002
227	0.0129909
228	0.0122096
229	0.0118841
230	0.0109075
231	0.0109726
232	0.0103216
233	0.0103216
234	0.00967056
235	0.00960546
236	0.0087591
237	0.00830337
238	0.0087591
239	0.00810806
240	0.00758723
241	0.00661066
242	0.00576431
243	0.00524348
244	0.00472264
245	0.00517837
246	0.00413671
247	0.0040716
248	0.00348566
249	0.00316014
250	0.002444
251	0.00237889
252	0.002444
253	0.00348566
254	0.00283462
255	0.002444
256	0.00335546
257	0.00420181
258	0.00446223
259	0.0040065
260	0.00374608
261	0.0040065
262	0.00322525
263	0.0025091
264	0.002444
265	0.0040716
266	0.00316014
267	0.00153254
268	0.00179296
269	0.00231379
270	0.00172785
271	0.000360664
272	0.00107681
273	0.00140233
274	0.000555976
275	-0.000615899
276	-0.00126694
277	-0.00159246
278	-0.00146225
279	-0.0021784
280	-0.00269923
281	-0.00315496
282	-0.00335027
283	-0.00282944
284	-0.00361069
285	-0.00367579
286	-0.00295965
287	-0.00172267
288	-0.0022435
289	-0.00204819
290	-0.00120184
291	-0.00211329
292	-0.00172267
293	-0.0021784
294	-0.00152736
295	-0.00230861
296	-0.00250392
297	-0.00237371
298	-0.00315496
299	-0.00322007
300	-0.00354559
301	-0.00315496
302	-0.00348048
303	-0.0037409
304	-0.00465236
305	-0.00543361
306	-0.00543361
307	-0.00660548
308	-0.00699611
309	-0.00784246
310	-0.00777736
311	-0.00823309
312	-0.0084935
313	-0.00784246
314	-0.00855861
315	-0.00881902
316	-0.00868882
317	-0.00901434
318	-0.00927475
319	-0.00986069
320	-0.00973048
321	-0.0099909
322	-0.0103164
323	-0.0106419
324	-0.0109675
325	-0.0108373
326	-0.0108373
327	-0.0110326
328	-0.0116185
329	-0.0127253
330	-0.0116185
331	-0.0113581
332	-0.0123998
333	-0.0137669
334	-0.0133112
335	-0.0127253
336	-0.0133763
337	-0.0132461
338	-0.013181
339	-0.0137669
340	-0.0135065
341	-0.0134414
342	-0.0146133
343	-0.0149388
344	-0.0146133
345	-0.0146784
346	-0.0147435
347	-0.0149388
348	-0.015069
349	-0.014418
350	-0.0142878
351	-0.0152643
352	-0.0150039
353	-0.0152643
354	-0.0158503
355	-0.0154596
356	-0.0150039
357	-0.0149388
358	-0.0155248
359	-0.0160456
360	-0.0151341
361	-0.0148086
362	-0.0151992
363	-0.0160456
364	-0.0152643
365	-0.0155899
366	-0.0158503
367	-0.0157852
368	-0.0150039
369	-0.0158503
370	-0.0160456
371	-0.0153294
372	-0.0153945
373	-0.0159154
374	-0.016306
375	-0.015655
376	-0.0160456
377	-0.0160456
378	-0.0166315
379	-0.016306
380	-0.0168268
381	-0.0161107
382	-0.0166315
383	-0.0164362
384	-0.0165013
385	-0.0161107
386	-0.0158503
387	-0.0163711
388	-0.016306
389	-0.015655
390	-0.0159805
391	-0.0168919
392	-0.0165664
393	-0.0163711
394	-0.0172175
395	-0.0176732
396	-0.0166315
397	-0.0170221
398	-0.0165013
399	-0.0163711
400	-0.0157201
401	-0.015069
402	-0.0141576
403	-0.013832
404	-0.0131159
405	-0.0128555
406	-0.0120091
407	-0.0123346
408	-0.0125951
409	-0.0128555
410	-0.0120742
411	-0.0123998
412	-0.0129206
413	-0.0131159
414	-0.0129206
415	-0.0138971
416	-0.0135065
417	-0.0126602
418	-0.0133112
419	-0.0137018
420	-0.0137669
421	-0.0129857
422	-0.0134414
423	-0.014418
424	-0.013832
425	-0.0131159
426	-0.0135065
427	-0.0133112
428	-0.0130508
429	-0.0129206
430	-0.0125951
431	-0.0124649
432	-0.0123346
433	-0.0122695
434	-0.0127253
435	-0.0122695
436	-0.0127253
437	-0.0129206
438	-0.0128555
439	-0.0136367
440	-0.0146133
441	-0.0145482
442	-0.0147435
443	-0.0146784
444	-0.0154596
445	-0.0153945
446	-0.0153945
447	-0.0151992
448	-0.0149388
449	-0.0162409
450	-0.0164362
451	-0.0161758
452	-0.016306
453	-0.0165664
454	-0.0168919
455	-0.0164362
456	-0.0170221
457	-0.0170221
458	-0.0179336
459	-0.017543
460	-0.0176081
461	-0.016957
462	-0.0168919
463	-0.0176081
464	-0.0172826
465	-0.0159805
466	-0.0158503
467	-0.0159805
468	-0.015655
469	-0.0143529
470	-0.0146784
471	-0.0145482
472	-0.0137018
473	-0.0142878
474	-0.0142227
475	-0.0148737
476	-0.0149388
477	-0.0148737
478	-0.0142878
479	-0.0150039
480	-0.0155248
481	-0.0148086
482	-0.0146784
483	-0.015069
484	-0.0153294
485	-0.0148086
486	-0.0145482
487	-0.015655
488	-0.016306
489	-0.0158503
490	-0.0152643
491	-0.0151341
492	-0.015655
493	-0.0164362
494	-0.0167617
495	-0.0160456
496	-0.0161107
497	-0.0174779
498	-0.016957
499	-0.0164362
500	-0.0171524
501	-0.0179987
502	-0.0178034
503	-0.017543
504	-0.0178685
505	-0.0179987
506	-0.0174128
507	-0.0166966
508	-0.0172175
509	-0.0170873
510	-0.0177383
511	-0.0174779
512	-0.0176732
513	-0.0168268
514	-0.016957
515	-0.0161758
516	-0.0157201
517	-0.015655
518	-0.0161107
519	-0.0160456
520	-0.0166966
521	-0.0161107
522	-0.0166315
523	-0.0168919
524	-0.0170221
525	-0.0161758
526	-0.0158503
527	-0.015655
528	-0.0157852
529	-0.0164362
530	-0.0159154
531	-0.0160456
532	-0.016306
533	-0.015655
534	-0.0155899
535	-0.0155248
536	-0.0151341
537	-0.0160456
538	-0.0161758
539	-0.0159805
540	-0.0161758
541	-0.0171524
542	-0.017543
543	-0.0171524
544	-0.0167617
545	-0.0177383
546	-0.0180638
547	-0.0170221
548	-0.0168919
549	-0.0183893
550	-0.0185195
551	-0.0185195
552	-0.0174779
553	-0.0183893
554	-0.0183893
555	-0.0176732
556	-0.0176732
557	-0.017543
558	-0.0172826
559	-0.0181289
560	-0.0181289
561	-0.017543
562	-0.0179987
563	-0.0178685
564	-0.0166966
565	-0.0160456
566	-0.0161107
567	-0.0170873
568	-0.0166315
569	-0.0167617
570	-0.0157201
571	-0.0162409
572	-0.0159154
573	-0.0159805
574	-0.0165664
575	-0.0166315
576	-0.0165664
577	-0.0168919
578	-0.0165664
579	-0.0173477
580	-0.0176732
581	-0.0172175
582	-0.0171524
583	-0.0172826
584	-0.0179336
585	-0.0172175
586	-0.0166966
587	-0.0172826
588	-0.0177383
589	-0.0174128
590	-0.0170873
591	-0.017543
592	-0.0174779
593	-0.0174128
594	-0.0163711
595	-0.0168268
596	-0.0176732
597	-0.0183242
598	-0.0180638
599	-0.0183242
600	-0.0180638
601	-0.018194
602	-0.0170221
603	-0.0176732
604	-0.0178034
605	-0.0179987
606	-0.0188451
607	-0.018194
608	-0.0176081
609	-0.0179336
610	-0.01878
611	-0.0189102
612	-0.0186498
613	-0.0185195
614	-0.0188451
615	-0.0188451
616	-0.0183893
617	-0.0185195
618	-0.0183242
619	-0.018194
620	-0.0179987
621	-0.0174779
622	-0.0178034
623	-0.0176081
624	-0.0178034
625	-0.0174779
626	-0.0171524
627	-0.017543
628	-0.0179336
629	-0.0172826
630	-0.0176732
631	-0.0188451
632	-0.0184544
633	-0.0180638
634	-0.0172826
635	-0.0178685
636	-0.0187149
637	-0.0184544
638	-0.018194
639	-0.0178034
640	-0.0186498
641	-0.0178034
642	-0.0176732
643	-0.0178685
644	-0.0180638
645	-0.0187149
646	-0.0180638
647	-0.0176081
648	-0.0183242
649	-0.0187149
650	-0.0172826
651	-0.0162409
652	-0.0163711
653	-0.0173477
654	-0.0165664
655	-0.0162409
656	-0.0178685
657	-0.0185195
658	-0.0176732
659	-0.0177383
660	-0.0179336
661	-0.0192357
662	-0.01878
663	-0.0176732
664	-0.0181289
665	-0.017543
666	-0.016957
667	-0.0172826
668	-0.0177383
669	-0.0177383
670	-0.0179987
671	-0.0174779
672	-0.0172175
673	-0.0159805
674	-0.0161107
675	-0.0155248
676	-0.0157852
677	-0.0154596
678	-0.0157852
679	-0.0159805
680	-0.0160456
681	-0.0168919
682	-0.0172826
683	-0.015655
684	-0.015655
685	-0.016306
686	-0.016306
687	-0.0165013
688	-0.0161758
689	-0.0159154
690	-0.0166966
691	-0.0167617
692	-0.0163711
693	-0.0166966
694	-0.0164362
695	-0.0166315
696	-0.0170221
697	-0.0174779
698	-0.0176081
699	-0.0172826
700	-0.0172826
701	-0.017543
702	-0.0178034
703	-0.0185846
704	-0.0185195
705	-0.0177383
706	-0.0173477
707	-0.0173477
708	-0.0170221
709	-0.016957
710	-0.0170221
711	-0.0173477
712	-0.0166315
713	-0.0168919
714	-0.0163711
715	-0.0165013
716	-0.016957
717	-0.0170221
718	-0.0173477
719	-0.0170873
720	-0.0181289
721	-0.0174128
722	-0.0167617
723	-0.0172826
724	-0.0178034
725	-0.0166315
726	-0.0159154
727	-0.0171524
728	-0.017543
729	-0.0172826
730	-0.016957
731	-0.0166966
732	-0.0168919
733	-0.0166315
734	-0.0167617
735	-0.0163711
736	-0.0160456
737	-0.0161107
738	-0.0159154
739	-0.0155248
740	-0.0154596
741	-0.015655
742	-0.0160456
743	-0.0153294
744	-0.0148086
745	-0.0153945
746	-0.0148737
747	-0.0153294
748	-0.0151341
749	-0.0160456
750	-0.0157852
751	-0.0146133
752	-0.0153945
753	-0.0161758
754	-0.0161758
755	-0.016306
756	-0.0163711
757	-0.0164362
758	-0.0164362
759	-0.0170221
760	-0.0165664
761	-0.0170873
762	-0.017543
763	-0.0178034
764	-0.0168919
765	-0.0170221
766	-0.0178685
767	-0.0179987
768	-0.017543
769	-0.0165664
770	-0.0174779
771	-0.016957
772	-0.0155899
773	-0.015069
774	-0.0153945
775	-0.0151341
776	-0.0148737
777	-0.0150039
778	-0.0151341
779	-0.0154596
780	-0.0153294
781	-0.0153945
782	-0.0153294
783	-0.0148086
784	-0.0155248
785	-0.0151341
786	-0.0147435
787	-0.015655
788	-0.015655
789	-0.015069
790	-0.0153294
791	-0.0157201
792	-0.0160456
793	-0.0154596
794	-0.0154596
795	-0.0162409
796	-0.0162409
797	-0.0158503
798	-0.0153945
799	-0.0155899
800	-0.0151992
801	-0.0148737
802	-0.0146784
803	-0.0144831
804	-0.0145482
805	-0.014418
806	-0.0146784
807	-0.0146784
808	-0.0152643
809	-0.0153945
810	-0.0149388
811	-0.0149388
812	-0.0148737
813	-0.0154596
814	-0.0155899
815	-0.0144831
816	-0.0151992
817	-0.0155248
818	-0.0148737
819	-0.0142227
820	-0.0148086
821	-0.0154596
822	-0.0151992
823	-0.0148086
824	-0.0150039
825	-0.0153945
826	-0.0148737
827	-0.0150039
828	-0.0151341
829	-0.0153294
830	-0.0159805
831	-0.0155248
832	-0.0147435
833	-0.0150039
834	-0.0148737
835	-0.0151992
836	-0.0150039
837	-0.0146784
838	-0.0153294
839	-0.0148086
840	-0.0150039
841	-0.0155899
842	-0.0152643
843	-0.0154596
844	-0.0157201
845	-0.0148737
846	-0.0159805
847	-0.0158503
848	-0.0160456
849	-0.0162409
850	-0.0157201
851	-0.015069
852	-0.0157201
853	-0.0159154
854	-0.015655
855	-0.0160456
856	-0.016957
857	-0.0158503
858	-0.0155248
859	-0.0162409
860	-0.0170221
861	-0.0167617
862	-0.0166966
863	-0.0168919
864	-0.0173477
865	-0.0170873
866	-0.0173477
867	-0.017543
868	-0.0178685
869	-0.0174128
870	-0.0173477
871	-0.0172826
872	-0.0170221
873	-0.016957
874	-0.0168268
875	-0.016957
876	-0.0164362
877	-0.0165013
878	-0.0163711
879	-0.0168919
880	-0.0170221
881	-0.016957
882	-0.0161107
883	-0.0150039
884	-0.0155899
885	-0.0161758
886	-0.0159154
887	-0.0166966
888	-0.0165664
889	-0.0164362
890	-0.0159805
891	-0.0162409
892	-0.0168919
893	-0.0166966
894	-0.0163711
895	-0.0161107
896	-0.016306
897	-0.0166966
898	-0.0165664
899	-0.0164362
900	-0.0165664
901	-0.0167617
902	-0.0163711
903	-0.016957
904	-0.0172826
905	-0.0172175
906	-0.0174779
907	-0.0173477
908	-0.0176081
909	-0.0170873
910	-0.0166315
911	-0.0174779
912	-0.0179336
913	-0.0183893
914	-0.0168919
915	-0.0155248
916	-0.0164362
917	-0.0172175
918	-0.0160456
919	-0.015655
920	-0.0161107
921	-0.0167617
922	-0.0161107
923	-0.0162409
924	-0.0170221
925	-0.016957
926	-0.0172826
927	-0.0165664
928	-0.0164362
929	-0.0174779
930	-0.0174779
931	-0.0168268
932	-0.0166966
933	-0.017543
934	-0.0176081
935	-0.0170873
936	-0.0165013
937	-0.0168919
938	-0.0168268
939	-0.0168919
940	-0.0161107
941	-0.016306
942	-0.0168919
943	-0.0168268
944	-0.0160456
945	-0.0161107
946	-0.0167617
947	-0.0165664
948	-0.0160456
949	-0.0162409
950	-0.0166966
951	-0.0168268
952	-0.0165664
953	-0.0168268
954	-0.0171524
955	-0.0172175
956	-0.016957
957	-0.016957
958	-0.0173477
959	-0.0182591
960	-0.017543
961	-0.0179336
962	-0.0178034
963	-0.0176732
964	-0.0172826
965	-0.016957
966	-0.0170221
967	-0.0178685
968	-0.017543
969	-0.0166966
970	-0.0166966
971	-0.0173477
972	-0.0179987
973	-0.0178034
974	-0.0173477
975	-0.0168268
976	-0.016957
977	-0.0177383
978	-0.0176732
979	-0.0172826
980	-0.0172826
981	-0.0171524
982	-0.0168919
983	-0.0165013
984	-0.0173477
985	-0.0168268
986	-0.0158503
987	-0.0148086
988	-0.015069
989	-0.0159805
990	-0.0151992
991	-0.0141576
992	-0.0143529
993	-0.0141576
994	-0.0142227
995	-0.0140925
996	-0.0133763
997	-0.0133763
998	-0.0129857
999	-0.0125951
1000	-0.0123346
1001	-0.0126602
1002	-0.0135065
1003	-0.0128555
1004	-0.0123998
1005	-0.0123998
1006	-0.0134414
1007	-0.0142227
1008	-0.0142878
1009	-0.0139623
1010	-0.0138971
1011	-0.0143529
1012	-0.0135065
1013	-0.0148086
1014	-0.0153945
1015	-0.0151992
1016	-0.0153945
1017	-0.0157852
1018	-0.0157852
1019	-0.0155899
1020	-0.0145482
1021	-0.0147435
1022	-0.0162409
1023	-0.0168919
