0	-0.572214
1	-0.586216
2	-0.606578
3	-0.625217
4	-0.624113
5	-0.61232
6	-0.622346
7	-0.635465
8	-0.644255
9	-0.653486
10	-0.652426
11	-0.642267
12	-0.659537
13	-0.66126
14	-0.685907
15	-0.692841
16	-0.686392
17	-0.694785
18	-0.690854
19	-0.703928
20	-0.736613
21	-0.736922
22	-0.738248
23	-0.746242
24	-0.744343
25	-0.737673
26	-0.763248
27	-0.791516
28	-0.780209
29	-0.782505
30	-0.784581
31	-0.79399
32	-0.796066
33	-0.803707
34	-0.799246
35	-0.80459
36	-0.793945
37	-0.800482
38	-0.802117
39	-0.811392
40	-0.821242
41	-0.823672
42	-0.834228
43	-0.832152
44	-0.836216
45	-0.84982
46	-0.846066
47	-0.862099
48	-0.87694
49	-0.867841
50	-0.863468
51	-0.868769
52	-0.867885
53	-0.860553
54	-0.859316
55	-0.870624
56	-0.882815
57	-0.879899
58	-0.867046
59	-0.877338
60	-0.874864
61	-0.875836
62	-0.875527
63	-0.863778
64	-0.88785
65	-0.889882
66	-0.895226
67	-0.889484
68	-0.895845
69	-0.892134
70	-0.897965
71	-0.909714
72	-0.894696
73	-0.887894
74	-0.896286
75	-0.903398
76	-0.915854
77	-0.918901
78	-0.932682
79	-0.945933
80	-0.932064
81	-0.944034
82	-0.96179
83	-0.947258
84	-0.963027
85	-0.968857
86	-0.95459
87	-0.954679
88	-0.946684
89	-0.962408
90	-0.978088
91	-0.976763
92	-0.965544
93	-0.962364
94	-0.972523
95	-0.9655
96	-0.976587
97	-0.977603
98	-0.977823
99	-0.974952
100	-0.981931
101	-0.98096
102	-0.971375
103	-0.957329
104	-0.974422
105	-0.965368
106	-0.959891
107	-0.970315
108	-0.961702
109	-0.950482
110	-0.959228
111	-0.961922
112	-0.951322
113	-0.936569
114	-0.932505
115	-0.957815
116	-0.957417
117	-0.96338
118	-0.961922
119	-0.964043
120	-0.958831
121	-0.970005
122	-0.989263
123	-0.989396
124	-0.976145
125	-0.990809
126	-0.980385
127	-0.977382
128	-0.963468
129	-0.972081
130	-0.963998
131	-0.950527
132	-0.948495
133	-0.962673
134	-0.959007
135	-0.961304
136	-0.952956
137	-0.953972
138	-0.956004
139	-0.964087
140	-0.953088
141	-0.944034
142	-0.946551
143	-0.948407
144	-0.942223
145	-0.944387
146	-0.951057
147	-0.961039
148	-0.949599
149	-0.962364
150	-0.960951
151	-0.954855
152	-0.962408
153	-0.961348
154	-0.957505
155	-0.949511
156	-0.949997
157	-0.950129
158	-0.962055
159	-0.940412
160	-0.931755
161	-0.941207
162	-0.91899
163	-0.920138
164	-0.943018
165	-0.946816
166	-0.933786
167	-0.938027
168	-0.952205
169	-0.926145
170	-0.918371
171	-0.922214
172	-0.902073
173	-0.90088
174	-0.90406
175	-0.906666
176	-0.894166
177	-0.884316
178	-0.885553
179	-0.873716
180	-0.839219
181	-0.834316
182	-0.837232
183	-0.823495
184	-0.805341
185	-0.815014
186	-0.799069
187	-0.791119
188	-0.804502
189	-0.775129
190	-0.748892
191	-0.750085
192	-0.753309
193	-0.742179
194	-0.706313
195	-0.67906
196	-0.683256
197	-0.677028
198	-0.632947
199	-0.616516
200	-0.597435
201	-0.579679
202	-0.555253
203	-0.539484
204	-0.537894
205	-0.516119
206	-0.487673
207	-0.471154
208	-0.446154
209	-0.450394
210	-0.432417
211	-0.412541
212	-0.396154
213	-0.398539
214	-0.368857
215	-0.348318
216	-0.32641
217	-0.309228
218	-0.2852
219	-0.267664
220	-0.254811
221	-0.255164
222	-0.24982
223	-0.221949
224	-0.209228
225	-0.178265
226	-0.163292
227	-0.139484
228	-0.122656
229	-0.0884242
230	-0.0827263
231	-0.0703588
232	-0.0563129
233	-0.0461097
234	-0.0426645
235	-0.0397051
236	-0.0202263
237	0.00234436
238	0.00711468
239	0.00764472
240	0.0211164
241	0.026991
242	0.0452331
243	0.0361341
244	0.0617083
245	0.0811871
246	0.0745175
247	0.103228
248	0.123855
249	0.172883
250	0.310648
251	0.690198
252	1.39391
253	2.29205
254	3.32951
255	4.33764
256	5.3637
257	6.1868
258	6.92094
259	7.53587
260	8.00371
261	8.32982
262	8.62801
263	8.77522
264	8.86621
265	8.93605
266	8.91401
267	8.84431
268	8.78291
269	8.67995
270	8.68269
271	8.60274
272	8.64174
273	8.62204
274	8.71935
275	8.72023
276	8.7917
277	8.79307
278	8.8262
279	8.78675
280	8.7231
281	8.71215
282	8.60985
283	8.51268
284	8.44559
285	8.30707
286	8.25265
287	8.08132
288	8.02986
289	7.8705
290	7.77001
291	7.63026
292	7.59095
293	7.46648
294	7.40698
295	7.31692
296	7.23048
297	7.16984
298	7.05354
299	6.9724
300	6.92182
301	6.80491
302	6.75592
303	6.6114
304	6.57341
305	6.45354
306	6.40367
307	6.26272
308	6.19735
309	6.08529
310	5.99073
311	5.87642
312	5.77761
313	5.72902
314	5.63269
315	5.53476
316	5.51255
317	5.39775
318	5.37642
319	5.24378
320	5.23251
321	5.12916
322	5.08697
323	4.97067
324	4.94015
325	4.85592
326	4.82712
327	4.74037
328	4.64373
329	4.63075
330	4.54938
331	4.47854
332	4.40923
333	4.31052
334	4.31498
335	4.20142
336	4.20469
337	4.1065
338	4.08419
339	3.9883
340	3.95791
341	3.87951
342	3.85469
343	3.81078
344	3.74223
345	3.71736
346	3.647
347	3.57739
348	3.55725
349	3.47522
350	3.483
351	3.38958
352	3.41259
353	3.32796
354	3.33521
355	3.24404
356	3.25036
357	3.17324
358	3.1565
359	3.1235
360	3.05672
361	3.02659
362	2.9781
363	2.93587
364	2.92549
365	2.85318
366	2.88229
367	2.79634
368	2.79616
369	2.70517
370	2.69779
371	2.62615
372	2.6307
373	2.57098
374	2.55853
375	2.52695
376	2.49673
377	2.49015
378	2.42646
379	2.39581
380	2.39223
381	2.32522
382	2.34709
383	2.25963
384	2.28238
385	2.20058
386	2.21259
387	2.13591
388	2.15738
389	2.10941
390	2.08856
391	2.05062
392	1.9985
393	2.00009
394	1.95588
395	1.92067
396	1.93949
397	1.87765
398	1.91268
399	1.85089
400	1.87006
401	1.81961
402	1.81736
403	1.73799
404	1.76427
405	1.70243
406	1.70764
407	1.67284
408	1.64338
409	1.64373
410	1.61392
411	1.58428
412	1.60822
413	1.55146
414	1.58516
415	1.52129
416	1.544
417	1.48026
418	1.4815
419	1.42178
420	1.4553
421	1.40363
422	1.408
423	1.38353
424	1.34254
425	1.35045
426	1.30062
427	1.28326
428	1.27659
429	1.23348
430	1.27275
431	1.20208
432	1.24444
433	1.17514
434	1.19961
435	1.12465
436	1.16003
437	1.09603
438	1.10164
439	1.08203
440	1.06202
441	1.05504
442	1.0281
443	0.997309
444	1.02125
445	0.966346
446	0.99276
447	0.915639
448	0.961178
449	0.899694
450	0.938652
451	0.889977
452	0.905215
453	0.8648
454	0.875931
455	0.853272
456	0.823104
457	0.832998
458	0.807821
459	0.762945
460	0.791479
461	0.74965
462	0.79541
463	0.718334
464	0.768245
465	0.698899
466	0.719129
467	0.673634
468	0.706629
469	0.673016
470	0.684102
471	0.68079
472	0.638343
473	0.645498
474	0.630525
475	0.591302
476	0.608307
477	0.56056
478	0.598722
479	0.527344
480	0.569261
481	0.524871
482	0.547353
483	0.501196
484	0.544394
485	0.496028
486	0.506717
487	0.489535
488	0.460383
489	0.493201
490	0.461841
491	0.44329
492	0.453581
493	0.411841
494	0.46882
495	0.393996
496	0.431717
497	0.379199
498	0.417185
499	0.372972
500	0.416611
501	0.37253
502	0.364182
503	0.366434
504	0.343378
505	0.348016
506	0.312503
507	0.323281
508	0.331585
509	0.298016
510	0.319791
511	0.259677
512	0.317141
513	0.250666
514	0.284986
515	0.250313
516	0.305613
517	0.259279
518	0.279995
519	0.28556
520	0.258616
521	0.286708
522	0.273413
523	0.263873
524	0.274032
525	0.253449
526	0.281805
527	0.218245
528	0.276549
529	0.231275
530	0.264535
531	0.211576
532	0.253272
533	0.218775
534	0.243025
535	0.221646
536	0.201814
537	0.233926
538	0.210162
539	0.185869
540	0.216567
541	0.183484
542	0.230348
543	0.179509
544	0.240065
545	0.184146
546	0.205171
547	0.159544
548	0.205613
549	0.164093
550	0.193731
551	0.209279
552	0.188608
553	0.214624
554	0.199341
555	0.196602
556	0.195454
557	0.159102
558	0.220145
559	0.132777
560	0.205657
561	0.160251
562	0.199959
563	0.149783
564	0.187857
565	0.164535
566	0.184279
567	0.191523
568	0.168245
569	0.185913
570	0.170851
571	0.155039
572	0.184058
573	0.143245
574	0.191479
575	0.129553
576	0.185869
577	0.143201
578	0.176063
579	0.118775
580	0.171602
581	0.142009
582	0.160781
583	0.147177
584	0.137503
585	0.155127
586	0.159588
587	0.141434
588	0.156673
589	0.130392
590	0.175843
591	0.108881
592	0.161178
593	0.10071
594	0.147221
595	0.0942172
596	0.134102
597	0.0901094
598	0.121691
599	0.107777
600	0.0920528
601	0.116523
602	0.0935988
603	0.084809
604	0.124738
605	0.0787136
606	0.143113
607	0.0861783
608	0.158926
609	0.101328
610	0.133175
611	0.0895793
612	0.11988
613	0.101682
614	0.12518
615	0.109544
616	0.10632
617	0.131231
618	0.118555
619	0.100224
620	0.142185
621	0.107866
622	0.128493
623	0.0920528
624	0.152654
625	0.0997825
626	0.145233
627	0.10442
628	0.150798
629	0.112459
630	0.131496
631	0.116037
632	0.105878
633	0.130304
634	0.115684
635	0.0917437
636	0.108926
637	0.0845882
638	0.146735
639	0.0742967
640	0.130966
641	0.0771677
642	0.110781
643	0.0698355
644	0.12465
645	0.0815405
646	0.116434
647	0.0978391
648	0.0735458
649	0.0937313
650	0.104332
651	0.09965
652	0.107689
653	0.0799062
654	0.136267
655	0.0691288
656	0.115463
657	0.0809221
658	0.11427
659	0.0737666
660	0.127742
661	0.0827772
662	0.0949239
663	0.097044
664	0.082468
665	0.115507
666	0.0757543
667	0.0605599
668	0.112636
669	0.0718232
670	0.131761
671	0.0742083
672	0.137592
673	0.0954981
674	0.122927
675	0.0898444
676	0.137901
677	0.0736783
678	0.0896677
679	0.0894468
680	0.0763285
681	0.100843
682	0.0766377
683	0.076991
684	0.0978391
685	0.0676271
686	0.10495
687	0.0486341
688	0.11162
689	0.0731041
690	0.103714
691	0.0617083
692	0.125268
693	0.0953214
694	0.107247
695	0.121602
696	0.0896235
697	0.123811
698	0.104111
699	0.102919
700	0.130745
701	0.106364
702	0.167715
703	0.103139
704	0.153758
705	0.0958073
706	0.146514
707	0.099385
708	0.141832
709	0.099385
710	0.12359
711	0.117009
712	0.121558
713	0.153007
714	0.144791
715	0.130348
716	0.164624
717	0.129906
718	0.178272
719	0.12624
720	0.189844
721	0.135781
722	0.189138
723	0.142097
724	0.179509
725	0.154906
726	0.183219
727	0.159677
728	0.144747
729	0.177389
730	0.154862
731	0.152035
732	0.170498
733	0.136752
734	0.192009
735	0.136797
736	0.184544
737	0.132291
738	0.165949
739	0.116832
740	0.172265
741	0.146293
742	0.176593
743	0.170851
744	0.166258
745	0.196691
746	0.181761
747	0.161752
748	0.203669
749	0.169703
750	0.211046
751	0.14351
752	0.215463
753	0.186222
754	0.230834
755	0.177565
756	0.206938
757	0.194571
758	0.233749
759	0.215639
760	0.20579
761	0.242627
762	0.226858
763	0.213254
764	0.237548
765	0.211929
766	0.243555
767	0.188519
768	0.242185
769	0.20791
770	0.260604
771	0.211708
772	0.256673
773	0.22836
774	0.267715
775	0.257203
776	0.234897
777	0.252433
778	0.222883
779	0.200224
780	0.235118
781	0.214668
782	0.266434
783	0.210604
784	0.267848
785	0.212283
786	0.278934
787	0.232866
788	0.262371
789	0.221779
790	0.244085
791	0.251991
792	0.234677
793	0.253493
794	0.250092
795	0.244394
796	0.265374
797	0.226284
798	0.29245
799	0.237194
800	0.302212
801	0.243157
802	0.295498
803	0.239756
804	0.286797
805	0.244482
806	0.264138
807	0.288873
808	0.255525
809	0.277698
810	0.265242
811	0.254553
812	0.287945
813	0.270719
814	0.328714
815	0.261797
816	0.322088
817	0.276417
818	0.312194
819	0.27306
820	0.330039
821	0.273502
822	0.301152
823	0.306187
824	0.279067
825	0.289049
826	0.259986
827	0.273899
828	0.307556
829	0.264977
830	0.315904
831	0.243775
832	0.305436
833	0.267804
834	0.307159
835	0.245366
836	0.294924
837	0.25897
838	0.280083
839	0.276417
840	0.266037
841	0.270542
842	0.251638
843	0.244968
844	0.278184
845	0.248767
846	0.306143
847	0.246558
848	0.318864
849	0.252786
850	0.28609
851	0.22359
852	0.281231
853	0.248369
854	0.264889
855	0.271028
856	0.247662
857	0.27889
858	0.259809
859	0.243643
860	0.296514
861	0.288033
862	0.331187
863	0.270498
864	0.331364
865	0.289844
866	0.335869
867	0.286355
868	0.339226
869	0.328493
870	0.343422
871	0.337592
872	0.312018
873	0.333705
874	0.323148
875	0.333484
876	0.372618
877	0.337194
878	0.385825
879	0.328449
880	0.371558
881	0.335913
882	0.396337
883	0.354332
884	0.397751
885	0.37094
886	0.400003
887	0.402477
888	0.38874
889	0.42147
890	0.388387
891	0.370498
892	0.386399
893	0.372044
894	0.416567
895	0.36829
896	0.424915
897	0.369129
898	0.411355
899	0.356938
900	0.423192
901	0.399252
902	0.401461
903	0.386267
904	0.378316
905	0.415065
906	0.403537
907	0.413387
908	0.448457
909	0.400048
910	0.456099
911	0.412945
912	0.476108
913	0.412813
914	0.462503
915	0.422221
916	0.465286
917	0.439668
918	0.463696
919	0.462018
920	0.438298
921	0.452874
922	0.450887
923	0.448369
924	0.484456
925	0.459853
926	0.513343
927	0.445321
928	0.479332
929	0.453758
930	0.515154
931	0.43662
932	0.484323
933	0.45442
934	0.491169
935	0.474164
936	0.476858
937	0.509235
938	0.498722
939	0.47836
940	0.487813
941	0.482468
942	0.556496
943	0.495984
944	0.549252
945	0.508793
946	0.53291
947	0.490021
948	0.549208
949	0.521646
950	0.543334
951	0.530348
952	0.499385
953	0.527168
954	0.514182
955	0.503493
956	0.530922
957	0.517539
958	0.559014
959	0.508263
960	0.554862
961	0.528846
962	0.570012
963	0.536752
964	0.580039
965	0.534765
966	0.570321
967	0.546426
968	0.527124
969	0.555171
970	0.541788
971	0.522221
972	0.546116
973	0.513917
974	0.575489
975	0.531673
976	0.58291
977	0.544526
978	0.58101
979	0.538873
980	0.586311
981	0.564005
982	0.573678
983	0.576284
984	0.556187
985	0.580171
986	0.557071
987	0.55548
988	0.593687
989	0.560118
990	0.60495
991	0.560339
992	0.632512
993	0.59245
994	0.627698
995	0.587459
996	0.627212
997	0.612327
998	0.640021
999	0.644571
1000	0.626858
1001	0.642362
1002	0.634323
1003	0.623148
1004	0.638387
1005	0.616434
1006	0.664844
1007	0.616081
1008	0.692936
1009	0.656717
1010	0.701638
1011	0.662813
1012	0.735118
1013	0.69033
1014	0.728493
1015	0.740021
1016	0.721249
1017	0.764447
1018	0.762327
1019	0.748855
1020	0.784102
1021	0.763078
1022	0.84488
1023	0.814049
