0	0.000263233
1	0.000279548
2	0.000195643
3	0.000204966
4	9.54232e-05
5	-3.27652e-05
6	-0.000177268
7	-0.000254182
8	-0.000244859
9	-0.000398685
10	-0.000312449
11	-0.000100355
12	0.000214289
13	0.000507957
14	0.000729373
15	0.000682759
16	0.000433374
17	0.000158352
18	-0.000137647
19	-0.000387031
20	-0.000785581
21	-0.000895123
22	-0.000738967
23	-0.000421992
24	1.85102e-05
25	0.000349469
26	0.000675767
27	0.000713058
28	0.000645468
29	0.000214289
30	-0.000179599
31	-0.000491913
32	-0.000596794
33	-0.000419661
34	-0.000191253
35	-8.8702e-05
36	5.11399e-05
37	0.00038443
38	0.000503295
39	0.000626822
40	0.000547579
41	0.000361123
42	0.000258572
43	-0.000244859
44	-0.000496574
45	-0.000701676
46	-0.000643408
47	-0.000491913
48	-0.000186591
49	0.000505626
50	0.00121183
51	0.00159406
52	0.00160805
53	0.00149151
54	0.00131205
55	0.00118852
56	0.00144956
57	0.00348193
58	0.0101524
59	0.0285369
60	0.0716385
61	0.152334
62	0.269014
63	0.407394
64	0.551536
65	0.690618
66	0.819525
67	0.935421
68	1.03685
69	1.12326
70	1.19505
71	1.25272
72	1.29702
73	1.32916
74	1.35146
75	1.36684
76	1.3782
77	1.3878
78	1.39662
79	1.40491
80	1.41254
81	1.41882
82	1.42265
83	1.42361
84	1.42277
85	1.42212
86	1.42212
87	1.42364
88	1.42696
89	1.43089
90	1.43338
91	1.43277
92	1.4281
93	1.41927
94	1.40844
95	1.39745
96	1.38787
97	1.38082
98	1.3768
99	1.37464
100	1.37309
101	1.37022
102	1.3643
103	1.35486
104	1.34218
105	1.32802
106	1.31443
107	1.30257
108	1.29338
109	1.2865
110	1.28076
111	1.27455
112	1.26688
113	1.25713
114	1.24549
115	1.2332
116	1.22109
117	1.21027
118	1.20072
119	1.19219
120	1.18357
121	1.17434
122	1.16433
123	1.15398
124	1.14458
125	1.13685
126	1.13187
127	1.12969
128	1.12893
129	1.12782
130	1.12365
131	1.11502
132	1.10201
133	1.08637
134	1.07028
135	1.0166
136	1.00524
137	0.99935
138	0.997783
139	0.99831
140	0.997863
141	0.994094
142	0.984275
143	0.96892
144	0.986897
145	0.965198
146	0.945993
147	0.931731
148	0.924478
149	0.923311
150	0.926292
151	0.929848
152	0.930447
153	0.925975
154	0.915703
155	0.899787
156	0.880535
157	0.861025
158	0.844009
159	0.831817
160	0.825328
161	0.823366
162	0.823841
163	0.824144
164	0.822314
165	0.816982
166	0.808025
167	0.796173
168	0.782439
169	0.76837
170	0.755057
171	0.743789
172	0.735205
173	0.729296
174	0.725502
175	0.722838
176	0.720531
177	0.717724
178	0.713914
179	0.707742
180	0.698839
181	0.687668
182	0.674532
183	0.660718
184	0.647699
185	0.637308
186	0.630997
187	0.629048
188	0.630353
189	0.632822
190	0.634106
191	0.631971
192	0.625077
193	0.613649
194	0.598292
195	0.581952
196	0.567383
197	0.557128
198	0.552641
199	0.553452
200	0.557675
201	0.562567
202	0.565206
203	0.562656
204	0.554587
205	0.542097
206	0.526931
207	0.512101
208	0.4999
209	0.492406
210	0.489983
211	0.491558
212	0.495166
213	0.498303
214	0.499068
215	0.496171
216	0.489276
217	0.479168
218	0.467447
219	0.456097
220	0.446291
221	0.439185
222	0.435069
223	0.433689
224	0.433577
225	0.433745
226	0.433517
227	0.431433
228	0.426888
229	0.420938
230	0.413268
231	0.40466
232	0.395769
233	0.387343
234	0.3803
235	0.375559
236	0.372674
237	0.371935
238	0.372539
239	0.373238
240	0.372867
241	0.370105
242	0.364714
243	0.357182
244	0.348358
245	0.339226
246	0.331903
247	0.327235
248	0.325556
249	0.327155
250	0.330491
251	0.33394
252	0.335651
253	0.33394
254	0.328188
255	0.319555
256	0.309645
257	0.300315
258	0.293192
259	0.289466
260	0.289701
261	0.292798
262	0.297082
263	0.300152
264	0.300448
265	0.297171
266	0.290421
267	0.281026
268	0.271358
269	0.263098
270	0.257421
271	0.25503
272	0.255388
273	0.257428
274	0.260129
275	0.261798
276	0.261231
277	0.258073
278	0.253184
279	0.24824
280	0.245199
281	0.24535
282	0.248315
283	0.253482
284	0.216205
285	0.216566
286	0.217724
287	0.218433
288	0.218156
289	0.216258
290	0.213098
291	0.208544
292	0.203001
293	0.197263
294	0.192401
295	0.188917
296	0.186707
297	0.186099
298	0.186803
299	0.187896
300	0.188656
301	0.188152
302	0.186262
303	0.182827
304	0.178245
305	0.173159
306	0.168952
307	0.16606
308	0.164466
309	0.16472
310	0.166029
311	0.167931
312	0.169346
313	0.169213
314	0.167342
315	0.164242
316	0.160005
317	0.155439
318	0.151246
319	0.148053
320	0.146445
321	0.1461
322	0.146347
323	0.147076
324	0.147337
325	0.146934
326	0.145522
327	0.143079
328	0.139532
329	0.135481
330	0.131645
331	0.128377
332	0.126489
333	0.125445
334	0.125417
335	0.125802
336	0.126184
337	0.126258
338	0.125151
339	0.123222
340	0.120406
341	0.117621
342	0.114875
343	0.112799
344	0.111598
345	0.111356
346	0.111587
347	0.112069
348	0.111904
349	0.111368
350	0.110288
351	0.108151
352	0.105243
353	0.102231
354	0.0994484
355	0.0975652
356	0.0962507
357	0.0957473
358	0.0960922
359	0.0966026
360	0.0969569
361	0.0965653
362	0.0955468
363	0.0936333
364	0.0907526
365	0.0873824
366	0.0843455
367	0.0816116
368	0.0800663
369	0.0796515
370	0.080036
371	0.0808028
372	0.0810942
373	0.0806397
374	0.0793928
375	0.0770807
376	0.0736732
377	0.0701609
378	0.0671473
379	0.0652361
380	0.0644274
381	0.0647443
382	0.0657442
383	0.0665623
384	0.0672615
385	0.0669935
386	0.0654296
387	0.0627376
388	0.0596541
389	0.056503
390	0.0542212
391	0.0531538
392	0.0530046
393	0.0533892
394	0.0539345
395	0.0542655
396	0.0541443
397	0.0530302
398	0.0512356
399	0.0489329
400	0.0468935
401	0.0448961
402	0.0434814
403	0.0430665
404	0.0432623
405	0.0439475
406	0.0787961
407	0.0752837
408	0.071494
409	0.0674316
410	0.0629077
411	0.0580832
412	0.0538134
413	0.0503523
414	0.0475857
415	0.0455534
416	0.0445465
417	0.0453319
418	0.0473387
419	0.0503709
420	0.0539975
421	0.0576101
422	0.0603043
423	0.0619545
424	0.0624789
425	0.0621223
426	0.0614417
427	0.0606843
428	0.0605141
429	0.0612343
430	0.0630755
431	0.0648795
432	0.0666905
433	0.067681
434	0.0677929
435	0.0666905
436	0.0645788
437	0.0622179
438	0.0599827
439	0.0580855
440	0.0569691
441	0.0569225
442	0.0577685
443	0.0590201
444	0.060006
445	0.0602997
446	0.0600386
447	0.0589199
448	0.0571719
449	0.0551395
450	0.0534404
451	0.0523427
452	0.0516388
453	0.0513125
454	0.0513754
455	0.051753
456	0.052105
457	0.0519371
458	0.0514966
459	0.0507974
460	0.0499281
461	0.0487651
462	0.0473923
463	0.0460125
464	0.0453366
465	0.0445535
466	0.0441316
467	0.0441037
468	0.0444509
469	0.0445512
470	0.0444463
471	0.0435117
472	0.0425118
473	0.0411227
474	0.0393281
475	0.0373656
476	0.0358157
477	0.0346573
478	0.0339721
479	0.0340327
480	0.0343217
481	0.0347669
482	0.0347156
483	0.0339092
484	0.0327858
485	0.0313361
486	0.0296533
487	0.0280475
488	0.0270127
489	0.0269311
490	0.0271455
491	0.0274392
492	0.0275627
493	0.0274275
494	0.0268845
495	0.0260198
496	0.0245678
497	0.0231763
498	0.0222184
499	0.0217406
500	0.0216451
501	0.0219807
502	0.0224911
503	0.0230598
504	0.0233302
505	0.0230738
506	0.0225354
507	0.0217569
508	0.0204541
509	0.0195707
510	0.0188529
511	0.0184264
512	0.0179579
513	0.0173612
514	0.017
515	0.0166527
516	0.0162798
517	0.0159745
518	0.0156155
519	0.0153405
520	0.0148464
521	0.0139957
522	0.013131
523	0.0124155
524	0.0115881
525	0.0109052
526	0.0103412
527	0.010199
528	0.010171
529	0.0100312
530	0.0100265
531	0.00965129
532	0.00901034
533	0.00785665
534	0.0065165
535	0.00548866
536	0.00475682
537	0.00431399
538	0.00401799
539	0.00440022
540	0.00493628
541	0.00505981
542	0.00477546
543	0.00397837
544	0.00303909
545	0.00194367
546	0.000815609
547	0.000337816
548	-9.5694e-05
549	0.000228273
550	0.000771326
551	0.00123513
552	0.00128641
553	0.000673436
554	-1.17889e-05
555	-0.000575818
556	-0.000839187
557	-0.000776258
558	-0.00011667
559	0.000850569
560	0.002242
561	0.00341434
562	0.00435128
563	0.00503417
564	0.00538378
565	0.00505049
566	0.00418347
567	0.00303443
568	0.00228395
569	0.00182014
570	0.0016197
571	0.00156143
572	0.00162669
573	0.00183412
574	0.0017106
575	0.00131904
576	0.000850569
577	0.000323832
578	-0.000230875
579	-0.00078325
580	-0.00142652
581	-0.00206047
582	-0.00237978
583	-0.00271074
584	-0.00319319
585	-0.00321883
586	-0.00321184
587	-0.00337732
588	-0.00378519
589	-0.00442147
590	-0.00516729
591	-0.00604364
592	-0.00671255
593	-0.00709012
594	-0.0072556
595	-0.00740243
596	-0.00738379
597	-0.00706215
598	-0.00679878
599	-0.00680344
600	-0.00688502
601	-0.00697825
602	-0.00726492
603	-0.00790819
604	-0.00901061
605	-0.0100338
606	-0.0108589
607	-0.0114299
608	-0.0119263
609	-0.011938
610	-0.0115184
611	-0.0109731
612	-0.010775
613	-0.0112504
614	-0.0119659
615	-0.0130287
616	-0.0140962
617	-0.0152243
618	-0.0156018
619	-0.0154527
620	-0.0151567
621	-0.0147232
622	-0.0140193
623	-0.0130614
624	-0.012537
625	-0.012826
626	-0.0131569
627	-0.0134879
628	-0.0137373
629	-0.0142803
630	-0.0144062
631	-0.0142384
632	-0.013989
633	-0.0133434
634	-0.0126395
635	-0.0118331
636	-0.011297
637	-0.0110476
638	-0.0115721
639	-0.012206
640	-0.0129565
641	-0.0138538
642	-0.0146462
643	-0.01518
644	-0.0152522
645	-0.0147185
646	-0.0143829
647	-0.0138701
648	-0.013376
649	-0.0131196
650	-0.0132129
651	-0.0135951
652	-0.0140379
653	-0.0142244
654	-0.0147628
655	-0.0153058
656	-0.0155878
657	-0.0156205
658	-0.0152872
659	-0.0150401
660	-0.0149912
661	-0.0151497
662	-0.0153478
663	-0.0158932
664	-0.0165458
665	-0.0171611
666	-0.0176505
667	-0.0181819
668	-0.0185851
669	-0.0187576
670	-0.0184569
671	-0.0182262
672	-0.0183893
673	-0.0184523
674	-0.0185572
675	-0.0189231
676	-0.0197085
677	-0.0206525
678	-0.0211396
679	-0.0212678
680	-0.0213726
681	-0.0213983
682	-0.0211442
683	-0.0209228
684	-0.0209275
685	-0.0212375
686	-0.0219856
687	-0.0225193
688	-0.0230974
689	-0.0234586
690	-0.023722
691	-0.0231859
692	-0.0227105
693	-0.0225823
694	-0.0229598
695	-0.0229995
696	-0.0231999
697	-0.0233514
698	-0.0239084
699	-0.0242068
700	-0.0241578
701	-0.0243583
702	-0.0246356
703	-0.024878
704	-0.0245307
705	-0.0244095
706	-0.0244468
707	-0.024314
708	-0.0240599
709	-0.0239411
710	-0.0240226
711	-0.0239014
712	-0.0240226
713	-0.0241835
714	-0.024596
715	-0.0246659
716	-0.0246356
717	-0.0241741
718	-0.0239364
719	-0.0238642
720	-0.024018
721	-0.024032
722	-0.0244678
723	-0.0249922
724	-0.0252602
725	-0.0253675
726	-0.025505
727	-0.0258359
728	-0.0258499
729	-0.0253628
730	-0.0248267
731	-0.0246449
732	-0.0250481
733	-0.0252672
734	-0.0256541
735	-0.0262601
736	-0.026922
737	-0.0273905
738	-0.0275327
739	-0.0276376
740	-0.0276049
741	-0.0273649
742	-0.0268941
743	-0.0266773
744	-0.0268474
745	-0.0274628
746	-0.0280454
747	-0.028677
748	-0.0292854
749	-0.0296117
750	-0.0297095
751	-0.0296909
752	-0.0294975
753	-0.0292154
754	-0.028726
755	-0.0286374
756	-0.0287912
757	-0.0291898
758	-0.0297352
759	-0.0301361
760	-0.0305113
761	-0.0306535
762	-0.0307397
763	-0.0303854
764	-0.0303062
765	-0.0303621
766	-0.0305393
767	-0.0303831
768	-0.0303551
769	-0.0306838
770	-0.0309192
771	-0.0310847
772	-0.0309705
773	-0.0309681
774	-0.0306581
775	-0.0299869
776	-0.029311
777	-0.028437
778	-0.0276306
779	-0.0270339
780	-0.0265724
781	-0.0264256
782	-0.0265911
783	-0.0267868
784	-0.0267868
785	-0.0265981
786	-0.0260597
787	-0.0251437
788	-0.0233677
789	-0.0218131
790	-0.0206618
791	-0.0196363
792	-0.0184499
793	-0.0173522
794	-0.0165271
795	-0.0161402
796	-0.0155342
797	-0.0148397
798	-0.0141195
799	-0.0134786
800	-0.0129705
801	-0.0123925
802	-0.0119193
803	-0.0117841
804	-0.0119986
805	-0.012171
806	-0.0124531
807	-0.0127141
808	-0.0131779
809	-0.0133434
810	-0.0132268
811	-0.0129122
812	-0.0127491
813	-0.0125323
814	-0.0121524
815	-0.0121058
816	-0.0125952
817	-0.0131989
818	-0.0138794
819	-0.0144575
820	-0.0149026
821	-0.015462
822	-0.0156018
823	-0.0154433
824	-0.0153082
825	-0.0153268
826	-0.015117
827	-0.0149935
828	-0.0148956
829	-0.0153291
830	-0.0158186
831	-0.0162195
832	-0.0165131
833	-0.016618
834	-0.0159048
835	-0.0147371
836	-0.0132059
837	-0.0119473
838	-0.0106398
839	-0.00924602
840	-0.00818089
841	-0.00753295
842	-0.00750265
843	-0.0076961
844	-0.0078709
845	-0.00825547
846	-0.00864936
847	-0.00863304
848	-0.00836035
849	-0.00798278
850	-0.00809465
851	-0.00827411
852	-0.00823682
853	-0.00820652
854	-0.00863071
855	-0.00897099
856	-0.00952104
857	-0.00962359
858	-0.00968186
859	-0.0100618
860	-0.0100711
861	-0.0100245
862	-0.0102249
863	-0.010416
864	-0.0104184
865	-0.0103205
866	-0.0102832
867	-0.0104929
868	-0.0104859
869	-0.010148
870	-0.00991259
871	-0.00981237
872	-0.00974478
873	-0.00961193
874	-0.00939285
875	-0.00955833
876	-0.00968652
877	-0.00951871
878	-0.00910384
879	-0.00886611
880	-0.0087892
881	-0.00874025
882	-0.00875657
883	-0.00917143
884	-0.00973546
885	-0.0101224
886	-0.0104323
887	-0.0106048
888	-0.0107447
889	-0.0107493
890	-0.0108659
891	-0.0107796
892	-0.010987
893	-0.0110546
894	-0.0112994
895	-0.0116373
896	-0.0120825
897	-0.0123342
898	-0.0128376
899	-0.0131849
900	-0.0133923
901	-0.0137932
902	-0.0139424
903	-0.0140636
904	-0.0140473
905	-0.0140962
906	-0.0142733
907	-0.0145437
908	-0.0152149
909	-0.0156974
910	-0.0165155
911	-0.0170422
912	-0.0176156
913	-0.0179675
914	-0.0181912
915	-0.018401
916	-0.0185944
917	-0.0186084
918	-0.0186317
919	-0.0188042
920	-0.0194428
921	-0.0200395
922	-0.0209205
923	-0.0213633
924	-0.0218877
925	-0.0222
926	-0.0224168
927	-0.0220928
928	-0.0218598
929	-0.0218271
930	-0.0219017
931	-0.02196
932	-0.0223096
933	-0.0230624
934	-0.0236707
935	-0.0241042
936	-0.0246566
937	-0.0250318
938	-0.0254164
939	-0.0256238
940	-0.0256588
941	-0.0254211
942	-0.0252323
943	-0.025216
944	-0.0254164
945	-0.025498
946	-0.0258103
947	-0.0262554
948	-0.0267752
949	-0.0270176
950	-0.0270945
951	-0.0267962
952	-0.0265631
953	-0.0259152
954	-0.025223
955	-0.0246333
956	-0.0241485
957	-0.024004
958	-0.0239574
959	-0.024011
960	-0.0243466
961	-0.0247498
962	-0.0247755
963	-0.0246822
964	-0.0248034
965	-0.0246403
966	-0.0244375
967	-0.0243489
968	-0.0246333
969	-0.0250691
970	-0.0255516
971	-0.0260876
972	-0.0263906
973	-0.0270362
974	-0.0272437
975	-0.0273952
976	-0.0272553
977	-0.0273975
978	-0.0270642
979	-0.026971
980	-0.0271365
981	-0.0274697
982	-0.0278543
983	-0.0283111
984	-0.0288052
985	-0.0293133
986	-0.029635
987	-0.0296932
988	-0.0294485
989	-0.029332
990	-0.0291455
991	-0.0288752
992	-0.0287376
993	-0.0288775
994	-0.0291269
995	-0.0294625
996	-0.0297002
997	-0.0303179
998	-0.0309821
999	-0.0309402
1000	-0.0305579
1001	-0.0300964
1002	-0.029607
1003	-0.0293949
1004	-0.029015
1005	-0.0289404
1006	-0.0290639
1007	-0.0290033
1008	-0.0286398
1009	-0.0280547
1010	-0.0272274
1011	-0.0264349
1012	-0.0252672
1013	-0.0241462
1014	-0.0233304
1015	-0.0228363
1016	-0.0225193
1017	-0.0222466
1018	-0.0221488
1019	-0.0218667
1020	-0.0218061
1021	-0.0217922
1022	-0.0218085
1023	-0.0220392
