0	-4.36292e-05
1	-4.82906e-05
2	-2.9645e-05
3	7.29057e-05
4	3.79453e-05
5	0.000140496
6	0.000145157
7	-0.000211439
8	-1.33301e-05
9	7.0575e-05
10	8.92206e-05
11	5.19294e-05
12	7.75671e-05
13	-8.3251e-05
14	1.23076e-05
15	2.39611e-05
16	2.16304e-05
17	-6.33801e-06
18	-0.000108889
19	2.62918e-05
20	-0.000132196
21	-8.3251e-05
22	-0.000143849
23	2.16304e-05
24	-0.000101897
25	-5.76134e-05
26	2.86225e-05
27	-7.6259e-05
28	-0.000160164
29	-0.000101897
30	-0.000164825
31	-0.000120542
32	-0.000188132
33	-0.000283691
34	-0.000267376
35	-9.95659e-05
36	-5.06213e-05
37	-0.000164825
38	-0.000106558
39	-0.000206778
40	-0.000160164
41	-0.000155503
42	-2.9645e-05
43	6.59136e-05
44	0.000194102
45	0.000303645
46	0.000375896
47	0.000518069
48	0.0005204
49	0.000601974
50	0.000560022
51	0.000634604
52	0.00068821
53	0.000870004
54	0.00110307
55	0.0014923
56	0.0024945
57	0.00605814
58	0.0166582
59	0.0449109
60	0.104017
61	0.199942
62	0.324219
63	0.461297
64	0.597405
65	0.724789
66	0.840376
67	0.942414
68	1.03043
69	1.10453
70	1.16528
71	1.21394
72	1.25233
73	1.28202
74	1.30463
75	1.32137
76	1.33359
77	1.3423
78	1.3486
79	1.35319
80	1.35765
81	1.36383
82	1.37254
83	1.38283
84	1.39349
85	1.40355
86	1.41236
87	1.41955
88	1.42497
89	1.42842
90	1.43018
91	1.43008
92	1.42843
93	1.42507
94	1.4206
95	1.41532
96	1.40919
97	1.40265
98	1.39568
99	1.38841
100	1.38092
101	1.37356
102	1.36597
103	1.35877
104	1.35166
105	1.34452
106	1.33724
107	1.32972
108	1.32201
109	1.3139
110	1.30558
111	1.29709
112	1.28849
113	1.2798
114	1.27107
115	1.26208
116	1.25299
117	1.24409
118	1.2349
119	1.22567
120	1.21618
121	1.20704
122	1.19787
123	1.18936
124	1.18192
125	1.17531
126	1.1688
127	1.16206
128	1.15523
129	1.14836
130	1.14145
131	1.13449
132	1.12718
133	1.11901
134	1.11051
135	1.10176
136	1.09297
137	1.08421
138	1.07495
139	1.06585
140	1.05632
141	1.04688
142	1.03747
143	1.02814
144	1.01895
145	1.00998
146	1.00097
147	0.992055
148	0.982903
149	0.973829
150	0.964837
151	0.955927
152	0.94728
153	0.938741
154	0.930287
155	0.921866
156	0.913394
157	0.904736
158	0.896052
159	0.88761
160	0.879028
161	0.870649
162	0.862345
163	0.85401
164	0.845907
165	0.837989
166	0.830365
167	0.822711
168	0.81506
169	0.807504
170	0.799959
171	0.792359
172	0.784765
173	0.777167
174	0.769861
175	0.762393
176	0.75511
177	0.747724
178	0.74034
179	0.732868
180	0.72568
181	0.718303
182	0.711001
183	0.703876
184	0.696402
185	0.688911
186	0.681569
187	0.674335
188	0.667158
189	0.660082
190	0.653118
191	0.646149
192	0.639258
193	0.632499
194	0.625991
195	0.619393
196	0.612825
197	0.606411
198	0.600139
199	0.593776
200	0.587465
201	0.581046
202	0.574695
203	0.568353
204	0.562132
205	0.556005
206	0.549961
207	0.54399
208	0.538343
209	0.532523
210	0.526636
211	0.521061
212	0.515546
213	0.510279
214	0.504986
215	0.499723
216	0.494647
217	0.489699
218	0.484697
219	0.479861
220	0.475139
221	0.470415
222	0.465383
223	0.460435
224	0.455505
225	0.450338
226	0.445565
227	0.440959
228	0.436051
229	0.431322
230	0.426439
231	0.421482
232	0.416513
233	0.411697
234	0.406805
235	0.402051
236	0.397345
237	0.392686
238	0.388125
239	0.383731
240	0.379499
241	0.375436
242	0.371281
243	0.367253
244	0.363305
245	0.359737
246	0.356061
247	0.352183
248	0.34827
249	0.344294
250	0.340429
251	0.336679
252	0.332943
253	0.329128
254	0.325047
255	0.321257
256	0.317346
257	0.313421
258	0.309699
259	0.305972
260	0.302281
261	0.298635
262	0.295363
263	0.292184
264	0.288944
265	0.285625
266	0.282581
267	0.279535
268	0.276494
269	0.273599
270	0.270543
271	0.267532
272	0.264388
273	0.261486
274	0.258561
275	0.255543
276	0.252693
277	0.249653
278	0.246561
279	0.243615
280	0.240899
281	0.238277
282	0.236077
283	0.233949
284	0.232045
285	0.230232
286	0.228309
287	0.226381
288	0.224377
289	0.222146
290	0.21982
291	0.21787
292	0.215732
293	0.213693
294	0.211505
295	0.209903
296	0.208799
297	0.208447
298	0.208346
299	0.207843
300	0.207363
301	0.206687
302	0.206009
303	0.205613
304	0.205361
305	0.205193
306	0.205065
307	0.204718
308	0.204037
309	0.20324
310	0.202091
311	0.200795
312	0.199289
313	0.197858
314	0.196427
315	0.194609
316	0.19292
317	0.191367
318	0.189608
319	0.187832
320	0.185962
321	0.184317
322	0.182401
323	0.180546
324	0.178772
325	0.176947
326	0.175341
327	0.173626
328	0.17178
329	0.169836
330	0.167848
331	0.165886
332	0.163837
333	0.161821
334	0.15997
335	0.157931
336	0.155997
337	0.154391
338	0.152748
339	0.150867
340	0.148963
341	0.1471
342	0.145271
343	0.143681
344	0.142038
345	0.140458
346	0.138826
347	0.137118
348	0.135538
349	0.133934
350	0.132452
351	0.131235
352	0.129914
353	0.128709
354	0.127504
355	0.126124
356	0.124819
357	0.123546
358	0.122127
359	0.120784
360	0.119293
361	0.117778
362	0.116466
363	0.11517
364	0.11369
365	0.112266
366	0.110851
367	0.109548
368	0.108024
369	0.106586
370	0.105092
371	0.103623
372	0.102274
373	0.100871
374	0.0994818
375	0.0981743
376	0.0967712
377	0.0952889
378	0.0939767
379	0.0927251
380	0.0914712
381	0.0903315
382	0.088982
383	0.0877538
384	0.0865674
385	0.0853345
386	0.0842647
387	0.0830597
388	0.0818804
389	0.0806661
390	0.0794798
391	0.0784053
392	0.0772749
393	0.0762331
394	0.0754057
395	0.0755968
396	0.076979
397	0.0790976
398	0.0812931
399	0.0835002
400	0.0854301
401	0.0872061
402	0.0890403
403	0.090793
404	0.0923103
405	0.0932542
406	0.093774
407	0.0940373
408	0.0939791
409	0.0936458
410	0.0930841
411	0.0922357
412	0.0915598
413	0.0905599
414	0.0895531
415	0.0884134
416	0.087269
417	0.0861736
418	0.0852017
419	0.0840992
420	0.0831879
421	0.0823372
422	0.0813956
423	0.0805542
424	0.0797968
425	0.0793027
426	0.0785545
427	0.0778926
428	0.0773472
429	0.0764569
430	0.0757693
431	0.0749
432	0.0741658
433	0.0731869
434	0.0721684
435	0.0712361
436	0.0701687
437	0.0690592
438	0.0681386
439	0.0672087
440	0.066281
441	0.0655259
442	0.0644328
443	0.0633467
444	0.062468
445	0.0617688
446	0.0608715
447	0.0601397
448	0.0591678
449	0.0584522
450	0.0576551
451	0.056928
452	0.0560003
453	0.0550308
454	0.0541334
455	0.0534785
456	0.0525882
457	0.0517002
458	0.0508565
459	0.0500058
460	0.0493136
461	0.0486423
462	0.0481692
463	0.0475469
464	0.0469316
465	0.0464934
466	0.0458478
467	0.045384
468	0.0448479
469	0.0442653
470	0.0435125
471	0.0428529
472	0.0422446
473	0.0417574
474	0.0411025
475	0.0403614
476	0.0399209
477	0.0393428
478	0.0388138
479	0.038315
480	0.0376251
481	0.0369958
482	0.0361731
483	0.0355042
484	0.0348283
485	0.0339566
486	0.0330639
487	0.032127
488	0.0312833
489	0.030626
490	0.0299828
491	0.0291903
492	0.0282044
493	0.0276008
494	0.0266172
495	0.0258481
496	0.0250277
497	0.0246152
498	0.0243052
499	0.0239439
500	0.0235594
501	0.0233286
502	0.0230559
503	0.0228438
504	0.0223987
505	0.0220514
506	0.0216645
507	0.0211261
508	0.0206879
509	0.0203989
510	0.0199887
511	0.0194643
512	0.0190215
513	0.0185041
514	0.0182127
515	0.0180333
516	0.0176324
517	0.0173341
518	0.0169611
519	0.0166302
520	0.016248
521	0.0160032
522	0.0153436
523	0.0151152
524	0.0146631
525	0.0140897
526	0.0136236
527	0.0131178
528	0.0128405
529	0.0124909
530	0.012062
531	0.0114514
532	0.0110062
533	0.0106659
534	0.0101928
535	0.00947727
536	0.00891557
537	0.00846575
538	0.00801592
539	0.00763369
540	0.00745889
541	0.00751949
542	0.00747986
543	0.00738897
544	0.0074216
545	0.00722582
546	0.00697643
547	0.00668743
548	0.0065336
549	0.00678765
550	0.00890858
551	0.0130409
552	0.0179633
553	0.022415
554	0.0260182
555	0.0277966
556	0.0281042
557	0.027983
558	0.0280762
559	0.0281112
560	0.0280506
561	0.0277546
562	0.0273397
563	0.026862
564	0.0263072
565	0.0259903
566	0.0257083
567	0.0251069
568	0.024501
569	0.0239859
570	0.0235104
571	0.0232913
572	0.0229674
573	0.0227063
574	0.0224429
575	0.0222215
576	0.0218859
577	0.0213126
578	0.0208068
579	0.0202311
580	0.0195972
581	0.0192149
582	0.0188304
583	0.018292
584	0.0179074
585	0.0175438
586	0.0172921
587	0.0169332
588	0.0166092
589	0.0163552
590	0.0162316
591	0.0160592
592	0.0156117
593	0.0152714
594	0.0151059
595	0.0146817
596	0.0143508
597	0.0138497
598	0.0134837
599	0.0130829
600	0.012696
601	0.012407
602	0.0120084
603	0.0116402
604	0.0113209
605	0.0110202
606	0.0106869
607	0.0102744
608	0.00982688
609	0.00945164
610	0.00933044
611	0.00942367
612	0.010575
613	0.0129873
614	0.0162177
615	0.0197044
616	0.0230746
617	0.0261021
618	0.0288477
619	0.0310129
620	0.032148
621	0.0326957
622	0.0328915
623	0.0331269
624	0.0332224
625	0.0333226
626	0.0334905
627	0.0332714
628	0.0331781
629	0.0329078
630	0.0326514
631	0.0323554
632	0.0321503
633	0.0319778
634	0.0316912
635	0.0318147
636	0.0316865
637	0.0317774
638	0.031824
639	0.0316772
640	0.0313485
641	0.0312576
642	0.0310689
643	0.0306563
644	0.0304792
645	0.0301273
646	0.0296518
647	0.0292439
648	0.028871
649	0.0286869
650	0.0284375
651	0.0285051
652	0.0283326
653	0.0283116
654	0.0281904
655	0.0280366
656	0.0279527
657	0.0277173
658	0.0276451
659	0.0274143
660	0.0271719
661	0.027081
662	0.0268713
663	0.0266522
664	0.0263795
665	0.026228
666	0.0260252
667	0.025974
668	0.0258854
669	0.0255871
670	0.0252957
671	0.0249787
672	0.0248226
673	0.024748
674	0.0246734
675	0.0244823
676	0.024121
677	0.0239276
678	0.0237575
679	0.0235267
680	0.0232004
681	0.022986
682	0.0228182
683	0.0226457
684	0.0225455
685	0.0225059
686	0.0223544
687	0.0221982
688	0.0220677
689	0.0219885
690	0.0217274
691	0.021527
692	0.0210748
693	0.0206809
694	0.0204712
695	0.0201122
696	0.0200074
697	0.0198139
698	0.0196228
699	0.0193641
700	0.019173
701	0.0190122
702	0.0188793
703	0.0187744
704	0.0186089
705	0.0182943
706	0.0180915
707	0.017933
708	0.0177186
709	0.0172968
710	0.017059
711	0.0167677
712	0.0163925
713	0.0160638
714	0.0156979
715	0.0153646
716	0.0148822
717	0.0146001
718	0.0141713
719	0.0136143
720	0.0132087
721	0.0127123
722	0.0123254
723	0.0118313
724	0.0113581
725	0.010871
726	0.0105261
727	0.010046
728	0.00942833
729	0.00902046
730	0.00859161
731	0.00825133
732	0.00784812
733	0.00747287
734	0.00706966
735	0.00678998
736	0.00649631
737	0.00612573
738	0.00573184
739	0.005296
740	0.00486715
741	0.00452687
742	0.00405141
743	0.00376939
744	0.0033219
745	0.002942
746	0.00275321
747	0.00240827
748	0.0020237
749	0.00190483
750	0.00156455
751	0.00118232
752	0.000655581
753	0.000287331
754	4.02765e-05
755	-0.000435186
756	-0.000698555
757	-0.00106681
758	-0.00155625
759	-0.00184759
760	-0.00241861
761	-0.0028125
762	-0.00331593
763	-0.00275656
764	-0.00068224
765	0.00255277
766	0.00634948
767	0.0100716
768	0.0131458
769	0.0160359
770	0.0174576
771	0.01801
772	0.0178794
773	0.017947
774	0.0180006
775	0.0178468
776	0.0176137
777	0.0173667
778	0.0172105
779	0.0170241
780	0.0166768
781	0.0164111
782	0.0161967
783	0.0157119
784	0.015353
785	0.0153786
786	0.0153856
787	0.0153972
788	0.0152178
789	0.0150873
790	0.0148892
791	0.0148099
792	0.0145978
793	0.0143881
794	0.0142086
795	0.013852
796	0.0134744
797	0.0130293
798	0.0125771
799	0.0122904
800	0.0122951
801	0.0124582
802	0.0126843
803	0.0129104
804	0.0130432
805	0.0131318
806	0.0133812
807	0.0134511
808	0.0134208
809	0.013507
810	0.0133789
811	0.0132274
812	0.0129057
813	0.0126214
814	0.0123417
815	0.0119618
816	0.011773
817	0.0114257
818	0.0111857
819	0.0108757
820	0.0104748
821	0.0102045
822	0.0099877
823	0.00962644
824	0.0092442
825	0.00881768
826	0.00847507
827	0.00795067
828	0.00764534
829	0.0072165
830	0.00676667
831	0.00654759
832	0.00612573
833	0.00581575
834	0.00554072
835	0.00524472
836	0.00481355
837	0.00437771
838	0.00410734
839	0.00422155
840	0.00421456
841	0.00444063
842	0.00465506
843	0.00489745
844	0.0052051
845	0.00531465
846	0.00552907
847	0.0056223
848	0.005592
849	0.00546381
850	0.00541487
851	0.00536592
852	0.0052354
853	0.00500466
854	0.00478791
855	0.00452454
856	0.00414697
857	0.00389059
858	0.00368083
859	0.00349437
860	0.00308883
861	0.00279982
862	0.00262269
863	0.00226842
864	0.00203302
865	0.00182326
866	0.00162515
867	0.0014014
868	0.00117066
869	0.000804745
870	0.000413188
871	-6.22748e-05
872	-0.000458493
873	-0.000919972
874	-0.00135348
875	-0.00202006
876	-0.00239763
877	-0.00283114
878	-0.00319939
879	-0.003549
880	-0.00402912
881	-0.00443933
882	-0.00482855
883	-0.00524808
884	-0.00568625
885	-0.00615705
886	-0.00659988
887	-0.00701941
888	-0.00756246
889	-0.00792139
890	-0.00841317
891	-0.00875811
892	-0.00916365
893	-0.009737
894	-0.0101705
895	-0.0105061
896	-0.0106926
897	-0.00872315
898	-0.0041946
899	0.00103315
900	0.00573883
901	0.00948659
902	0.0116122
903	0.0120271
904	0.0121063
905	0.0122578
906	0.0122415
907	0.0121389
908	0.0118592
909	0.0113488
910	0.0110738
911	0.0107102
912	0.0103466
913	0.00990845
914	0.00958915
915	0.00951456
916	0.00943532
917	0.0094563
918	0.00962178
919	0.0100063
920	0.0101602
921	0.0103699
922	0.0103466
923	0.010307
924	0.0102487
925	0.010039
926	0.00976861
927	0.00945863
928	0.00898549
929	0.00870814
930	0.00836553
931	0.00807652
932	0.00766865
933	0.00739363
934	0.00719319
935	0.00684125
936	0.00647766
937	0.00617467
938	0.00599754
939	0.00555238
940	0.00528202
941	0.00494173
942	0.00472498
943	0.00451755
944	0.00417493
945	0.00390923
946	0.00362489
947	0.00338483
948	0.00322867
949	0.00331024
950	0.00362955
951	0.00417027
952	0.00465972
953	0.00523307
954	0.00588334
955	0.00646601
956	0.00690418
957	0.00767564
958	0.00873145
959	0.0106892
960	0.0127402
961	0.0145675
962	0.0161314
963	0.0178771
964	0.019476
965	0.020963
966	0.0221726
967	0.0232494
968	0.0240931
969	0.0247294
970	0.0252165
971	0.0255777
972	0.0258714
973	0.0259693
974	0.0261115
975	0.026242
976	0.0266685
977	0.0271906
978	0.0280133
979	0.0288058
980	0.0296098
981	0.0304629
982	0.0310712
983	0.0315233
984	0.031838
985	0.0321107
986	0.0322482
987	0.032451
988	0.0326351
989	0.0327003
990	0.0324137
991	0.0322505
992	0.0320361
993	0.0319335
994	0.031838
995	0.0319335
996	0.0318357
997	0.031796
998	0.0319405
999	0.0319872
1000	0.0318776
1001	0.0318147
1002	0.0316352
1003	0.0316469
1004	0.0314791
1005	0.0314488
1006	0.0313229
1007	0.0310619
1008	0.0309057
1009	0.0306517
1010	0.0303976
1011	0.0307193
1012	0.0320431
1013	0.0343015
1014	0.0370215
1015	0.0396202
1016	0.0423471
1017	0.0448573
1018	0.0469666
1019	0.0487519
1020	0.0502645
1021	0.0514159
1022	0.0520987
1023	0.0527513
