0	9.5376e-05
1	0.0003098
2	0.000330776
3	0.000300477
4	0.000169958
5	0.000155974
6	0.000328446
7	0.000158305
8	0.000116352
9	0.00027484
10	0.000181612
11	-0.000102733
12	-5.37887e-05
13	5.34234e-05
14	1.14708e-05
15	-6.31115e-05
16	-0.000112056
17	-0.00015867
18	-9.10799e-05
19	-0.000140025
20	-9.34106e-05
21	-7.70957e-05
22	-0.000112056
23	-0.000133032
24	-0.000174985
25	-0.000212276
26	-0.000100403
27	-6.54422e-05
28	-7.4765e-05
29	-0.00015867
30	-0.000228591
31	-0.000396401
32	-0.000303173
33	-0.000233252
34	-0.000114387
35	-0.00022626
36	-0.000165662
37	-0.000363772
38	-0.000151678
39	-5.84501e-05
40	-1.82655e-07
41	1.61322e-05
42	6.80944e-06
43	6.74076e-05
44	0.000263186
45	0.000349422
46	0.000272509
47	0.000295816
48	0.000202588
49	0.000204919
50	0.000200257
51	0.00040769
52	0.000382052
53	0.000328446
54	0.000715342
55	0.00173386
56	0.00407155
57	0.00991228
58	0.0253345
59	0.0606376
60	0.126941
61	0.226241
62	0.346752
63	0.473712
64	0.596225
65	0.709001
66	0.81037
67	0.899444
68	0.976126
69	1.04088
70	1.09418
71	1.1373
72	1.17159
73	1.19841
74	1.21929
75	1.23515
76	1.24715
77	1.25616
78	1.26352
79	1.27042
80	1.27832
81	1.28825
82	1.30009
83	1.31234
84	1.32399
85	1.33432
86	1.34314
87	1.35007
88	1.35551
89	1.35932
90	1.36168
91	1.36226
92	1.36136
93	1.35912
94	1.3559
95	1.35175
96	1.34687
97	1.34121
98	1.33551
99	1.32948
100	1.32335
101	1.3175
102	1.31169
103	1.30596
104	1.30029
105	1.29436
106	1.28849
107	1.2821
108	1.27547
109	1.26837
110	1.26116
111	1.2534
112	1.24523
113	1.2367
114	1.22838
115	1.21984
116	1.21092
117	1.20191
118	1.19279
119	1.18344
120	1.17399
121	1.16451
122	1.15547
123	1.14731
124	1.14025
125	1.13385
126	1.12764
127	1.12135
128	1.11476
129	1.10792
130	1.10111
131	1.09439
132	1.08751
133	1.08039
134	1.0728
135	1.06479
136	1.05628
137	1.04747
138	1.03856
139	1.0296
140	1.02062
141	1.01176
142	1.0028
143	0.993798
144	0.984713
145	0.975614
146	0.966566
147	0.957465
148	0.948398
149	0.9395
150	0.930827
151	0.922367
152	0.913962
153	0.905844
154	0.897701
155	0.889399
156	0.881416
157	0.87327
158	0.864961
159	0.856671
160	0.848325
161	0.840046
162	0.831763
163	0.823722
164	0.815609
165	0.807622
166	0.799632
167	0.791987
168	0.784051
169	0.776211
170	0.768135
171	0.760103
172	0.75231
173	0.744621
174	0.736866
175	0.729194
176	0.72164
177	0.714219
178	0.706761
179	0.699582
180	0.692329
181	0.685088
182	0.677753
183	0.670675
184	0.663573
185	0.656644
186	0.649731
187	0.642937
188	0.635945
189	0.629386
190	0.622849
191	0.616451
192	0.609974
193	0.603501
194	0.597295
195	0.590857
196	0.584634
197	0.578251
198	0.572366
199	0.566143
200	0.559836
201	0.55365
202	0.547537
203	0.541582
204	0.535611
205	0.529912
206	0.524307
207	0.518501
208	0.512623
209	0.50688
210	0.501244
211	0.495532
212	0.489808
213	0.484393
214	0.478982
215	0.473724
216	0.46864
217	0.463506
218	0.458639
219	0.453826
220	0.448997
221	0.444056
222	0.439297
223	0.434535
224	0.429543
225	0.424837
226	0.420113
227	0.415263
228	0.41044
229	0.405574
230	0.400973
231	0.396167
232	0.391499
233	0.386763
234	0.382309
235	0.37768
236	0.37338
237	0.36908
238	0.364975
239	0.36085
240	0.356678
241	0.352735
242	0.348684
243	0.344834
244	0.341116
245	0.33735
246	0.333809
247	0.330146
248	0.326426
249	0.322892
250	0.319406
251	0.31597
252	0.312598
253	0.309435
254	0.306044
255	0.302804
256	0.299392
257	0.295905
258	0.292393
259	0.289058
260	0.285734
261	0.282462
262	0.279131
263	0.276029
264	0.272691
265	0.269512
266	0.266373
267	0.263502
268	0.260525
269	0.257442
270	0.2543
271	0.251475
272	0.248492
273	0.245429
274	0.242271
275	0.239206
276	0.236237
277	0.233275
278	0.230105
279	0.227091
280	0.224155
281	0.221605
282	0.219272
283	0.217114
284	0.21524
285	0.21317
286	0.211245
287	0.209306
288	0.207402
289	0.205246
290	0.203206
291	0.201197
292	0.19927
293	0.197503
294	0.195601
295	0.193706
296	0.192315
297	0.191355
298	0.191061
299	0.190649
300	0.190175
301	0.189656
302	0.189523
303	0.189448
304	0.189462
305	0.189341
306	0.188891
307	0.188371
308	0.187796
309	0.186885
310	0.185696
311	0.184349
312	0.182768
313	0.181156
314	0.179664
315	0.178005
316	0.176084
317	0.174233
318	0.172378
319	0.170565
320	0.168661
321	0.166778
322	0.16495
323	0.162997
324	0.161275
325	0.159522
326	0.157641
327	0.155793
328	0.153663
329	0.151626
330	0.149726
331	0.147622
332	0.145589
333	0.143555
334	0.141716
335	0.13966
336	0.137651
337	0.135705
338	0.133987
339	0.132453
340	0.130766
341	0.12906
342	0.127638
343	0.126277
344	0.124988
345	0.123643
346	0.122028
347	0.120578
348	0.119329
349	0.118199
350	0.116999
351	0.115978
352	0.114649
353	0.113407
354	0.112181
355	0.110981
356	0.109682
357	0.108368
358	0.107009
359	0.105769
360	0.104637
361	0.103261
362	0.102019
363	0.100679
364	0.0994624
365	0.0981059
366	0.0968683
367	0.0957426
368	0.0944187
369	0.0931368
370	0.0916988
371	0.0903703
372	0.0892003
373	0.0880583
374	0.0867834
375	0.0854991
376	0.0842615
377	0.082961
378	0.0816954
379	0.0804439
380	0.0792109
381	0.078218
382	0.0771389
383	0.0758384
384	0.0745612
385	0.0732467
386	0.0721139
387	0.0710768
388	0.0700047
389	0.0687764
390	0.0677252
391	0.066441
392	0.06501
393	0.0638353
394	0.0628774
395	0.0616794
396	0.0604674
397	0.0598149
398	0.05995
399	0.061197
400	0.0630382
401	0.0652943
402	0.0673244
403	0.0695572
404	0.0714241
405	0.0728784
406	0.0743211
407	0.0755051
408	0.0765516
409	0.0770341
410	0.0775771
411	0.0778731
412	0.0776936
413	0.0770737
414	0.0766005
415	0.0759573
416	0.0751788
417	0.0743328
418	0.0733096
419	0.072354
420	0.0716968
421	0.0711048
422	0.0703123
423	0.0698462
424	0.0691913
425	0.068492
426	0.0678161
427	0.0670563
428	0.0666205
429	0.0658584
430	0.0651265
431	0.0643947
432	0.0635113
433	0.0625581
434	0.0615582
435	0.0606166
436	0.0596913
437	0.0587451
438	0.0577056
439	0.0565146
440	0.0553446
441	0.0544799
442	0.0538203
443	0.0530185
444	0.0522191
445	0.0514826
446	0.0507321
447	0.0499024
448	0.049061
449	0.0484783
450	0.0478444
451	0.0469844
452	0.046094
453	0.0454205
454	0.0446863
455	0.043775
456	0.0428544
457	0.0421575
458	0.0414909
459	0.0408989
460	0.0401298
461	0.0395984
462	0.0387593
463	0.0381603
464	0.0373912
465	0.0368528
466	0.0362678
467	0.0356269
468	0.0348041
469	0.03407
470	0.0334803
471	0.0329932
472	0.0321937
473	0.0315738
474	0.0311193
475	0.0307301
476	0.02987
477	0.0292734
478	0.0286837
479	0.0280498
480	0.0273412
481	0.0265931
482	0.0259754
483	0.0254347
484	0.0247612
485	0.0241412
486	0.0234257
487	0.0229152
488	0.0223489
489	0.0217825
490	0.0211136
491	0.0204913
492	0.0199133
493	0.0193353
494	0.0185708
495	0.0181047
496	0.0175663
497	0.0172586
498	0.0169976
499	0.016655
500	0.0166084
501	0.0164266
502	0.01607
503	0.0157507
504	0.0154757
505	0.0151936
506	0.0148021
507	0.0143383
508	0.0140609
509	0.0137859
510	0.0131473
511	0.0125227
512	0.0121264
513	0.0117465
514	0.0113293
515	0.0108842
516	0.0107024
517	0.0104297
518	0.0102199
519	0.00996588
520	0.00962793
521	0.0092387
522	0.00893105
523	0.00839499
524	0.00796148
525	0.00767481
526	0.00738347
527	0.00705018
528	0.0064372
529	0.00608993
530	0.00565176
531	0.00536042
532	0.00499217
533	0.00438852
534	0.00396666
535	0.00343294
536	0.00292484
537	0.00259388
538	0.00226992
539	0.0022
540	0.00182242
541	0.00139824
542	0.00135861
543	0.00110457
544	0.000750302
545	0.000535877
546	0.000258524
547	-3.98051e-05
548	-0.000384748
549	-0.000881187
550	-0.00106997
551	-0.000517598
552	0.00183874
553	0.00585453
554	0.0102805
555	0.0143429
556	0.0178133
557	0.0201067
558	0.0209551
559	0.0211672
560	0.0211462
561	0.0214026
562	0.021321
563	0.0210507
564	0.0208992
565	0.0205286
566	0.020172
567	0.0196965
568	0.019333
569	0.0188412
570	0.0183168
571	0.0179788
572	0.017543
573	0.0171514
574	0.0170093
575	0.0168554
576	0.0167529
577	0.0166806
578	0.0163753
579	0.0159511
580	0.0155129
581	0.015175
582	0.0149233
583	0.0147275
584	0.0141145
585	0.0137276
586	0.0135318
587	0.0130867
588	0.0127184
589	0.0123012
590	0.0120052
591	0.0116533
592	0.0113993
593	0.0111942
594	0.0109285
595	0.0105555
596	0.0100824
597	0.00985168
598	0.00981905
599	0.00947644
600	0.00923171
601	0.008973
602	0.00887278
603	0.00848822
604	0.00817357
605	0.00811764
606	0.00781931
607	0.00755827
608	0.00719235
609	0.0068847
610	0.00674952
611	0.00640691
612	0.00621113
613	0.00630436
614	0.00737181
615	0.00959996
616	0.0124597
617	0.0156481
618	0.0184613
619	0.0212465
620	0.0236657
621	0.0258612
622	0.0277561
623	0.0292361
624	0.029877
625	0.0301124
626	0.0303269
627	0.0305879
628	0.0306928
629	0.0307301
630	0.030807
631	0.0305832
632	0.0302616
633	0.0301078
634	0.0299866
635	0.0300285
636	0.0299493
637	0.0299306
638	0.0297512
639	0.0294528
640	0.0292081
641	0.0290986
642	0.0289844
643	0.0287839
644	0.0285579
645	0.0283994
646	0.0281313
647	0.0278726
648	0.0277351
649	0.0277678
650	0.0274135
651	0.027283
652	0.0270569
653	0.0268634
654	0.0268122
655	0.026677
656	0.0263181
657	0.0260197
658	0.0258449
659	0.0256258
660	0.0254883
661	0.0253345
662	0.0251317
663	0.0248637
664	0.0246376
665	0.0244115
666	0.0242018
667	0.0241458
668	0.0239035
669	0.0236494
670	0.0235655
671	0.0233721
672	0.0232648
673	0.0230271
674	0.0229222
675	0.0226682
676	0.0225517
677	0.0225377
678	0.0223232
679	0.0220645
680	0.0218291
681	0.0217918
682	0.0216753
683	0.021321
684	0.0211276
685	0.0208782
686	0.0206242
687	0.0204633
688	0.0201324
689	0.0200182
690	0.0196919
691	0.0191302
692	0.0189973
693	0.0187806
694	0.0183983
695	0.0180907
696	0.0178413
697	0.0176712
698	0.0176479
699	0.0175383
700	0.0172703
701	0.0171328
702	0.0168741
703	0.0167482
704	0.0166224
705	0.01631
706	0.016352
707	0.01607
708	0.0158322
709	0.0155153
710	0.0154593
711	0.0151214
712	0.0148184
713	0.0146459
714	0.0144245
715	0.0139211
716	0.0136414
717	0.0134363
718	0.013117
719	0.0129305
720	0.0124457
721	0.0120052
722	0.011637
723	0.0111709
724	0.010756
725	0.01015
726	0.0100335
727	0.00968853
728	0.00952538
729	0.00928066
730	0.00887278
731	0.00870031
732	0.0082668
733	0.00798246
734	0.00769112
735	0.00729257
736	0.00695229
737	0.00655607
738	0.0062321
739	0.00593377
740	0.00573333
741	0.00541403
742	0.0052066
743	0.0049642
744	0.00445844
745	0.00415545
746	0.00376622
747	0.00354947
748	0.00332805
749	0.00298777
750	0.00262418
751	0.00212308
752	0.00189934
753	0.00153808
754	0.00127238
755	0.00094375
756	0.000654743
757	0.000146651
758	-0.000436024
759	-0.000755329
760	-0.00128673
761	-0.00173189
762	-0.00198361
763	-0.0013683
764	0.000479941
765	0.00350286
766	0.00692665
767	0.010115
768	0.0130657
769	0.0156015
770	0.0176572
771	0.0188249
772	0.0191535
773	0.0192188
774	0.0193889
775	0.0192374
776	0.0191185
777	0.0188435
778	0.0185009
779	0.0183261
780	0.0180254
781	0.0175989
782	0.017191
783	0.0169999
784	0.0168391
785	0.0167436
786	0.0165524
787	0.0163054
788	0.016063
789	0.0159837
790	0.0158253
791	0.0157763
792	0.0156668
793	0.0153335
794	0.0150888
795	0.0148603
796	0.0147298
797	0.0142124
798	0.0140935
799	0.014266
800	0.0145038
801	0.0146436
802	0.0147205
803	0.0150212
804	0.015126
805	0.0152193
806	0.0154454
807	0.0154011
808	0.0152286
809	0.0151633
810	0.0151074
811	0.0148137
812	0.014562
813	0.0141402
814	0.0138302
815	0.0132638
816	0.0130331
817	0.0127837
818	0.012187
819	0.0117815
820	0.0114319
821	0.0109914
822	0.0106161
823	0.0103691
824	0.0101081
825	0.00983769
826	0.00935058
827	0.00916878
828	0.00905924
829	0.00866302
830	0.00837401
831	0.0078869
832	0.00753962
833	0.00725994
834	0.00685906
835	0.00653976
836	0.0059734
837	0.0056774
838	0.00559582
839	0.00572867
840	0.00605497
841	0.00644886
842	0.00669358
843	0.00678215
844	0.00707348
845	0.00694297
846	0.00719468
847	0.00720167
848	0.00710145
849	0.0069383
850	0.00682876
851	0.00665163
852	0.0062624
853	0.00598039
854	0.00554222
855	0.00517164
856	0.00477775
857	0.00449573
858	0.00430462
859	0.00389208
860	0.00370563
861	0.0034376
862	0.00311363
863	0.00293183
864	0.00260088
865	0.0024284
866	0.00228856
867	0.00200888
868	0.00188768
869	0.00172686
870	0.00149146
871	0.0011675
872	0.000789923
873	0.000314461
874	-0.00029152
875	-0.000484968
876	-0.000832242
877	-0.00126342
878	-0.00162934
879	-0.00217939
880	-0.00252899
881	-0.0029019
882	-0.00334707
883	-0.00375261
884	-0.00415815
885	-0.00458234
886	-0.00502284
887	-0.00525591
888	-0.00571972
889	-0.0059691
890	-0.00639329
891	-0.00682913
892	-0.00730226
893	-0.0075633
894	-0.00801545
895	-0.00831378
896	-0.00877526
897	-0.00920178
898	-0.00893142
899	-0.00681281
900	-0.00273176
901	0.00220233
902	0.00649314
903	0.0100055
904	0.0124178
905	0.0136158
906	0.0137603
907	0.0138931
908	0.013998
909	0.01397
910	0.0138185
911	0.0134946
912	0.0132498
913	0.0127604
914	0.0123851
915	0.0120752
916	0.012194
917	0.0120891
918	0.0119913
919	0.0118211
920	0.0117232
921	0.0117698
922	0.0118537
923	0.0119074
924	0.0116976
925	0.0113573
926	0.0110869
927	0.01077
928	0.0105136
929	0.0100265
930	0.0096256
931	0.00924803
932	0.00889143
933	0.00853949
934	0.00825282
935	0.00807569
936	0.00771443
937	0.00740444
938	0.00716205
939	0.00693597
940	0.00661434
941	0.00628338
942	0.00623676
943	0.00598738
944	0.00581724
945	0.00552357
946	0.00503646
947	0.00495488
948	0.00465189
949	0.0042883
950	0.00398764
951	0.00389674
952	0.00415312
953	0.00462625
954	0.00546297
955	0.00663764
956	0.00818057
957	0.0102875
958	0.0126112
959	0.0148231
960	0.0168042
961	0.0187619
962	0.0205053
963	0.0220109
964	0.0234769
965	0.024866
966	0.0257867
967	0.0265651
968	0.0270382
969	0.0274718
970	0.0277305
971	0.028122
972	0.028411
973	0.0285322
974	0.0286977
975	0.0290333
976	0.0294109
977	0.0302266
978	0.0312102
979	0.0320749
980	0.0329839
981	0.0337507
982	0.0342285
983	0.0348204
984	0.0349719
985	0.0353588
986	0.0356152
987	0.0357784
988	0.03579
989	0.035811
990	0.0357318
991	0.035529
992	0.0352773
993	0.0352073
994	0.0350885
995	0.0350652
996	0.0349603
997	0.034909
998	0.0348507
999	0.0347645
1000	0.0346876
1001	0.0345035
1002	0.0342401
1003	0.0339488
1004	0.0337856
1005	0.0335712
1006	0.0333078
1007	0.0330328
1008	0.0326879
1009	0.0323802
1010	0.0322497
1011	0.0328021
1012	0.0341982
1013	0.0365032
1014	0.0389528
1015	0.0414443
1016	0.0437167
1017	0.0458027
1018	0.047581
1019	0.0492894
1020	0.0505387
1021	0.0515269
1022	0.0523403
1023	0.0531024
