0	-0.000514246
1	-0.00042801
2	-0.000155319
3	0.000101058
4	-9.93819e-05
5	-0.000691379
6	-0.000868512
7	-0.000623789
8	-0.000497931
9	-0.00039305
10	-0.000448987
11	-0.000215917
12	-0.000234562
13	-0.000208925
14	-0.000558529
15	-0.000516577
16	-0.000635442
17	-0.000640104
18	-0.000670403
19	-0.000381396
20	-0.000134342
21	0.000124365
22	7.07591e-05
23	-0.000134342
24	-0.000145996
25	0.00010805
26	-1.3146e-05
27	-0.000376735
28	-0.000355759
29	-8.77284e-05
30	0.000129027
31	0.000448332
32	0.000457655
33	0.000676741
34	0.000560206
35	0.000194286
36	-0.000141334
37	0.00020594
38	0.000399388
39	0.000534568
40	0.000639449
41	0.000616142
42	0.000616142
43	0.000562536
44	0.000548552
45	0.000627796
46	0.000732677
47	0.000704709
48	0.000455324
49	0.000658095
50	0.000886503
51	0.000933117
52	0.00111258
53	0.00201922
54	0.00351087
55	0.00575533
56	0.00899733
57	0.0141505
58	0.0233544
59	0.0419254
60	0.077091
61	0.135995
62	0.22017
63	0.322483
64	0.432124
65	0.541047
66	0.643702
67	0.736676
68	0.818223
69	0.887493
70	0.945139
71	0.991687
72	1.02819
73	1.05549
74	1.07564
75	1.0903
76	1.1016
77	1.11118
78	1.12072
79	1.13013
80	1.13949
81	1.14752
82	1.15333
83	1.15696
84	1.15867
85	1.15932
86	1.1597
87	1.16085
88	1.16254
89	1.16472
90	1.16662
91	1.16763
92	1.16712
93	1.16442
94	1.16005
95	1.1546
96	1.14926
97	1.14441
98	1.14101
99	1.13807
100	1.13459
101	1.13008
102	1.12429
103	1.11726
104	1.10891
105	1.10028
106	1.09216
107	1.08541
108	1.07995
109	1.07536
110	1.07054
111	1.06441
112	1.0565
113	1.0471
114	1.03703
115	1.02749
116	1.01876
117	1.01144
118	1.00498
119	0.999055
120	0.993116
121	0.986613
122	0.980206
123	0.973319
124	0.966704
125	0.960929
126	0.956097
127	0.952333
128	0.949222
129	0.946001
130	0.941899
131	0.936629
132	0.930283
133	0.884603
134	0.875632
135	0.867335
136	0.860569
137	0.854901
138	0.849561
139	0.844354
140	0.838556
141	0.83154
142	0.823301
143	0.814519
144	0.805416
145	0.796421
146	0.7877
147	0.779864
148	0.81165
149	0.805942
150	0.800425
151	0.794436
152	0.787625
153	0.77985
154	0.771122
155	0.762025
156	0.753171
157	0.745549
158	0.739158
159	0.733541
160	0.728915
161	0.724671
162	0.719657
163	0.713055
164	0.705189
165	0.69656
166	0.687296
167	0.678474
168	0.670727
169	0.665166
170	0.661397
171	0.658507
172	0.654978
173	0.650198
174	0.643861
175	0.635587
176	0.62605
177	0.616916
178	0.609257
179	0.603167
180	0.598725
181	0.595329
182	0.592352
183	0.588381
184	0.582694
185	0.575926
186	0.568342
187	0.560417
188	0.553192
189	0.547703
190	0.543853
191	0.540984
192	0.538187
193	0.534491
194	0.529337
195	0.523352
196	0.51619
197	0.508762
198	0.502392
199	0.497335
200	0.493505
201	0.490617
202	0.488182
203	0.485084
204	0.480975
205	0.475223
206	0.468618
207	0.462318
208	0.457083
209	0.452716
210	0.449014
211	0.446169
212	0.443537
213	0.440272
214	0.435902
215	0.430548
216	0.424778
217	0.419398
218	0.414192
219	0.410353
220	0.408059
221	0.406435
222	0.404382
223	0.401624
224	0.398086
225	0.393761
226	0.388559
227	0.383265
228	0.378849
229	0.375693
230	0.373087
231	0.370561
232	0.368158
233	0.365748
234	0.362392
235	0.357973
236	0.353428
237	0.34886
238	0.344657
239	0.340793
240	0.337537
241	0.335055
242	0.333305
243	0.331389
244	0.329687
245	0.327928
246	0.32628
247	0.32445
248	0.322367
249	0.320276
250	0.318339
251	0.316263
252	0.313573
253	0.310841
254	0.308529
255	0.306122
256	0.30326
257	0.300556
258	0.297885
259	0.295219
260	0.292732
261	0.290427
262	0.288415
263	0.286411
264	0.284372
265	0.281824
266	0.279274
267	0.27644
268	0.273737
269	0.271098
270	0.268681
271	0.266628
272	0.264701
273	0.262568
274	0.260237
275	0.257923
276	0.255336
277	0.252488
278	0.249472
279	0.246794
280	0.245293
281	0.245428
282	0.24678
283	0.248735
284	0.251036
285	0.252658
286	0.253497
287	0.253217
288	0.25259
289	0.25146
290	0.250754
291	0.250761
292	0.251108
293	0.21219
294	0.21098
295	0.209395
296	0.20747
297	0.205137
298	0.202406
299	0.199634
300	0.19711
301	0.195472
302	0.194572
303	0.193873
304	0.193561
305	0.193239
306	0.192458
307	0.191088
308	0.189181
309	0.18692
310	0.184888
311	0.183133
312	0.181907
313	0.181015
314	0.180213
315	0.17929
316	0.178155
317	0.176584
318	0.175067
319	0.173458
320	0.171794
321	0.170165
322	0.168865
323	0.167634
324	0.16648
325	0.165271
326	0.163977
327	0.162024
328	0.160143
329	0.158169
330	0.156174
331	0.192402
332	0.1904
333	0.188748
334	0.187757
335	0.186319
336	0.184571
337	0.183014
338	0.181842
339	0.180952
340	0.180262
341	0.179854
342	0.17973
343	0.179665
344	0.179183
345	0.178066
346	0.176961
347	0.175663
348	0.174248
349	0.172855
350	0.171531
351	0.170384
352	0.16931
353	0.168359
354	0.167529
355	0.166856
356	0.166063
357	0.165014
358	0.164091
359	0.163483
360	0.162255
361	0.161446
362	0.160313
363	0.159353
364	0.158488
365	0.157528
366	0.156426
367	0.155468
368	0.154801
369	0.153862
370	0.15296
371	0.151729
372	0.150324
373	0.148375
374	0.14625
375	0.144064
376	0.14222
377	0.141195
378	0.140477
379	0.139887
380	0.139239
381	0.138435
382	0.137521
383	0.136533
384	0.135501
385	0.134279
386	0.133081
387	0.132205
388	0.13121
389	0.130371
390	0.129522
391	0.128881
392	0.128506
393	0.128173
394	0.127469
395	0.12649
396	0.125152
397	0.123253
398	0.121393
399	0.119761
400	0.118729
401	0.118358
402	0.118372
403	0.118263
404	0.117827
405	0.1172
406	0.116142
407	0.115042
408	0.113911
409	0.112874
410	0.112114
411	0.111816
412	0.111485
413	0.11125
414	0.11062
415	0.109998
416	0.109061
417	0.108019
418	0.106798
419	0.105801
420	0.105192
421	0.104859
422	0.104682
423	0.104812
424	0.104714
425	0.10439
426	0.103537
427	0.102109
428	0.10088
429	0.100062
430	0.0996149
431	0.0988854
432	0.0986663
433	0.0984519
434	0.0976944
435	0.0966362
436	0.0957506
437	0.0949372
438	0.0944337
439	0.0938068
440	0.0935434
441	0.0937345
442	0.0937462
443	0.0934315
444	0.0928722
445	0.092455
446	0.0917161
447	0.0907396
448	0.0895649
449	0.0888983
450	0.0882224
451	0.0878775
452	0.0876467
453	0.0875675
454	0.0873111
455	0.086563
456	0.0856144
457	0.0845819
458	0.0837941
459	0.0831718
460	0.0826824
461	0.082729
462	0.0827663
463	0.0825215
464	0.0822209
465	0.0816126
466	0.0810975
467	0.0804123
468	0.0797107
469	0.0788996
470	0.0782587
471	0.0777856
472	0.0771633
473	0.0765876
474	0.0760865
475	0.0756436
476	0.075026
477	0.0745692
478	0.0739725
479	0.0732873
480	0.072369
481	0.0714297
482	0.0705324
483	0.0695326
484	0.0686492
485	0.0676214
486	0.0668802
487	0.0659083
488	0.0652674
489	0.0647593
490	0.06444
491	0.0637524
492	0.0628178
493	0.0619951
494	0.0609882
495	0.060275
496	0.0596527
497	0.0591283
498	0.059154
499	0.0591796
500	0.0590584
501	0.0587181
502	0.0587298
503	0.0586482
504	0.0581751
505	0.0576623
506	0.0573197
507	0.0568093
508	0.0561031
509	0.0551591
510	0.0547792
511	0.0545858
512	0.0539682
513	0.0534344
514	0.052903
515	0.0523157
516	0.0517377
517	0.0511037
518	0.0507448
519	0.0508124
520	0.0513648
521	0.0518053
522	0.0519987
523	0.0521036
524	0.0516468
525	0.0509732
526	0.0504068
527	0.0500433
528	0.0498521
529	0.0499757
530	0.0498265
531	0.0494536
532	0.0493907
533	0.0493184
534	0.0492811
535	0.0489175
536	0.0486309
537	0.0484677
538	0.0481064
539	0.0477242
540	0.0476333
541	0.0478827
542	0.047659
543	0.0470903
544	0.0466987
545	0.046109
546	0.0457082
547	0.0453073
548	0.0452467
549	0.0455054
550	0.0457571
551	0.0457454
552	0.0452513
553	0.0445358
554	0.0441792
555	0.044065
556	0.0444053
557	0.0447223
558	0.0455031
559	0.0462512
560	0.0466707
561	0.047011
562	0.0474678
563	0.047617
564	0.0474515
565	0.0473233
566	0.0474142
567	0.0475471
568	0.0475774
569	0.0475704
570	0.0474865
571	0.0473606
572	0.0471159
573	0.0468595
574	0.0465286
575	0.0462699
576	0.0460904
577	0.0459878
578	0.0457711
579	0.0454518
580	0.0451931
581	0.0450066
582	0.0448062
583	0.0444542
584	0.0441676
585	0.0439625
586	0.0437294
587	0.043473
588	0.0430139
589	0.0427435
590	0.0426666
591	0.0424522
592	0.0424265
593	0.0423636
594	0.0424312
595	0.042606
596	0.0427622
597	0.0424801
598	0.0420023
599	0.041457
600	0.0409605
601	0.0409162
602	0.0407368
603	0.0407228
604	0.0408184
605	0.040809
606	0.0404151
607	0.0397952
608	0.0392032
609	0.0388746
610	0.0388769
611	0.0391076
612	0.0394409
613	0.0396111
614	0.0395668
615	0.039336
616	0.0388023
617	0.0383152
618	0.0381357
619	0.0379469
620	0.0379563
621	0.0379493
622	0.0379516
623	0.0379096
624	0.0379609
625	0.037602
626	0.0371568
627	0.0370683
628	0.0369913
629	0.036728
630	0.0368515
631	0.0370426
632	0.0371895
633	0.0370916
634	0.036996
635	0.0367559
636	0.0365136
637	0.0359891
638	0.0354461
639	0.0351408
640	0.0350266
641	0.0347888
642	0.0345931
643	0.0344625
644	0.0344649
645	0.0342248
646	0.0339381
647	0.0335745
648	0.0335652
649	0.0336398
650	0.0332086
651	0.0329616
652	0.0326772
653	0.0326399
654	0.0327192
655	0.0329126
656	0.033162
657	0.0330175
658	0.0327658
659	0.0323999
660	0.0319687
661	0.0316867
662	0.0312229
663	0.0306915
664	0.0306076
665	0.0306565
666	0.0303046
667	0.0301531
668	0.0296916
669	0.0294026
670	0.0292814
671	0.0292045
672	0.0290157
673	0.0289691
674	0.0286311
675	0.0284493
676	0.0283631
677	0.0284587
678	0.0288013
679	0.0288129
680	0.0287896
681	0.0285402
682	0.0281277
683	0.0275474
684	0.0269763
685	0.0267293
686	0.0266617
687	0.0267339
688	0.026664
689	0.0268854
690	0.0268342
691	0.0268971
692	0.0268621
693	0.0267339
694	0.0266967
695	0.0265988
696	0.0264799
697	0.026396
698	0.0264007
699	0.0262725
700	0.0261
701	0.0259485
702	0.0259905
703	0.0258459
704	0.0255033
705	0.0250745
706	0.025177
707	0.025219
708	0.0254008
709	0.0259695
710	0.026424
711	0.0265731
712	0.026403
713	0.0261979
714	0.0261629
715	0.0266011
716	0.0267549
717	0.0266873
718	0.0265778
719	0.0263517
720	0.0258739
721	0.0254987
722	0.025226
723	0.0253868
724	0.0257178
725	0.0257387
726	0.0253635
727	0.0253495
728	0.0255476
729	0.0254264
730	0.0253425
731	0.0256478
732	0.0254264
733	0.0250582
734	0.0244592
735	0.0243426
736	0.0242448
737	0.0241562
738	0.0239558
739	0.0237949
740	0.0235479
741	0.0233428
742	0.0230817
743	0.0229186
744	0.0227881
745	0.0228883
746	0.0224594
747	0.0220632
748	0.0219444
749	0.0219933
750	0.0217859
751	0.021709
752	0.0221471
753	0.0228347
754	0.0231284
755	0.0229629
756	0.0226063
757	0.0222194
758	0.0219211
759	0.0217672
760	0.021674
761	0.0218441
762	0.0219793
763	0.0221868
764	0.021963
765	0.0219257
766	0.021709
767	0.0212964
768	0.0211053
769	0.0212428
770	0.0217486
771	0.0220819
772	0.0220609
773	0.0221238
774	0.0225014
775	0.0228906
776	0.023175
777	0.0234989
778	0.0239767
779	0.024937
780	0.0252843
781	0.02548
782	0.0257737
783	0.0263098
784	0.026974
785	0.0272444
786	0.0276872
787	0.0285449
788	0.0293979
789	0.030188
790	0.0312205
791	0.0323346
792	0.0339078
793	0.0354274
794	0.0366977
795	0.03763
796	0.0383362
797	0.0389794
798	0.0392964
799	0.0396577
800	0.0401704
801	0.0402986
802	0.0401331
803	0.0400912
804	0.0402893
805	0.0405503
806	0.0407741
807	0.0407554
808	0.0405154
809	0.0404851
810	0.0401891
811	0.0397765
812	0.0397462
813	0.0398371
814	0.0400516
815	0.0399793
816	0.0399234
817	0.0401564
818	0.0402124
819	0.0403336
820	0.0402963
821	0.0401914
822	0.0401448
823	0.0400562
824	0.0395924
825	0.0392288
826	0.0389235
827	0.0386368
828	0.0384247
829	0.0383129
830	0.038173
831	0.0381567
832	0.0377838
833	0.0374621
834	0.0380285
835	0.0391519
836	0.0404548
837	0.0421235
838	0.044121
839	0.0456149
840	0.0467919
841	0.0476193
842	0.0483465
843	0.0490877
844	0.0496097
845	0.0497776
846	0.0498778
847	0.0500363
848	0.0499827
849	0.0497985
850	0.0495258
851	0.049386
852	0.0495212
853	0.0494326
854	0.0495095
855	0.0494652
856	0.0497822
857	0.0496097
858	0.0492718
859	0.0490364
860	0.0491436
861	0.0492135
862	0.0491832
863	0.0491483
864	0.0492718
865	0.0494536
866	0.0497216
867	0.0498964
868	0.0501901
869	0.050521
870	0.0505886
871	0.0501505
872	0.0497659
873	0.0496634
874	0.0497123
875	0.0495025
876	0.0495002
877	0.049421
878	0.04909
879	0.0486891
880	0.0486821
881	0.0489362
882	0.0491716
883	0.0491646
884	0.0490108
885	0.0487963
886	0.0485097
887	0.0481064
888	0.0474795
889	0.0471975
890	0.0469807
891	0.0467803
892	0.0463235
893	0.0457897
894	0.0452816
895	0.0445941
896	0.0438576
897	0.043459
898	0.0433798
899	0.0433798
900	0.0430442
901	0.0427225
902	0.0423333
903	0.0421329
904	0.0418905
905	0.0416061
906	0.0412612
907	0.0413707
908	0.041112
909	0.040562
910	0.0403359
911	0.0403685
912	0.0400516
913	0.0395644
914	0.0392568
915	0.0389841
916	0.0383548
917	0.0376812
918	0.0370356
919	0.0365089
920	0.0363108
921	0.0361826
922	0.0357468
923	0.0353132
924	0.0352946
925	0.0353622
926	0.0349893
927	0.0345348
928	0.0344322
929	0.0341386
930	0.0334091
931	0.0328147
932	0.0326749
933	0.0324115
934	0.0320969
935	0.0317822
936	0.0315701
937	0.0312788
938	0.0306682
939	0.0301671
940	0.0297755
941	0.0296753
942	0.0294725
943	0.0294539
944	0.0291672
945	0.0291229
946	0.0290716
947	0.0285822
948	0.028165
949	0.0280485
950	0.0278177
951	0.0276219
952	0.0273516
953	0.0272863
954	0.0273679
955	0.0273329
956	0.0272956
957	0.0274495
958	0.0277268
959	0.0279366
960	0.0277967
961	0.0279389
962	0.0280205
963	0.0280997
964	0.0280671
965	0.028193
966	0.0283328
967	0.028468
968	0.0284027
969	0.028412
970	0.0283375
971	0.0282186
972	0.0280974
973	0.0278084
974	0.0277991
975	0.0278527
976	0.027841
977	0.0275031
978	0.027298
979	0.0271908
980	0.0267479
981	0.0262002
982	0.0257854
983	0.02555
984	0.0252516
985	0.0248554
986	0.0248904
987	0.0250489
988	0.0250395
989	0.0251631
990	0.0251304
991	0.0249859
992	0.0246783
993	0.0244638
994	0.024359
995	0.0244266
996	0.0244638
997	0.0245291
998	0.0243543
999	0.0241795
1000	0.0241795
1001	0.0246247
1002	0.0258972
1003	0.0279203
1004	0.0308243
1005	0.034036
1006	0.0374598
1007	0.0409629
1008	0.0442212
1009	0.0469504
1010	0.0492322
1011	0.050845
1012	0.0521875
1013	0.0529753
1014	0.0536185
1015	0.0542059
1016	0.0161759
1017	0.0158542
1018	0.0156934
1019	0.0158612
1020	0.0158449
1021	0.0158053
1022	0.0156561
1023	0.0156538
