0	0.000638928
1	0.00105745
2	0.000499419
3	-0.000198126
4	-5.86169e-05
5	8.0892e-05
6	-0.000198126
7	-0.000616653
8	-5.86169e-05
9	0.000220401
10	0.000220401
11	-0.00089567
12	-0.000616653
13	-0.00089567
14	-0.00117469
15	-0.000756162
16	-0.000616653
17	0.000220401
18	0.000499419
19	-0.000198126
20	-0.000198126
21	0.000917946
22	0.000638928
23	-0.000198126
24	-0.00089567
25	-0.000616653
26	0.00105745
27	0.000778437
28	-0.000337635
29	-0.00089567
30	8.0892e-05
31	-5.86169e-05
32	-0.000756162
33	-0.000477144
34	-5.86169e-05
35	8.0892e-05
36	0.00035991
37	8.0892e-05
38	-0.000337635
39	0.000917946
40	0.000638928
41	-0.000756162
42	8.0892e-05
43	0.00119696
44	0.00119696
45	-5.86169e-05
46	8.0892e-05
47	0.00133647
48	-0.000198126
49	-0.000756162
50	0.000499419
51	0.000917946
52	0.00035991
53	0.00035991
54	-0.000477144
55	0.00133647
56	0.00231303
57	0.00147598
58	0.001755
59	0.00161549
60	0.00105745
61	0.00161549
62	-5.86169e-05
63	0.00035991
64	0.000220401
65	-0.000477144
66	0.00398714
67	0.040957
68	0.152564
69	0.337832
70	0.546537
71	0.732084
72	0.880661
73	0.993105
74	1.07974
75	1.14224
76	1.17823
77	1.18925
78	1.17907
79	1.15382
80	1.11727
81	1.07081
82	1.01891
83	0.965343
84	0.913306
85	0.861688
86	0.813139
87	0.76738
88	0.729294
89	0.703485
90	0.685907
91	0.671816
92	0.657726
93	0.644194
94	0.62815
95	0.61099
96	0.592854
97	0.574858
98	0.556722
99	0.537748
100	0.517659
101	0.497988
102	0.478178
103	0.457949
104	0.438976
105	0.421119
106	0.405912
107	0.391403
108	0.376895
109	0.365036
110	0.354294
111	0.345086
112	0.336855
113	0.329461
114	0.323323
115	0.316627
116	0.310488
117	0.30421
118	0.297793
119	0.289701
120	0.282307
121	0.274634
122	0.266264
123	0.260126
124	0.253429
125	0.247012
126	0.239339
127	0.230689
128	0.224411
129	0.218831
130	0.212832
131	0.209484
132	0.205159
133	0.199579
134	0.194556
135	0.192045
136	0.189255
137	0.184512
138	0.179768
139	0.174049
140	0.169166
141	0.165538
142	0.160795
143	0.155215
144	0.150332
145	0.146565
146	0.141961
147	0.135544
148	0.13094
149	0.128429
150	0.12536
151	0.120198
152	0.115315
153	0.113502
154	0.109874
155	0.10555
156	0.10248
157	0.100946
158	0.0995508
159	0.0974581
160	0.0941099
161	0.0915987
162	0.0910407
163	0.0892271
164	0.0868554
165	0.0839258
166	0.0811356
167	0.080438
168	0.0783454
169	0.0749972
170	0.072765
171	0.071649
172	0.0701144
173	0.0676032
174	0.0659291
175	0.0656501
176	0.0655106
177	0.0628599
178	0.0618833
179	0.0617438
180	0.0604883
181	0.0585351
182	0.0578376
183	0.0579771
184	0.056582
185	0.0539313
186	0.0537918
187	0.0505831
188	0.048072
189	0.0466769
190	0.048072
191	0.0458398
192	0.0438867
193	0.0436077
194	0.0443052
195	0.0444447
196	0.0441657
197	0.0445842
198	0.0441657
199	0.0427706
200	0.0420731
201	0.04012
202	0.0385854
203	0.0388644
204	0.0385854
205	0.0357952
206	0.0338421
207	0.0339816
208	0.0339816
209	0.0310519
210	0.0285407
211	0.0288197
212	0.0277037
213	0.0243554
214	0.0222628
215	0.0229604
216	0.0235184
217	0.0218443
218	0.0189146
219	0.0194726
220	0.0201702
221	0.0212862
222	0.0187751
223	0.0190541
224	0.0204492
225	0.0200307
226	0.0184961
227	0.0186356
228	0.0204492
229	0.0198912
230	0.0193331
231	0.017659
232	0.016822
233	0.016822
234	0.0157059
235	0.0140318
236	0.0147293
237	0.0157059
238	0.0138923
239	0.0111021
240	0.0104046
241	0.0123577
242	0.0117996
243	0.0112416
244	0.0108231
245	0.0112416
246	0.0119392
247	0.0106836
248	0.00845143
249	0.00789339
250	0.0095675
251	0.00928848
252	0.00873045
253	0.00817241
254	0.00928848
255	0.00775388
256	0.0064983
257	0.00621928
258	0.00691683
259	0.00566125
260	0.00594027
261	0.00691683
262	0.00691683
263	0.00607978
264	0.00621928
265	0.00621928
266	0.00621928
267	0.00510321
268	0.00454518
269	0.00607978
270	0.00580076
271	0.0048242
272	0.00398714
273	0.00398714
274	0.00384763
275	0.0032896
276	0.00231303
277	0.00133647
278	0.00147598
279	0.00259205
280	0.00273156
281	0.00147598
282	0.00259205
283	0.00161549
284	0.00035991
285	-0.000337635
286	-0.000477144
287	-0.000198126
288	8.0892e-05
289	0.000917946
290	0.00231303
291	0.0032896
292	0.00468469
293	0.00384763
294	0.00468469
295	0.00635879
296	0.00789339
297	0.00594027
298	0.00580076
299	0.00663781
300	0.00607978
301	0.00538223
302	0.0049637
303	0.00510321
304	0.00580076
305	0.00370812
306	0.00273156
307	0.000917946
308	0.000778437
309	8.0892e-05
310	-0.000756162
311	-0.00103518
312	-0.00089567
313	-0.00159322
314	-0.00270929
315	-0.00256978
316	-0.00243027
317	-0.00340683
318	-0.00396487
319	-0.00326732
320	-0.0029883
321	-0.00187223
322	-0.00438339
323	-0.0045229
324	-0.00368585
325	-0.00424388
326	-0.00410438
327	-0.00480192
328	-0.00396487
329	-0.00438339
330	-0.00396487
331	-0.0045229
332	-0.0045229
333	-0.00480192
334	-0.00396487
335	-0.00522045
336	-0.0045229
337	-0.00410438
338	-0.00424388
339	-0.00410438
340	-0.00396487
341	-0.00368585
342	-0.00312781
343	-0.00382536
344	-0.00173272
345	-0.00187223
346	-0.00354634
347	-0.00494143
348	-0.00508094
349	-0.00535996
350	-0.00563897
351	-0.00535996
352	-0.00633652
353	-0.00731308
354	-0.00703406
355	-0.00828964
356	-0.00717357
357	-0.00731308
358	-0.00689455
359	-0.00703406
360	-0.00926621
361	-0.00954522
362	-0.0075921
363	-0.00745259
364	-0.00801063
365	-0.00815013
366	-0.00828964
367	-0.00815013
368	-0.00647603
369	-0.00549947
370	-0.00619701
371	-0.00577848
372	-0.00522045
373	-0.0060575
374	-0.00661554
375	-0.00689455
376	-0.00703406
377	-0.0060575
378	-0.00731308
379	-0.00703406
380	-0.00661554
381	-0.00801063
382	-0.00856866
383	-0.00884768
384	-0.00870817
385	-0.00884768
386	-0.0101033
387	-0.00926621
388	-0.00773161
389	-0.00731308
390	-0.0075921
391	-0.00801063
392	-0.00856866
393	-0.00954522
394	-0.00926621
395	-0.00842915
396	-0.00870817
397	-0.00870817
398	-0.00982424
399	-0.0102428
400	-0.00968473
401	-0.0108008
402	-0.0105218
403	-0.0108008
404	-0.0106613
405	-0.0113588
406	-0.0119169
407	-0.0119169
408	-0.0124749
409	-0.0123354
410	-0.013312
411	-0.0130329
412	-0.0130329
413	-0.0131725
414	-0.0121959
415	-0.0126144
416	-0.0127539
417	-0.013591
418	-0.0140095
419	-0.0134515
420	-0.013312
421	-0.0128934
422	-0.01387
423	-0.01387
424	-0.0124749
425	-0.0128934
426	-0.0140095
427	-0.0147071
428	-0.0127539
429	-0.0137305
430	-0.0131725
431	-0.013312
432	-0.014428
433	-0.0145675
434	-0.0137305
435	-0.01387
436	-0.013591
437	-0.01387
438	-0.014149
439	-0.0147071
440	-0.0145675
441	-0.014149
442	-0.0130329
443	-0.013312
444	-0.013312
445	-0.0127539
446	-0.0121959
447	-0.0121959
448	-0.0106613
449	-0.00856866
450	-0.00661554
451	-0.00508094
452	-0.00368585
453	-0.00243027
454	-0.00270929
455	-0.0028488
456	-0.00229076
457	-0.00215125
458	-0.00229076
459	-0.00326732
460	-0.00326732
461	-0.00466241
462	-0.00549947
463	-0.00577848
464	-0.00577848
465	-0.0060575
466	-0.00675505
467	-0.00661554
468	-0.00647603
469	-0.00787112
470	-0.0075921
471	-0.00731308
472	-0.00689455
473	-0.00703406
474	-0.00717357
475	-0.0075921
476	-0.00703406
477	-0.00773161
478	-0.00870817
479	-0.0102428
480	-0.00898719
481	-0.00856866
482	-0.0091267
483	-0.0091267
484	-0.00996375
485	-0.00968473
486	-0.0106613
487	-0.0113588
488	-0.0123354
489	-0.0117774
490	-0.0116379
491	-0.0123354
492	-0.0123354
493	-0.0121959
494	-0.0116379
495	-0.0106613
496	-0.0116379
497	-0.0116379
498	-0.0109403
499	-0.0105218
500	-0.0110798
501	-0.0103823
502	-0.0105218
503	-0.0117774
504	-0.0121959
505	-0.0121959
506	-0.0121959
507	-0.0120564
508	-0.0121959
509	-0.0124749
510	-0.0124749
511	-0.0124749
512	-0.0134515
513	-0.01387
514	-0.0145675
515	-0.0140095
516	-0.0145675
517	-0.01387
518	-0.0134515
519	-0.0134515
520	-0.0148466
521	-0.0147071
522	-0.0137305
523	-0.0145675
524	-0.0149861
525	-0.0145675
526	-0.014149
527	-0.014428
528	-0.0148466
529	-0.0152651
530	-0.0151256
531	-0.014428
532	-0.0147071
533	-0.0156836
534	-0.0156836
535	-0.0156836
536	-0.0155441
537	-0.0159626
538	-0.0159626
539	-0.0151256
540	-0.0148466
541	-0.01387
542	-0.0154046
543	-0.014149
544	-0.013591
545	-0.0154046
546	-0.0163812
547	-0.0156836
548	-0.0159626
549	-0.0156836
550	-0.0166602
551	-0.0163812
552	-0.0152651
553	-0.0155441
554	-0.0156836
555	-0.0166602
556	-0.0158231
557	-0.0145675
558	-0.014428
559	-0.014149
560	-0.013591
561	-0.013591
562	-0.0128934
563	-0.013591
564	-0.0134515
565	-0.0127539
566	-0.0120564
567	-0.0126144
568	-0.0124749
569	-0.0117774
570	-0.0130329
571	-0.0124749
572	-0.0123354
573	-0.0108008
574	-0.0126144
575	-0.0121959
576	-0.0130329
577	-0.0121959
578	-0.0117774
579	-0.0119169
580	-0.0126144
581	-0.0126144
582	-0.0134515
583	-0.013312
584	-0.0140095
585	-0.0145675
586	-0.0147071
587	-0.0140095
588	-0.01387
589	-0.013591
590	-0.014428
591	-0.014428
592	-0.01387
593	-0.0137305
594	-0.0140095
595	-0.014428
596	-0.0145675
597	-0.0156836
598	-0.0154046
599	-0.013312
600	-0.0137305
601	-0.0152651
602	-0.0154046
603	-0.0154046
604	-0.0156836
605	-0.0156836
606	-0.0155441
607	-0.0159626
608	-0.0159626
609	-0.0155441
610	-0.0159626
611	-0.0159626
612	-0.0163812
613	-0.0159626
614	-0.0163812
615	-0.0152651
616	-0.0151256
617	-0.0151256
618	-0.0161021
619	-0.0159626
620	-0.0149861
621	-0.01387
622	-0.014149
623	-0.0151256
624	-0.0140095
625	-0.0137305
626	-0.0137305
627	-0.0134515
628	-0.014428
629	-0.0126144
630	-0.0126144
631	-0.0130329
632	-0.0121959
633	-0.0126144
634	-0.0124749
635	-0.0126144
636	-0.0126144
637	-0.0127539
638	-0.0130329
639	-0.013312
640	-0.01387
641	-0.0126144
642	-0.0131725
643	-0.0134515
644	-0.0127539
645	-0.0126144
646	-0.0127539
647	-0.013312
648	-0.0126144
649	-0.0126144
650	-0.0134515
651	-0.0130329
652	-0.013591
653	-0.0134515
654	-0.0128934
655	-0.014428
656	-0.0127539
657	-0.0123354
658	-0.0116379
659	-0.0114983
660	-0.0127539
661	-0.0124749
662	-0.0120564
663	-0.0134515
664	-0.0130329
665	-0.0127539
666	-0.0116379
667	-0.0109403
668	-0.0117774
669	-0.0123354
670	-0.0112193
671	-0.0108008
672	-0.0108008
673	-0.0110798
674	-0.0101033
675	-0.00996375
676	-0.0101033
677	-0.00982424
678	-0.0110798
679	-0.0102428
680	-0.0105218
681	-0.0110798
682	-0.0106613
683	-0.00954522
684	-0.00996375
685	-0.0102428
686	-0.0113588
687	-0.0101033
688	-0.0105218
689	-0.0112193
690	-0.0119169
691	-0.0123354
692	-0.0110798
693	-0.00940572
694	-0.00940572
695	-0.00954522
696	-0.00982424
697	-0.00926621
698	-0.00828964
699	-0.00870817
700	-0.00745259
701	-0.00745259
702	-0.00856866
703	-0.00926621
704	-0.00884768
705	-0.00884768
706	-0.00982424
707	-0.0117774
708	-0.0120564
709	-0.0108008
710	-0.0116379
711	-0.0116379
712	-0.0120564
713	-0.0123354
714	-0.0121959
715	-0.0114983
716	-0.0123354
717	-0.0130329
718	-0.0124749
719	-0.0121959
720	-0.0123354
721	-0.0127539
722	-0.0127539
723	-0.013591
724	-0.0137305
725	-0.014149
726	-0.01387
727	-0.0140095
728	-0.01387
729	-0.014149
730	-0.014428
731	-0.014149
732	-0.01387
733	-0.0123354
734	-0.0127539
735	-0.013312
736	-0.013312
737	-0.0119169
738	-0.0117774
739	-0.0126144
740	-0.0131725
741	-0.0137305
742	-0.0124749
743	-0.0134515
744	-0.01387
745	-0.0152651
746	-0.0147071
747	-0.0145675
748	-0.0147071
749	-0.0142885
750	-0.013591
751	-0.0127539
752	-0.0121959
753	-0.0126144
754	-0.0110798
755	-0.00982424
756	-0.0108008
757	-0.0114983
758	-0.0110798
759	-0.0110798
760	-0.0105218
761	-0.0114983
762	-0.0112193
763	-0.00926621
764	-0.00801063
765	-0.00801063
766	-0.00926621
767	-0.00898719
768	-0.00968473
769	-0.0101033
770	-0.0101033
771	-0.0101033
772	-0.00856866
773	-0.0091267
774	-0.0105218
775	-0.0105218
776	-0.0108008
777	-0.0113588
778	-0.0102428
779	-0.00954522
780	-0.0101033
781	-0.0109403
782	-0.0116379
783	-0.0124749
784	-0.0113588
785	-0.0127539
786	-0.0124749
787	-0.0130329
788	-0.0112193
789	-0.0120564
790	-0.013312
791	-0.0128934
792	-0.0113588
793	-0.0123354
794	-0.0120564
795	-0.01387
796	-0.0145675
797	-0.0131725
798	-0.01387
799	-0.013591
800	-0.01387
801	-0.0130329
802	-0.0128934
803	-0.013312
804	-0.013591
805	-0.0128934
806	-0.0130329
807	-0.013591
808	-0.0134515
809	-0.0128934
810	-0.0131725
811	-0.0142885
812	-0.0145675
813	-0.01387
814	-0.013312
815	-0.0145675
816	-0.0152651
817	-0.0140095
818	-0.01387
819	-0.014428
820	-0.0151256
821	-0.0149861
822	-0.01387
823	-0.0121959
824	-0.0121959
825	-0.0121959
826	-0.0117774
827	-0.0108008
828	-0.0113588
829	-0.0127539
830	-0.0137305
831	-0.0109403
832	-0.0117774
833	-0.0140095
834	-0.0131725
835	-0.0119169
836	-0.0128934
837	-0.0149861
838	-0.014428
839	-0.0121959
840	-0.0134515
841	-0.0147071
842	-0.0145675
843	-0.0134515
844	-0.0131725
845	-0.0137305
846	-0.014428
847	-0.0142885
848	-0.0130329
849	-0.0128934
850	-0.0137305
851	-0.0131725
852	-0.0126144
853	-0.013591
854	-0.0142885
855	-0.0140095
856	-0.013312
857	-0.0128934
858	-0.0156836
859	-0.0161021
860	-0.0145675
861	-0.0154046
862	-0.0155441
863	-0.0147071
864	-0.0134515
865	-0.0140095
866	-0.0155441
867	-0.0147071
868	-0.0137305
869	-0.013591
870	-0.013591
871	-0.0137305
872	-0.0137305
873	-0.0134515
874	-0.0148466
875	-0.0151256
876	-0.0147071
877	-0.0134515
878	-0.0142885
879	-0.0147071
880	-0.014428
881	-0.0151256
882	-0.01387
883	-0.0137305
884	-0.013312
885	-0.0140095
886	-0.0131725
887	-0.0124749
888	-0.0127539
889	-0.0124749
890	-0.0121959
891	-0.0114983
892	-0.0128934
893	-0.0147071
894	-0.0140095
895	-0.013591
896	-0.0140095
897	-0.0154046
898	-0.0148466
899	-0.0140095
900	-0.0128934
901	-0.013312
902	-0.013312
903	-0.013591
904	-0.0134515
905	-0.014149
906	-0.0149861
907	-0.0147071
908	-0.0127539
909	-0.0140095
910	-0.0148466
911	-0.0156836
912	-0.0147071
913	-0.01387
914	-0.0151256
915	-0.0152651
916	-0.0151256
917	-0.0152651
918	-0.0165207
919	-0.0166602
920	-0.0149861
921	-0.0147071
922	-0.0154046
923	-0.0149861
924	-0.01387
925	-0.0140095
926	-0.0140095
927	-0.0137305
928	-0.0131725
929	-0.0130329
930	-0.0145675
931	-0.0137305
932	-0.014149
933	-0.0140095
934	-0.0140095
935	-0.0147071
936	-0.014428
937	-0.0137305
938	-0.0124749
939	-0.0128934
940	-0.0140095
941	-0.0134515
942	-0.0124749
943	-0.0131725
944	-0.0137305
945	-0.0117774
946	-0.0127539
947	-0.0134515
948	-0.01387
949	-0.0117774
950	-0.0110798
951	-0.0116379
952	-0.0126144
953	-0.0124749
954	-0.0117774
955	-0.0116379
956	-0.0123354
957	-0.0114983
958	-0.0109403
959	-0.0114983
960	-0.0116379
961	-0.0131725
962	-0.0131725
963	-0.0121959
964	-0.0128934
965	-0.013591
966	-0.0126144
967	-0.0120564
968	-0.0124749
969	-0.0124749
970	-0.0127539
971	-0.0126144
972	-0.0113588
973	-0.0126144
974	-0.014149
975	-0.0134515
976	-0.013312
977	-0.0140095
978	-0.0147071
979	-0.0137305
980	-0.0127539
981	-0.0126144
982	-0.01387
983	-0.014428
984	-0.01387
985	-0.0140095
986	-0.01387
987	-0.0151256
988	-0.0137305
989	-0.0130329
990	-0.0140095
991	-0.0158231
992	-0.0147071
993	-0.0121959
994	-0.0140095
995	-0.0147071
996	-0.013591
997	-0.0119169
998	-0.0137305
999	-0.0159626
1000	-0.0148466
1001	-0.013591
1002	-0.0137305
1003	-0.014428
1004	-0.0127539
1005	-0.0130329
1006	-0.0145675
1007	-0.0152651
1008	-0.0134515
1009	-0.013591
1010	-0.0128934
1011	-0.0134515
1012	-0.0134515
1013	-0.0128934
1014	-0.0128934
1015	-0.01387
1016	-0.0147071
1017	-0.014149
1018	-0.0119169
1019	-0.0124749
1020	-0.014149
1021	-0.0134515
1022	-0.0128934
1023	-0.0131725
