0	0.000757378
1	0.00066415
2	0.000703772
3	0.000953157
4	0.00083196
5	0.000405442
6	0.00016305
7	0.000309884
8	3.02001e-05
9	-0.000258806
10	-0.000244822
11	-0.000212193
12	5.3507e-05
13	0.000193349
14	0.000125759
15	0.000354167
16	0.000312215
17	-0.000142272
18	-0.000366019
19	-0.000512853
20	-0.000543152
21	-0.000498868
22	-0.000524506
23	-0.00040331
24	6.89309e-06
25	0.000382135
26	0.000200341
27	0.00029823
28	0.000542954
29	0.000202672
30	-0.000193547
31	-0.000449924
32	-0.000540821
33	-0.000517514
34	-0.000529167
35	-0.000459247
36	-0.0002355
37	-3.27288e-05
38	1.85466e-05
39	3.48615e-05
40	2.08773e-05
41	0.000170042
42	0.000118767
43	-2.10753e-05
44	-0.0002355
45	-0.000265799
46	-0.000219185
47	-0.000296098
48	-0.000200539
49	4.88457e-05
50	0.00049867
51	0.000675803
52	0.000803992
53	0.000778354
54	0.000713095
55	0.000687457
56	0.00089722
57	0.00282238
58	0.00923646
59	0.0280662
60	0.0721606
61	0.156854
62	0.282317
63	0.435092
64	0.598777
65	0.761579
66	0.916134
67	1.05751
68	1.18238
69	1.28931
70	1.3782
71	1.44977
72	1.50468
73	1.5448
74	1.57273
75	1.59171
76	1.6048
77	1.61438
78	1.62159
79	1.62663
80	1.62977
81	1.63123
82	1.63144
83	1.63087
84	1.63027
85	1.62961
86	1.62915
87	1.62924
88	1.63016
89	1.63078
90	1.63007
91	1.62691
92	1.62116
93	1.61278
94	1.60271
95	1.5927
96	1.58397
97	1.57646
98	1.57069
99	1.56533
100	1.55917
101	1.55146
102	1.54239
103	1.53179
104	1.52021
105	1.50822
106	1.49679
107	1.48614
108	1.47634
109	1.46761
110	1.45881
111	1.44924
112	1.43891
113	1.42841
114	1.41767
115	1.40725
116	1.39688
117	1.38625
118	1.37459
119	1.36177
120	1.34799
121	1.33437
122	1.32218
123	1.31177
124	1.30333
125	1.29704
126	1.29273
127	1.28956
128	1.28616
129	1.2809
130	1.27248
131	1.26039
132	1.20728
133	1.19175
134	1.17789
135	1.16599
136	1.15627
137	1.14848
138	1.14206
139	1.13638
140	1.13023
141	1.1224
142	1.11189
143	1.09858
144	1.08268
145	1.06593
146	1.04997
147	1.03668
148	1.02646
149	1.01894
150	1.01312
151	1.0079
152	1.0023
153	0.994898
154	0.985228
155	0.972859
156	0.957705
157	0.94059
158	0.923383
159	0.908928
160	0.898561
161	0.892448
162	0.888725
163	0.885721
164	0.881225
165	0.874618
166	0.903481
167	0.892482
168	0.880169
169	0.866724
170	0.853052
171	0.840624
172	0.830623
173	0.823123
174	0.817567
175	0.813185
176	0.808969
177	0.804095
178	0.797507
179	0.789291
180	0.779893
181	0.769592
182	0.758577
183	0.747112
184	0.73565
185	0.725542
186	0.71765
187	0.712347
188	0.709457
189	0.707749
190	0.705097
191	0.700025
192	0.691882
193	0.680951
194	0.668146
195	0.654765
196	0.642408
197	0.632216
198	0.62617
199	0.623937
200	0.623739
201	0.624212
202	0.623434
203	0.619733
204	0.612335
205	0.602043
206	0.590086
207	0.578206
208	0.567369
209	0.559559
210	0.55513
211	0.552914
212	0.551937
213	0.550695
214	0.548257
215	0.544062
216	0.538128
217	0.529968
218	0.520592
219	0.510716
220	0.501573
221	0.494162
222	0.48864
223	0.484727
224	0.481916
225	0.480047
226	0.478143
227	0.475796
228	0.472265
229	0.467279
230	0.460073
231	0.451563
232	0.442467
233	0.434092
234	0.42704
235	0.421887
236	0.418787
237	0.417225
238	0.416626
239	0.415857
240	0.413736
241	0.409727
242	0.403924
243	0.397055
244	0.389828
245	0.383041
246	0.377608
247	0.373567
248	0.37173
249	0.371324
250	0.37169
251	0.371641
252	0.370166
253	0.367129
254	0.362265
255	0.355795
256	0.348612
257	0.341522
258	0.335893
259	0.331835
260	0.329712
261	0.329449
262	0.330003
263	0.330474
264	0.329234
265	0.326274
266	0.321396
267	0.314693
268	0.30713
269	0.300105
270	0.294351
271	0.290605
272	0.288855
273	0.288906
274	0.289925
275	0.290631
276	0.290011
277	0.28734
278	0.283434
279	0.280399
280	0.280255
281	0.283625
282	0.289228
283	0.250147
284	0.248219
285	0.247289
286	0.246909
287	0.246546
288	0.245229
289	0.24288
290	0.239479
291	0.234937
292	0.229748
293	0.224952
294	0.220596
295	0.216911
296	0.214352
297	0.213126
298	0.212662
299	0.212329
300	0.211926
301	0.210963
302	0.209166
303	0.206619
304	0.203309
305	0.19947
306	0.195641
307	0.192581
308	0.190793
309	0.190038
310	0.190313
311	0.190977
312	0.191124
313	0.190614
314	0.18922
315	0.18677
316	0.183724
317	0.179522
318	0.175839
319	0.172693
320	0.170316
321	0.168663
322	0.16792
323	0.167854
324	0.167691
325	0.167011
326	0.16554
327	0.163032
328	0.159585
329	0.155856
330	0.15233
331	0.14937
332	0.14717
333	0.145913
334	0.144918
335	0.144077
336	0.143534
337	0.142911
338	0.141858
339	0.139781
340	0.137257
341	0.13464
342	0.132027
343	0.129428
344	0.128079
345	0.127209
346	0.126615
347	0.125948
348	0.125396
349	0.12472
350	0.123697
351	0.122075
352	0.120311
353	0.118143
354	0.116022
355	0.113987
356	0.11257
357	0.111722
358	0.111533
359	0.111363
360	0.110962
361	0.110354
362	0.10947
363	0.10776
364	0.105366
365	0.1027
366	0.0999472
367	0.0973718
368	0.0957473
369	0.0949386
370	0.0948407
371	0.0947288
372	0.0944421
373	0.0935751
374	0.0923818
375	0.0907619
376	0.0886154
377	0.0861169
378	0.0837722
379	0.0820964
380	0.0812341
381	0.0810266
382	0.0813249
383	0.0818377
384	0.0819566
385	0.0812993
386	0.0799359
387	0.0782368
388	0.0761531
389	0.0740205
390	0.0722842
391	0.0707995
392	0.0699581
393	0.0695712
394	0.0692892
395	0.0688837
396	0.0686949
397	0.068047
398	0.0670075
399	0.0656137
400	0.0638634
401	0.0622365
402	0.0609989
403	0.0603533
404	0.060379
405	0.0605165
406	0.0609826
407	0.0615233
408	0.0619429
409	0.0623251
410	0.0619568
411	0.0609593
412	0.0597567
413	0.0581718
414	0.0565706
415	0.0555218
416	0.05479
417	0.0545825
418	0.055086
419	0.0558388
420	0.056545
421	0.0572955
422	0.0575938
423	0.0571533
424	0.0559367
425	0.0546571
426	0.0531888
427	0.0522635
428	0.0515922
429	0.0513801
430	0.0516155
431	0.0520351
432	0.0523357
433	0.052387
434	0.05207
435	0.0510748
436	0.0495202
437	0.0476603
438	0.0457468
439	0.0441899
440	0.0434301
441	0.043288
442	0.043542
443	0.0440548
444	0.0445652
445	0.0443927
446	0.0436749
447	0.0428941
448	0.0416658
449	0.0401695
450	0.0385147
451	0.0368902
452	0.0357505
453	0.0351468
454	0.035021
455	0.035014
456	0.0351701
457	0.0350489
458	0.0343404
459	0.0335177
460	0.0322568
461	0.0308117
462	0.0290334
463	0.0275231
464	0.0262645
465	0.0260315
466	0.0260431
467	0.025838
468	0.025838
469	0.0257471
470	0.0251621
471	0.0245328
472	0.023505
473	0.0225075
474	0.0210578
475	0.0196523
476	0.018233
477	0.0553493
478	0.0467001
479	0.0369788
480	0.0266538
481	0.0178973
482	0.0178158
483	0.0170303
484	0.0159139
485	0.0147043
486	0.0137767
487	0.0127162
488	0.0116161
489	0.0109006
490	0.0103692
491	0.0102293
492	0.0100872
493	0.0100825
494	0.00984477
495	0.00919917
496	0.00814802
497	0.00688944
498	0.00569613
499	0.00492467
500	0.00468927
501	0.00453078
502	0.00473355
503	0.00507616
504	0.00491068
505	0.00455642
506	0.00404599
507	0.00359151
508	0.00284335
509	0.0019204
510	0.00111864
511	0.000274923
512	0.000370482
513	0.0078124
514	0.0138862
515	0.0187597
516	0.0223443
517	0.0242508
518	0.0250689
519	0.0251411
520	0.0242462
521	0.0224818
522	0.0201931
523	0.017867
524	0.0156039
525	0.0133711
526	0.011453
527	0.0100359
528	0.0092015
529	0.0084044
530	0.00762128
531	0.00682652
532	0.00603641
533	0.00505985
534	0.00388284
535	0.00276178
536	0.00198333
537	0.00168733
538	0.00182717
539	0.00212084
540	0.00237954
541	0.00240751
542	0.00222805
543	0.00192506
544	0.00143561
545	0.00105338
546	0.000713095
547	0.000507993
548	0.000116436
549	-1.87446e-05
550	-7.93427e-05
551	-2.10753e-05
552	5.3507e-05
553	-0.000317074
554	-0.000916063
555	-0.00107455
556	-0.0011468
557	-0.00102328
558	-0.000382333
559	0.000685126
560	0.00187378
561	0.00282937
562	0.00372203
563	0.00457506
564	0.00507383
565	0.0054211
566	0.00550268
567	0.005216
568	0.00459837
569	0.0041835
570	0.00377097
571	0.00328152
572	0.00275246
573	0.00230729
574	0.00210918
575	0.00165703
576	0.0013587
577	0.00103706
578	0.000645504
579	4.6515e-05
580	-0.000501199
581	-0.00114913
582	-0.00168519
583	-0.00182037
584	-0.0020348
585	-0.0021257
586	-0.00203247
587	-0.00248695
588	-0.00246598
589	-0.00266409
590	-0.00295076
591	-0.00334698
592	-0.00382944
593	-0.00411844
594	-0.00409747
595	-0.00381079
596	-0.00393432
597	-0.00450534
598	-0.00512297
599	-0.00593639
600	-0.0066053
601	-0.00730218
602	-0.00783358
603	-0.0081692
604	-0.00853745
605	-0.00901524
606	-0.0095816
607	-0.0102458
608	-0.0109777
609	-0.0110616
610	-0.0111245
611	-0.0110476
612	-0.0112387
613	-0.0116373
614	-0.0121594
615	-0.0129541
616	-0.0137955
617	-0.0146625
618	-0.0153431
619	-0.0153477
620	-0.0150751
621	-0.0147045
622	-0.0142803
623	-0.0138934
624	-0.0138211
625	-0.0139773
626	-0.0144831
627	-0.0146439
628	-0.0149189
629	-0.0153804
630	-0.0154386
631	-0.015455
632	-0.0152079
633	-0.015145
634	-0.0149632
635	-0.0146858
636	-0.0145879
637	-0.0148163
638	-0.0152592
639	-0.0158628
640	-0.0162054
641	-0.016583
642	-0.0168487
643	-0.0171401
644	-0.0172892
645	-0.0172636
646	-0.0174757
647	-0.0175503
648	-0.0172146
649	-0.0170818
650	-0.0173009
651	-0.0179255
652	-0.018366
653	-0.0187063
654	-0.0189836
655	-0.0193426
656	-0.0194568
657	-0.0195616
658	-0.0196642
659	-0.0201397
660	-0.0205545
661	-0.0208202
662	-0.0211279
663	-0.0218154
664	-0.0227221
665	-0.023377
666	-0.0237266
667	-0.0241555
668	-0.0243
669	-0.0244118
670	-0.0241438
671	-0.0240296
672	-0.0243629
673	-0.0247778
674	-0.0250668
675	-0.0252439
676	-0.0256331
677	-0.0259781
678	-0.0261039
679	-0.0260666
680	-0.0262438
681	-0.0264372
682	-0.0266423
683	-0.0266959
684	-0.0270781
685	-0.0275606
686	-0.0277937
687	-0.0282155
688	-0.0285069
689	-0.0287236
690	-0.0290825
691	-0.0291921
692	-0.0292527
693	-0.0294718
694	-0.0296629
695	-0.0296536
696	-0.0296676
697	-0.0297328
698	-0.0301593
699	-0.0303038
700	-0.0304856
701	-0.03077
702	-0.0309611
703	-0.0310543
704	-0.0310124
705	-0.0309285
706	-0.0309238
707	-0.0308399
708	-0.0305392
709	-0.0304134
710	-0.0304041
711	-0.0303691
712	-0.0303481
713	-0.0304786
714	-0.0305486
715	-0.030425
716	-0.0302712
717	-0.0300801
718	-0.0300381
719	-0.0299752
720	-0.0300521
721	-0.0301034
722	-0.0304763
723	-0.0310287
724	-0.031369
725	-0.0313387
726	-0.0313853
727	-0.0313829
728	-0.0313643
729	-0.0311802
730	-0.03101
731	-0.0311895
732	-0.0313387
733	-0.0312641
734	-0.0315717
735	-0.0319913
736	-0.0323712
737	-0.0327674
738	-0.0332522
739	-0.0334899
740	-0.0335901
741	-0.0337812
742	-0.0336344
743	-0.0336624
744	-0.0337509
745	-0.0341472
746	-0.0346949
747	-0.0351307
748	-0.0355363
749	-0.0357577
750	-0.0358253
751	-0.035499
752	-0.0351843
753	-0.0347625
754	-0.0346273
755	-0.0345154
756	-0.0346483
757	-0.0350724
758	-0.0353358
759	-0.0357111
760	-0.0358159
761	-0.0357577
762	-0.0356971
763	-0.0357903
764	-0.0358043
765	-0.035774
766	-0.0357134
767	-0.0357064
768	-0.0358975
769	-0.036084
770	-0.03631
771	-0.0363357
772	-0.0363427
773	-0.0365035
774	-0.0361749
775	-0.035506
776	-0.0347601
777	-0.0339118
778	-0.0327324
779	-0.031644
780	-0.0307583
781	-0.0302829
782	-0.0296489
783	-0.0291618
784	-0.0287283
785	-0.0288075
786	-0.0284556
787	-0.0275979
788	-0.0264302
789	-0.0251763
790	-0.0237895
791	-0.0223259
792	-0.0208575
793	-0.0194847
794	-0.0177903
795	-0.0164012
796	-0.0152172
797	-0.0143129
798	-0.0133597
799	-0.0123108
800	-0.0116046
801	-0.0110057
802	-0.0106561
803	-0.0107586
804	-0.0106817
805	-0.0108192
806	-0.0110546
807	-0.0110569
808	-0.0110756
809	-0.0113063
810	-0.0116466
811	-0.0118307
812	-0.0118121
813	-0.0114555
814	-0.0112271
815	-0.011297
816	-0.0117165
817	-0.0120754
818	-0.0126558
819	-0.0134039
820	-0.0138491
821	-0.0140169
822	-0.0142919
823	-0.0147627
824	-0.0149049
825	-0.0147511
826	-0.0147464
827	-0.0148956
828	-0.0152732
829	-0.0158838
830	-0.0164385
831	-0.0169629
832	-0.0172193
833	-0.0172426
834	-0.017154
835	-0.0168441
836	-0.0158232
837	-0.0143805
838	-0.0129564
839	-0.0116256
840	-0.0105185
841	-0.00964686
842	-0.00898494
843	-0.00885209
844	-0.00884976
845	-0.00864
846	-0.00838129
847	-0.00853511
848	-0.00865864
849	-0.00885209
850	-0.00901757
851	-0.00905719
852	-0.00915974
853	-0.00943476
854	-0.00976106
855	-0.0102808
856	-0.0110057
857	-0.0117119
858	-0.0121594
859	-0.0124856
860	-0.0125812
861	-0.0128353
862	-0.0129541
863	-0.0127304
864	-0.0125183
865	-0.0122572
866	-0.0120964
867	-0.0117328
868	-0.011551
869	-0.0117049
870	-0.0116722
871	-0.0116303
872	-0.01129
873	-0.0111502
874	-0.0111082
875	-0.0111898
876	-0.0114625
877	-0.0118028
878	-0.0119123
879	-0.0117561
880	-0.0115394
881	-0.0118167
882	-0.0122805
883	-0.0129378
884	-0.0134459
885	-0.0136021
886	-0.0140006
887	-0.0142174
888	-0.0142104
889	-0.0144201
890	-0.0148979
891	-0.0151333
892	-0.0153011
893	-0.0154596
894	-0.0160493
895	-0.0167881
896	-0.017196
897	-0.0171494
898	-0.0173964
899	-0.0178066
900	-0.0182541
901	-0.018655
902	-0.0188718
903	-0.0191864
904	-0.0193799
905	-0.0194358
906	-0.0196059
907	-0.0199509
908	-0.0203541
909	-0.0206781
910	-0.021051
911	-0.0215427
912	-0.0224494
913	-0.0228386
914	-0.0229551
915	-0.0229528
916	-0.0229738
917	-0.0230111
918	-0.0233327
919	-0.0236986
920	-0.0242743
921	-0.0246472
922	-0.024885
923	-0.025132
924	-0.0253674
925	-0.0258708
926	-0.0263743
927	-0.0266446
928	-0.0267612
929	-0.0269873
930	-0.0269476
931	-0.0270176
932	-0.0273555
933	-0.0279335
934	-0.0283997
935	-0.0287702
936	-0.0291711
937	-0.0296186
938	-0.0299449
939	-0.0301943
940	-0.0303714
941	-0.0305672
942	-0.0306861
943	-0.0308049
944	-0.0309378
945	-0.0313853
946	-0.0320379
947	-0.032483
948	-0.0330401
949	-0.03311
950	-0.0335691
951	-0.033709
952	-0.0338651
953	-0.0335622
954	-0.033117
955	-0.0323595
956	-0.0315578
957	-0.0308282
958	-0.030488
959	-0.0301873
960	-0.029889
961	-0.0298121
962	-0.0296536
963	-0.0292224
964	-0.0291082
965	-0.0291105
966	-0.0290662
967	-0.0290523
968	-0.0291665
969	-0.0293972
970	-0.0295254
971	-0.0297491
972	-0.0299402
973	-0.0302432
974	-0.0304227
975	-0.0304716
976	-0.0304227
977	-0.0302083
978	-0.0300265
979	-0.030171
980	-0.0305322
981	-0.0308119
982	-0.031341
983	-0.0317768
984	-0.0324201
985	-0.0329375
986	-0.0333314
987	-0.0335761
988	-0.0333128
989	-0.0330587
990	-0.0326159
991	-0.0325716
992	-0.0324457
993	-0.032539
994	-0.032821
995	-0.0332522
996	-0.0337976
997	-0.0341798
998	-0.0344408
999	-0.0344455
1000	-0.0343173
1001	-0.0340143
1002	-0.0336204
1003	-0.0337952
1004	-0.034005
1005	-0.0337393
1006	-0.0333337
1007	-0.0327161
1008	-0.0321567
1009	-0.031651
1010	-0.0307537
1011	-0.029826
1012	-0.0288495
1013	-0.0276165
1014	-0.0263859
1015	-0.0252695
1016	-0.0248034
1017	-0.0247871
1018	-0.0248453
1019	-0.0247218
1020	-0.0248244
1021	-0.0251157
1022	-0.0254886
1023	-0.025766
