0	0.000420362
1	5.67732e-05
2	-0.000143667
3	4.74504e-05
4	0.00024789
5	0.000117371
6	0.000425024
7	0.00047863
8	0.000555543
9	0.000341118
10	-3.64547e-05
11	-0.00015299
12	-0.000276517
13	-5.04389e-05
14	7.82855e-06
15	0.000254883
16	0.00014767
17	-0.000111037
18	-0.000232233
19	-0.000365083
20	-0.000374406
21	-0.000516579
22	-0.000630783
23	-0.000507256
24	-0.000924451
25	-0.00119481
26	-0.00136262
27	-0.00135796
28	-0.00103632
29	-0.000549208
30	-0.000278847
31	-0.000283509
32	-0.000334784
33	-0.0003208
34	6.37653e-05
35	0.000327134
36	0.000217591
37	0.000238568
38	4.04583e-05
39	-0.000395382
40	-0.000504925
41	-0.000407036
42	-0.000239225
43	-4.57775e-05
44	5.49785e-06
45	0.000434346
46	0.00119648
47	0.00167195
48	0.00235717
49	0.00297947
50	0.00361109
51	0.00381852
52	0.00419143
53	0.00437323
54	0.0045993
55	0.004872
56	0.00489763
57	0.004865
58	0.00537776
59	0.0065198
60	0.0105123
61	0.0259532
62	0.0750377
63	0.196525
64	0.431338
65	0.794454
66	1.25733
67	1.75354
68	2.21644
69	2.60723
70	2.91189
71	3.12967
72	3.26837
73	3.33999
74	3.35985
75	3.34532
76	3.30842
77	3.25748
78	3.19927
79	3.14093
80	3.08641
81	3.03802
82	2.99556
83	2.95795
84	2.92488
85	2.89501
86	2.86837
87	2.84443
88	2.82201
89	2.8008
90	2.78083
91	2.76366
92	2.75013
93	2.73754
94	2.72215
95	2.70387
96	2.68346
97	2.66201
98	2.63975
99	2.61663
100	2.59357
101	2.57092
102	2.54917
103	2.52834
104	2.50794
105	2.48745
106	2.46615
107	2.44344
108	2.41978
109	2.39598
110	2.37257
111	2.34981
112	2.32772
113	2.30563
114	2.28346
115	2.26139
116	2.24002
117	2.21938
118	2.19951
119	2.18004
120	2.16149
121	2.14445
122	2.12995
123	2.11931
124	2.10744
125	2.09049
126	2.07781
127	2.0659
128	2.04647
129	2.0282
130	2.01073
131	1.99344
132	1.97576
133	1.95869
134	1.94312
135	1.92781
136	1.91283
137	1.89721
138	1.88133
139	1.86493
140	1.84823
141	1.83109
142	1.81381
143	1.79632
144	1.7791
145	1.76186
146	1.74431
147	1.72629
148	1.70785
149	1.68958
150	1.67152
151	1.65417
152	1.63811
153	1.62376
154	1.61068
155	1.59792
156	1.58652
157	1.57566
158	1.56527
159	1.55457
160	1.54382
161	1.53231
162	1.51975
163	1.50754
164	1.49599
165	1.4856
166	1.47649
167	1.46792
168	1.45909
169	1.44899
170	1.43702
171	1.42304
172	1.40929
173	1.39574
174	1.3824
175	1.36901
176	1.35636
177	1.34399
178	1.33148
179	1.3184
180	1.30496
181	1.29153
182	1.27793
183	1.26465
184	1.25198
185	1.23989
186	1.22799
187	1.21625
188	1.20534
189	1.19498
190	1.18451
191	1.17378
192	1.16272
193	1.1513
194	1.13964
195	1.12805
196	1.1174
197	1.10768
198	1.09852
199	1.08974
200	1.08186
201	1.07519
202	1.06873
203	1.06219
204	1.05559
205	1.0488
206	1.04138
207	1.0335
208	1.02509
209	1.01611
210	1.00648
211	0.997036
212	0.987751
213	0.978248
214	0.968609
215	0.958633
216	0.949003
217	0.939703
218	0.930527
219	0.921293
220	0.912402
221	0.904454
222	0.896982
223	0.889675
224	0.882303
225	0.874765
226	0.867379
227	0.860413
228	0.8536
229	0.847102
230	0.840434
231	0.833309
232	0.825296
233	0.817144
234	0.809182
235	0.801304
236	0.793298
237	0.785257
238	0.777303
239	0.770043
240	0.763123
241	0.755911
242	0.749285
243	0.742925
244	0.736725
245	0.729992
246	0.723711
247	0.717935
248	0.712759
249	0.707727
250	0.702753
251	0.697947
252	0.693111
253	0.688857
254	0.684769
255	0.680259
256	0.675335
257	0.669916
258	0.663674
259	0.65726
260	0.651058
261	0.644774
262	0.638524
263	0.632832
264	0.627996
265	0.623386
266	0.618892
267	0.614678
268	0.610585
269	0.607418
270	0.605045
271	0.603913
272	0.603654
273	0.603831
274	0.603507
275	0.602402
276	0.599634
277	0.595723
278	0.590399
279	0.58426
280	0.578806
281	0.573364
282	0.567582
283	0.561713
284	0.557926
285	0.55731
286	0.560545
287	0.566097
288	0.562552
289	0.557613
290	0.553479
291	0.550381
292	0.548188
293	0.546328
294	0.544182
295	0.543252
296	0.543492
297	0.544375
298	0.544573
299	0.543785
300	0.542434
301	0.541455
302	0.541044
303	0.540767
304	0.540795
305	0.541613
306	0.545846
307	0.555534
308	0.558142
309	0.553318
310	0.54881
311	0.544298
312	0.540084
313	0.535756
314	0.531442
315	0.526666
316	0.521921
317	0.517239
318	0.512761
319	0.508704
320	0.50421
321	0.500381
322	0.49699
323	0.493333
324	0.48913
325	0.485045
326	0.481393
327	0.478102
328	0.475538
329	0.472179
330	0.468828
331	0.465756
332	0.462707
333	0.459771
334	0.457226
335	0.454743
336	0.451814
337	0.447858
338	0.443899
339	0.440673
340	0.437848
341	0.434821
342	0.432942
343	0.433359
344	0.43562
345	0.438738
346	0.441582
347	0.44284
348	0.44103
349	0.437785
350	0.43452
351	0.431352
352	0.428304
353	0.425549
354	0.422936
355	0.420659
356	0.418515
357	0.415548
358	0.412674
359	0.409768
360	0.406934
361	0.404361
362	0.401839
363	0.398967
364	0.396063
365	0.39315
366	0.390414
367	0.387671
368	0.384895
369	0.382694
370	0.380879
371	0.378632
372	0.376243
373	0.37422
374	0.372036
375	0.369379
376	0.366876
377	0.365135
378	0.365077
379	0.366459
380	0.368771
381	0.371479
382	0.373197
383	0.371994
384	0.368918
385	0.365746
386	0.362415
387	0.359672
388	0.35691
389	0.354206
390	0.35164
391	0.349331
392	0.347037
393	0.345012
394	0.342613
395	0.34004
396	0.33753
397	0.335141
398	0.333421
399	0.331916
400	0.330037
401	0.328322
402	0.328028
403	0.330135
404	0.335677
405	0.345424
406	0.359362
407	0.360865
408	0.360154
409	0.359555
410	0.358194
411	0.35636
412	0.354087
413	0.351584
414	0.348883
415	0.346175
416	0.343448
417	0.340842
418	0.338623
419	0.336453
420	0.333552
421	0.330158
422	0.327781
423	0.329839
424	0.339103
425	0.347711
426	0.346068
427	0.343807
428	0.34169
429	0.339707
430	0.337791
431	0.335642
432	0.333146
433	0.330673
434	0.328475
435	0.326434
436	0.324683
437	0.323774
438	0.323485
439	0.323658
440	0.324017
441	0.323912
442	0.32336
443	0.322495
444	0.321008
445	0.319456
446	0.317934
447	0.316559
448	0.315062
449	0.313773
450	0.312233
451	0.310228
452	0.30811
453	0.306096
454	0.304418
455	0.303243
456	0.302525
457	0.302101
458	0.302222
459	0.302104
460	0.30184
461	0.301365
462	0.300822
463	0.300146
464	0.299456
465	0.298505
466	0.297403
467	0.296023
468	0.294387
469	0.292578
470	0.290979
471	0.289084
472	0.287299
473	0.285584
474	0.283859
475	0.282596
476	0.281209
477	0.280158
478	0.278736
479	0.277112
480	0.275848
481	0.274758
482	0.27352
483	0.272459
484	0.270951
485	0.269318
486	0.267616
487	0.265989
488	0.263899
489	0.261967
490	0.260424
491	0.258657
492	0.256639
493	0.255161
494	0.253842
495	0.252373
496	0.250863
497	0.249819
498	0.248766
499	0.247901
500	0.24743
501	0.247593
502	0.248346
503	0.249637
504	0.250921
505	0.251754
506	0.252306
507	0.252297
508	0.251726
509	0.25063
510	0.249476
511	0.248411
512	0.247046
513	0.24536
514	0.243962
515	0.24275
516	0.241037
517	0.239354
518	0.237921
519	0.236809
520	0.235998
521	0.23535
522	0.234879
523	0.234938
524	0.234993
525	0.234728
526	0.233791
527	0.232458
528	0.231166
529	0.22992
530	0.228815
531	0.227754
532	0.22657
533	0.225363
534	0.22448
535	0.223676
536	0.223114
537	0.224144
538	0.228824
539	0.237937
540	0.247665
541	0.246248
542	0.245025
543	0.244151
544	0.242995
545	0.241515
546	0.240065
547	0.239002
548	0.237555
549	0.235795
550	0.234036
551	0.232509
552	0.231453
553	0.230959
554	0.232404
555	0.238002
556	0.248255
557	0.252721
558	0.251136
559	0.249726
560	0.248327
561	0.246745
562	0.245155
563	0.24382
564	0.242414
565	0.241172
566	0.239639
567	0.237988
568	0.236315
569	0.235
570	0.233721
571	0.23273
572	0.231833
573	0.230798
574	0.229661
575	0.228074
576	0.226405
577	0.224829
578	0.223403
579	0.222408
580	0.221634
581	0.220951
582	0.219807
583	0.218317
584	0.216684
585	0.2155
586	0.21515
587	0.216336
588	0.218998
589	0.222482
590	0.225859
591	0.22939
592	0.23208
593	0.233348
594	0.233388
595	0.232917
596	0.231966
597	0.231162
598	0.230311
599	0.229558
600	0.228423
601	0.227386
602	0.226358
603	0.225673
604	0.224752
605	0.223496
606	0.222203
607	0.2211
608	0.220114
609	0.218944
610	0.217723
611	0.216821
612	0.215987
613	0.215015
614	0.213814
615	0.212824
616	0.211889
617	0.211691
618	0.212416
619	0.214425
620	0.217599
621	0.221923
622	0.225866
623	0.229735
624	0.232807
625	0.235108
626	0.236271
627	0.23749
628	0.239876
629	0.242699
630	0.245913
631	0.248817
632	0.251001
633	0.25198
634	0.251756
635	0.251162
636	0.250038
637	0.247859
638	0.245796
639	0.244004
640	0.242048
641	0.24003
642	0.238007
643	0.236345
644	0.235066
645	0.233982
646	0.23342
647	0.233122
648	0.233537
649	0.234038
650	0.235031
651	0.235751
652	0.236035
653	0.236252
654	0.236098
655	0.235266
656	0.234709
657	0.233714
658	0.232106
659	0.230421
660	0.228906
661	0.227698
662	0.226461
663	0.22544
664	0.224149
665	0.222746
666	0.221026
667	0.219317
668	0.217518
669	0.215819
670	0.21433
671	0.212679
672	0.211141
673	0.209298
674	0.207836
675	0.206797
676	0.205608
677	0.203769
678	0.201508
679	0.199595
680	0.198071
681	0.196364
682	0.194644
683	0.192924
684	0.190992
685	0.189946
686	0.188673
687	0.187328
688	0.186256
689	0.185294
690	0.184483
691	0.18379
692	0.1831
693	0.181779
694	0.179954
695	0.178299
696	0.176882
697	0.175791
698	0.174533
699	0.173789
700	0.173549
701	0.173824
702	0.174768
703	0.176589
704	0.179532
705	0.182779
706	0.18538
707	0.187354
708	0.188622
709	0.189326
710	0.189764
711	0.18999
712	0.189794
713	0.18958
714	0.189256
715	0.188396
716	0.187137
717	0.185851
718	0.18404
719	0.181961
720	0.180224
721	0.178789
722	0.177069
723	0.174936
724	0.172922
725	0.170759
726	0.168934
727	0.167214
728	0.165387
729	0.163723
730	0.162523
731	0.161632
732	0.160784
733	0.159833
734	0.158293
735	0.156766
736	0.155559
737	0.154876
738	0.153874
739	0.152375
740	0.151258
741	0.150615
742	0.150343
743	0.150026
744	0.149774
745	0.14948
746	0.149168
747	0.148925
748	0.14887
749	0.149713
750	0.151354
751	0.154997
752	0.160157
753	0.166152
754	0.171822
755	0.173381
756	0.172058
757	0.170641
758	0.169438
759	0.168126
760	0.166897
761	0.165832
762	0.165716
763	0.165947
764	0.166466
765	0.167114
766	0.16762
767	0.169002
768	0.171885
769	0.17626
770	0.18197
771	0.18769
772	0.188755
773	0.186948
774	0.185226
775	0.184058
776	0.184131
777	0.185914
778	0.189347
779	0.193896
780	0.198947
781	0.203548
782	0.204932
783	0.20421
784	0.203732
785	0.203047
786	0.202289
787	0.201089
788	0.200427
789	0.200674
790	0.2028
791	0.208097
792	0.216133
793	0.226067
794	0.22798
795	0.228857
796	0.229822
797	0.230271
798	0.229747
799	0.228915
800	0.228174
801	0.228563
802	0.231623
803	0.238974
804	0.249999
805	0.248992
806	0.248115
807	0.247267
808	0.246551
809	0.245591
810	0.244372
811	0.243475
812	0.242738
813	0.241771
814	0.240969
815	0.239699
816	0.238925
817	0.238168
818	0.23694
819	0.235588
820	0.234455
821	0.233367
822	0.232434
823	0.231271
824	0.229906
825	0.228386
826	0.22719
827	0.225577
828	0.223834
829	0.222494
830	0.221317
831	0.219877
832	0.218268
833	0.216921
834	0.215758
835	0.214947
836	0.213982
837	0.21336
838	0.212833
839	0.212218
840	0.2115
841	0.211365
842	0.212031
843	0.213274
844	0.214341
845	0.214765
846	0.214714
847	0.214507
848	0.213751
849	0.212863
850	0.212045
851	0.210619
852	0.208897
853	0.207461
854	0.206032
855	0.204503
856	0.202939
857	0.201641
858	0.200543
859	0.199217
860	0.197593
861	0.195745
862	0.194318
863	0.194143
864	0.195274
865	0.196539
866	0.197691
867	0.198502
868	0.198767
869	0.198686
870	0.198395
871	0.19891
872	0.200217
873	0.202096
874	0.204478
875	0.208004
876	0.213006
877	0.218075
878	0.22228
879	0.225137
880	0.226757
881	0.226899
882	0.225531
883	0.223997
884	0.222482
885	0.221261
886	0.22
887	0.218301
888	0.215651
889	0.213176
890	0.211046
891	0.208857
892	0.206547
893	0.20452
894	0.202681
895	0.20052
896	0.198798
897	0.196936
898	0.195225
899	0.193467
900	0.191892
901	0.190617
902	0.188955
903	0.187303
904	0.185813
905	0.184331
906	0.182963
907	0.182112
908	0.181133
909	0.180653
910	0.180327
911	0.18004
912	0.178754
913	0.176831
914	0.174778
915	0.173211
916	0.171899
917	0.170505
918	0.168734
919	0.167282
920	0.165958
921	0.164874
922	0.164287
923	0.163707
924	0.163455
925	0.16256
926	0.161103
927	0.160003
928	0.159048
929	0.157936
930	0.156503
931	0.154741
932	0.153116
933	0.151955
934	0.150571
935	0.148867
936	0.147005
937	0.14559
938	0.144651
939	0.143332
940	0.141929
941	0.140516
942	0.138983
943	0.137465
944	0.135906
945	0.135123
946	0.134263
947	0.133289
948	0.131942
949	0.130695
950	0.129105
951	0.128147
952	0.126837
953	0.125488
954	0.124048
955	0.122987
956	0.122558
957	0.123344
958	0.125495
959	0.128721
960	0.132019
961	0.134825
962	0.137016
963	0.139969
964	0.144159
965	0.150095
966	0.15729
967	0.164075
968	0.165581
969	0.164613
970	0.163492
971	0.162241
972	0.16129
973	0.160397
974	0.159621
975	0.158686
976	0.157577
977	0.156393
978	0.1555
979	0.154624
980	0.153489
981	0.152871
982	0.152484
983	0.151874
984	0.150757
985	0.149951
986	0.149389
987	0.148881
988	0.147895
989	0.146832
990	0.146138
991	0.145304
992	0.143707
993	0.14232
994	0.140661
995	0.139421
996	0.138589
997	0.138281
998	0.138314
999	0.138412
1000	0.138342
1001	0.138118
1002	0.137845
1003	0.137594
1004	0.137584
1005	0.137113
1006	0.136333
1007	0.135375
1008	0.134181
1009	0.133501
1010	0.133116
1011	0.133165
1012	0.133485
1013	0.13396
1014	0.134456
1015	0.134424
1016	0.134193
1017	0.133636
1018	0.133638
1019	0.133496
1020	0.133114
1021	0.132625
1022	0.132154
1023	0.131608
