0	-0.000259172
1	4.84803e-05
2	0.000330495
3	0.000220952
4	-0.000231203
5	-0.000410667
6	-0.000662383
7	-0.000424651
8	-0.000394352
9	-0.000501564
10	-0.000648398
11	-0.000671705
12	-0.000604115
13	-0.00045262
14	-0.00015429
15	-0.000207896
16	-0.000312778
17	-0.000317439
18	-0.000343077
19	-0.00021955
20	7.64487e-05
21	-0.000116999
22	-0.000364053
23	-0.000557501
24	-0.0005878
25	-0.000608777
26	-0.000436305
27	-0.000380368
28	-0.000641406
29	-0.000743957
30	-0.000515549
31	-0.000517879
32	-0.000566824
33	-0.000531863
34	-0.000592462
35	-0.000217219
36	9.7425e-05
37	0.000272227
38	0.00034681
39	0.00051462
40	0.000505297
41	0.000729044
42	0.000801296
43	0.000668446
44	0.00106
45	0.00148186
46	0.00158208
47	0.00181515
48	0.00187109
49	0.0017732
50	0.00186176
51	0.00185011
52	0.00193635
53	0.00189206
54	0.00166365
55	0.00145855
56	0.00144224
57	0.00166598
58	0.00208551
59	0.00339536
60	0.00751371
61	0.0195215
62	0.0525078
63	0.136872
64	0.319175
65	0.63955
66	1.10276
67	1.64572
68	2.17257
69	2.61585
70	2.94589
71	3.16071
72	3.27966
73	3.32802
74	3.32674
75	3.2933
76	3.24151
77	3.18123
78	3.12031
79	3.06353
80	3.0128
81	2.96852
82	2.93047
83	2.89758
84	2.86962
85	2.84598
86	2.82635
87	2.81049
88	2.79615
89	2.78085
90	2.76516
91	2.75015
92	2.73519
93	2.71848
94	2.69918
95	2.67741
96	2.65429
97	2.63211
98	2.61055
99	2.59017
100	2.57083
101	2.55202
102	2.53351
103	2.51474
104	2.49619
105	2.47779
106	2.45989
107	2.44228
108	2.42453
109	2.40575
110	2.38562
111	2.36441
112	2.34359
113	2.324
114	2.30483
115	2.28584
116	2.26778
117	2.24924
118	2.22968
119	2.20893
120	2.18881
121	2.17073
122	2.15292
123	2.13369
124	2.11574
125	2.10059
126	2.08848
127	2.07794
128	2.06796
129	2.05879
130	2.04967
131	2.0385
132	2.02417
133	2.01138
134	2.00267
135	1.99696
136	1.98042
137	1.96177
138	1.94193
139	1.92251
140	1.90384
141	1.88526
142	1.8671
143	1.84905
144	1.83053
145	1.8127
146	1.79522
147	1.77851
148	1.76131
149	1.74366
150	1.72799
151	1.71356
152	1.69877
153	1.68408
154	1.66938
155	1.65391
156	1.63805
157	1.62234
158	1.60698
159	1.59142
160	1.57625
161	1.56161
162	1.54761
163	1.53405
164	1.52043
165	1.50786
166	1.49591
167	1.48393
168	1.47153
169	1.45916
170	1.44657
171	1.43308
172	1.4195
173	1.40591
174	1.39211
175	1.37845
176	1.36515
177	1.35193
178	1.33803
179	1.32416
180	1.31094
181	1.29824
182	1.28703
183	1.27592
184	1.26361
185	1.25026
186	1.23714
187	1.22444
188	1.21304
189	1.2022
190	1.19139
191	1.17915
192	1.16609
193	1.15322
194	1.14189
195	1.13097
196	1.11989
197	1.10907
198	1.09877
199	1.08913
200	1.07867
201	1.06593
202	1.05335
203	1.04251
204	1.03391
205	1.02597
206	1.01637
207	1.00506
208	0.994317
209	0.985043
210	0.976746
211	0.968162
212	0.95931
213	0.949484
214	0.938858
215	0.928808
216	0.919546
217	0.910228
218	0.901758
219	0.893536
220	0.884348
221	0.874403
222	0.865381
223	0.857578
224	0.850234
225	0.842141
226	0.833154
227	0.824372
228	0.816912
229	0.809882
230	0.801433
231	0.791829
232	0.783548
233	0.776579
234	0.769419
235	0.761676
236	0.752165
237	0.742432
238	0.734307
239	0.727553
240	0.719808
241	0.71217
242	0.705546
243	0.700008
244	0.694727
245	0.69001
246	0.685428
247	0.680445
248	0.675058
249	0.670045
250	0.6646
251	0.659161
252	0.654199
253	0.649465
254	0.643664
255	0.63728
256	0.630906
257	0.625452
258	0.620259
259	0.6146
260	0.60906
261	0.603385
262	0.597681
263	0.59212
264	0.586315
265	0.58012
266	0.573915
267	0.568399
268	0.563252
269	0.558885
270	0.555055
271	0.551494
272	0.547222
273	0.542724
274	0.538377
275	0.53454
276	0.530853
277	0.526479
278	0.52147
279	0.516154
280	0.511252
281	0.506199
282	0.501396
283	0.496406
284	0.492187
285	0.491257
286	0.495494
287	0.503349
288	0.505304
289	0.500785
290	0.495853
291	0.491579
292	0.487589
293	0.483389
294	0.479005
295	0.475303
296	0.472085
297	0.46906
298	0.466584
299	0.46564
300	0.466941
301	0.470917
302	0.476676
303	0.484724
304	0.494737
305	0.503148
306	0.508861
307	0.50495
308	0.500631
309	0.496245
310	0.492583
311	0.489306
312	0.486001
313	0.482487
314	0.479394
315	0.476376
316	0.472968
317	0.469642
318	0.466584
319	0.463708
320	0.460923
321	0.457877
322	0.454705
323	0.451523
324	0.44816
325	0.44445
326	0.440164
327	0.435633
328	0.431931
329	0.429011
330	0.425963
331	0.422893
332	0.419469
333	0.416572
334	0.41367
335	0.410489
336	0.407452
337	0.404087
338	0.400828
339	0.398162
340	0.396344
341	0.396733
342	0.399978
343	0.404863
344	0.410363
345	0.415076
346	0.41615
347	0.413109
348	0.410079
349	0.407121
350	0.404327
351	0.401241
352	0.398341
353	0.396106
354	0.394153
355	0.391641
356	0.388979
357	0.386271
358	0.383332
359	0.380957
360	0.37891
361	0.377037
362	0.374958
363	0.372545
364	0.370191
365	0.368192
366	0.365893
367	0.36357
368	0.36068
369	0.358062
370	0.355487
371	0.353075
372	0.350175
373	0.347061
374	0.344542
375	0.342542
376	0.340034
377	0.337228
378	0.335084
379	0.333539
380	0.332292
381	0.331108
382	0.329642
383	0.327775
384	0.326281
385	0.324552
386	0.323027
387	0.321293
388	0.31962
389	0.317984
390	0.316371
391	0.314716
392	0.312947
393	0.311001
394	0.308962
395	0.307183
396	0.305379
397	0.303559
398	0.301123
399	0.298867
400	0.296905
401	0.295642
402	0.294942
403	0.295809
404	0.298856
405	0.304529
406	0.312903
407	0.322771
408	0.332739
409	0.341307
410	0.340347
411	0.338678
412	0.336378
413	0.333893
414	0.331399
415	0.328994
416	0.327428
417	0.326344
418	0.324615
419	0.322515
420	0.320478
421	0.318382
422	0.31659
423	0.314886
424	0.313318
425	0.311775
426	0.310772
427	0.311103
428	0.312854
429	0.315637
430	0.318592
431	0.32031
432	0.320832
433	0.32023
434	0.319091
435	0.317501
436	0.315765
437	0.313576
438	0.311388
439	0.30929
440	0.306764
441	0.304638
442	0.302599
443	0.300573
444	0.29845
445	0.296821
446	0.29525
447	0.293479
448	0.29164
449	0.289451
450	0.2871
451	0.284757
452	0.282464
453	0.280546
454	0.278767
455	0.277059
456	0.27584
457	0.274931
458	0.274257
459	0.273787
460	0.273614
461	0.273383
462	0.272831
463	0.272057
464	0.270545
465	0.269039
466	0.267785
467	0.265986
468	0.263664
469	0.261199
470	0.258735
471	0.256325
472	0.254188
473	0.252416
474	0.250741
475	0.249042
476	0.247329
477	0.245515
478	0.243874
479	0.242271
480	0.240444
481	0.238505
482	0.236158
483	0.234146
484	0.232314
485	0.230529
486	0.228723
487	0.227149
488	0.225539
489	0.223886
490	0.222269
491	0.220467
492	0.218731
493	0.216859
494	0.214818
495	0.21265
496	0.21076
497	0.209124
498	0.207392
499	0.205423
500	0.203362
501	0.201994
502	0.200952
503	0.200358
504	0.199517
505	0.19816
506	0.196916
507	0.196016
508	0.195144
509	0.194072
510	0.192921
511	0.191592
512	0.190257
513	0.188987
514	0.187889
515	0.186451
516	0.185106
517	0.184101
518	0.183032
519	0.181601
520	0.180142
521	0.178631
522	0.176983
523	0.175382
524	0.173905
525	0.172404
526	0.170777
527	0.169283
528	0.168031
529	0.166868
530	0.165649
531	0.164524
532	0.163256
533	0.161804
534	0.160454
535	0.159261
536	0.158172
537	0.156865
538	0.15539
539	0.154653
540	0.154604
541	0.155156
542	0.156152
543	0.156911
544	0.15734
545	0.157611
546	0.157611
547	0.15679
548	0.156023
549	0.155362
550	0.154369
551	0.153008
552	0.151674
553	0.150889
554	0.152583
555	0.158809
556	0.168866
557	0.178629
558	0.177692
559	0.17665
560	0.175219
561	0.173767
562	0.172609
563	0.171651
564	0.170362
565	0.168793
566	0.167318
567	0.166458
568	0.165687
569	0.164815
570	0.164043
571	0.163328
572	0.162507
573	0.161435
574	0.16054
575	0.159864
576	0.159314
577	0.158666
578	0.157827
579	0.157156
580	0.156208
581	0.155264
582	0.154192
583	0.15321
584	0.152367
585	0.151553
586	0.150304
587	0.149243
588	0.148199
589	0.147619
590	0.14743
591	0.147416
592	0.147747
593	0.148444
594	0.149029
595	0.149437
596	0.149388
597	0.149001
598	0.148283
599	0.147526
600	0.146596
601	0.145563
602	0.144694
603	0.144046
604	0.143279
605	0.142389
606	0.141506
607	0.140522
608	0.13979
609	0.138958
610	0.138047
611	0.137278
612	0.136439
613	0.135837
614	0.134912
615	0.134127
616	0.133257
617	0.132607
618	0.13202
619	0.131929
620	0.132581
621	0.134015
622	0.136555
623	0.139438
624	0.141708
625	0.1432
626	0.144181
627	0.144757
628	0.144957
629	0.14492
630	0.144666
631	0.144111
632	0.143696
633	0.143319
634	0.142752
635	0.141958
636	0.14121
637	0.140389
638	0.139524
639	0.138953
640	0.138287
641	0.137378
642	0.136399
643	0.135413
644	0.134667
645	0.133947
646	0.133157
647	0.132127
648	0.131463
649	0.131209
650	0.131353
651	0.131696
652	0.132668
653	0.13336
654	0.1336
655	0.133583
656	0.133388
657	0.132936
658	0.132227
659	0.131481
660	0.130712
661	0.129822
662	0.128717
663	0.127587
664	0.126773
665	0.126263
666	0.125613
667	0.125039
668	0.124519
669	0.123878
670	0.123238
671	0.122527
672	0.121935
673	0.121566
674	0.121214
675	0.12073
676	0.120124
677	0.119884
678	0.119581
679	0.118879
680	0.118129
681	0.117103
682	0.115863
683	0.114567
684	0.113721
685	0.113369
686	0.112817
687	0.112362
688	0.11198
689	0.111715
690	0.111502
691	0.111055
692	0.110955
693	0.110626
694	0.109943
695	0.109239
696	0.108799
697	0.108153
698	0.107627
699	0.107282
700	0.107272
701	0.108037
702	0.109221
703	0.110353
704	0.111591
705	0.112873
706	0.11395
707	0.114397
708	0.114143
709	0.11377
710	0.113423
711	0.112922
712	0.112213
713	0.111479
714	0.110747
715	0.110344
716	0.110046
717	0.10961
718	0.108629
719	0.107552
720	0.106349
721	0.105466
722	0.104944
723	0.104217
724	0.103641
725	0.102984
726	0.102392
727	0.102042
728	0.101686
729	0.10148
730	0.101077
731	0.100331
732	0.0999212
733	0.0994947
734	0.0991684
735	0.0986417
736	0.0978049
737	0.0970824
738	0.0966582
739	0.0963972
740	0.0958658
741	0.0952691
742	0.0947727
743	0.0944348
744	0.0940292
745	0.0934326
746	0.0931692
747	0.0930853
748	0.0928522
749	0.0924234
750	0.0920411
751	0.0923208
752	0.0933487
753	0.0946422
754	0.0958262
755	0.0968261
756	0.0973551
757	0.0976138
758	0.0974973
759	0.0972223
760	0.0966862
761	0.0965697
762	0.0961641
763	0.095374
764	0.0948333
765	0.0945117
766	0.094514
767	0.0953577
768	0.0971827
769	0.0998676
770	0.102515
771	0.104697
772	0.106123
773	0.106923
774	0.107237
775	0.107573
776	0.108815
777	0.111675
778	0.116036
779	0.120953
780	0.124895
781	0.127864
782	0.130246
783	0.131584
784	0.132337
785	0.13243
786	0.131642
787	0.130822
788	0.129838
789	0.129477
790	0.129421
791	0.129838
792	0.130957
793	0.132474
794	0.134152
795	0.136033
796	0.13748
797	0.138387
798	0.139103
799	0.140303
800	0.141718
801	0.143459
802	0.145092
803	0.146514
804	0.147514
805	0.147924
806	0.14757
807	0.146708
808	0.145624
809	0.144605
810	0.14379
811	0.142876
812	0.14185
813	0.140776
814	0.139825
815	0.139191
816	0.138581
817	0.138049
818	0.137424
819	0.136856
820	0.136173
821	0.135623
822	0.135096
823	0.134504
824	0.133945
825	0.133287
826	0.132523
827	0.131567
828	0.130633
829	0.129791
830	0.128836
831	0.127929
832	0.126922
833	0.125727
834	0.124526
835	0.123573
836	0.122911
837	0.122485
838	0.122331
839	0.121946
840	0.121818
841	0.121839
842	0.121548
843	0.120911
844	0.121235
845	0.123951
846	0.129717
847	0.136846
848	0.144202
849	0.148829
850	0.14754
851	0.146029
852	0.144776
853	0.14365
854	0.142578
855	0.14145
856	0.140326
857	0.13935
858	0.138485
859	0.137478
860	0.136571
861	0.134698
862	0.132833
863	0.131451
864	0.130763
865	0.130575
866	0.130763
867	0.13116
868	0.131766
869	0.131691
870	0.131129
871	0.130316
872	0.129479
873	0.129144
874	0.128899
875	0.1284
876	0.128064
877	0.127983
878	0.1283
879	0.128514
880	0.128435
881	0.128048
882	0.127636
883	0.126787
884	0.125571
885	0.124303
886	0.123265
887	0.122345
888	0.121538
889	0.120683
890	0.119613
891	0.118511
892	0.117506
893	0.116504
894	0.11549
895	0.114432
896	0.113735
897	0.112985
898	0.111983
899	0.110703
900	0.109894
901	0.109081
902	0.108552
903	0.107494
904	0.106154
905	0.105517
906	0.105473
907	0.105701
908	0.105545
909	0.105398
910	0.105273
911	0.104457
912	0.103867
913	0.102998
914	0.102063
915	0.100916
916	0.0996252
917	0.0984016
918	0.0976721
919	0.097206
920	0.0962341
921	0.095374
922	0.0947168
923	0.0938917
924	0.0931389
925	0.0923744
926	0.0917242
927	0.0909783
928	0.0901719
929	0.0894541
930	0.0888224
931	0.0882654
932	0.0880603
933	0.0878482
934	0.0874963
935	0.0870022
936	0.0864987
937	0.0860349
938	0.085711
939	0.0851702
940	0.0842776
941	0.083287
942	0.0823291
943	0.0820424
944	0.0814062
945	0.080327
946	0.0791547
947	0.0781735
948	0.0772342
949	0.0765467
950	0.0759034
951	0.0754815
952	0.075104
953	0.074484
954	0.0737055
955	0.073011
956	0.072736
957	0.073314
958	0.0754908
959	0.0799658
960	0.0861072
961	0.0929548
962	0.100096
963	0.106398
964	0.110931
965	0.114087
966	0.116157
967	0.117621
968	0.118541
969	0.118714
970	0.118154
971	0.116677
972	0.115176
973	0.113992
974	0.112703
975	0.111335
976	0.110113
977	0.108822
978	0.107617
979	0.106335
980	0.104979
981	0.104042
982	0.102893
983	0.102063
984	0.101487
985	0.101024
986	0.100243
987	0.0994597
988	0.0989237
989	0.0982035
990	0.0974344
991	0.0964601
992	0.0955232
993	0.0948403
994	0.0942856
995	0.0936213
996	0.0931156
997	0.0927077
998	0.0923488
999	0.0920691
1000	0.0917684
1001	0.0915214
1002	0.0916169
1003	0.0914212
1004	0.0909807
1005	0.0903421
1006	0.0899272
1007	0.0896219
1008	0.0895776
1009	0.0894308
1010	0.0897198
1011	0.0899808
1012	0.0899295
1013	0.0900251
1014	0.0902651
1015	0.0905775
1016	0.0907662
1017	0.0907523
1018	0.0911834
1019	0.0919829
1020	0.0928802
1021	0.0937449
1022	0.0939686
1023	0.093929
