0	0.000203521
1	0.000126608
2	0.000219836
3	0.000105632
4	-0.000190367
5	-6.45093e-05
6	0.00016623
7	0.000196529
8	7.9994e-05
9	0.0001336
10	0.000126608
11	0.000259458
12	5.6687e-05
13	0.000375993
14	0.000457567
15	0.000424937
16	0.000306072
17	0.000126608
18	-3.18795e-05
19	1.70651e-05
20	4.03721e-05
21	0.000184875
22	3.80414e-05
23	0.000145254
24	-7.15014e-05
25	-0.000474712
26	-0.00073342
27	-0.00093619
28	-0.00107603
29	-0.000817325
30	-0.00056794
31	-0.000339532
32	-0.000418775
33	-0.000285926
34	-0.000239312
35	-0.000449074
36	-0.00043509
37	-0.000318555
38	-0.0001018
39	-0.000262619
40	-0.000262619
41	-0.000190367
42	-0.000209013
43	3.80414e-05
44	0.000224497
45	0.000212844
46	0.000345694
47	0.000970321
48	0.00136188
49	0.00153202
50	0.00152503
51	0.00125
52	0.00145977
53	0.00153435
54	0.00168118
55	0.00171381
56	0.00168584
57	0.00149706
58	0.00136654
59	0.00183734
60	0.00418435
61	0.0143532
62	0.0546696
63	0.177917
64	0.458615
65	0.94367
66	1.60865
67	2.35654
68	3.06403
69	3.63635
70	4.03272
71	4.26175
72	4.35827
73	4.3645
74	4.31663
75	4.24192
76	4.15996
77	4.08266
78	4.01592
79	3.96154
80	3.91826
81	3.88307
82	3.85396
83	3.82917
84	3.8084
85	3.79018
86	3.77245
87	3.75433
88	3.73684
89	3.72015
90	3.70323
91	3.67953
92	3.64837
93	3.6219
94	3.605
95	3.59245
96	3.57859
97	3.56192
98	3.5431
99	3.52325
100	3.50271
101	3.48068
102	3.45709
103	3.43331
104	3.41035
105	3.38778
106	3.36601
107	3.34429
108	3.3219
109	3.29892
110	3.27574
111	3.25281
112	3.23032
113	3.20854
114	3.18798
115	3.16778
116	3.14518
117	3.12222
118	3.09961
119	3.07604
120	3.05093
121	3.02575
122	3.00127
123	2.97741
124	2.95503
125	2.93564
126	2.92114
127	2.9079
128	2.88844
129	2.87331
130	2.86218
131	2.85388
132	2.83768
133	2.82052
134	2.80343
135	2.7862
136	2.76794
137	2.74771
138	2.72258
139	2.69775
140	2.67268
141	2.64753
142	2.62334
143	2.60014
144	2.57636
145	2.55181
146	2.52799
147	2.50513
148	2.48287
149	2.46003
150	2.437
151	2.41446
152	2.39285
153	2.37262
154	2.35325
155	2.33362
156	2.31343
157	2.29322
158	2.27362
159	2.25401
160	2.23398
161	2.2141
162	2.19501
163	2.17652
164	2.15784
165	2.13857
166	2.11913
167	2.09998
168	2.08117
169	2.063
170	2.04525
171	2.02756
172	2.00971
173	1.99149
174	1.97242
175	1.95355
176	1.93527
177	1.91728
178	1.89989
179	1.88223
180	1.86473
181	1.84733
182	1.83036
183	1.81326
184	1.79617
185	1.77961
186	1.76356
187	1.74736
188	1.73137
189	1.71559
190	1.69998
191	1.68475
192	1.67015
193	1.65566
194	1.64097
195	1.62649
196	1.61156
197	1.59652
198	1.58109
199	1.56574
200	1.55146
201	1.53859
202	1.52593
203	1.51339
204	1.50049
205	1.48685
206	1.4726
207	1.45799
208	1.44365
209	1.42994
210	1.4165
211	1.40271
212	1.38878
213	1.37547
214	1.36304
215	1.35089
216	1.33936
217	1.32799
218	1.31625
219	1.30435
220	1.29259
221	1.28073
222	1.26842
223	1.2561
224	1.2436
225	1.23144
226	1.21972
227	1.20755
228	1.19585
229	1.18464
230	1.17347
231	1.16244
232	1.15161
233	1.1405
234	1.12949
235	1.11819
236	1.10694
237	1.09594
238	1.08529
239	1.07528
240	1.06546
241	1.05566
242	1.04553
243	1.03538
244	1.0254
245	1.01538
246	1.00557
247	0.996523
248	0.988301
249	0.980421
250	0.973319
251	0.966488
252	0.959712
253	0.953296
254	0.947066
255	0.940766
256	0.934513
257	0.927609
258	0.920083
259	0.911875
260	0.903915
261	0.896012
262	0.887703
263	0.879287
264	0.871157
265	0.863303
266	0.855453
267	0.84789
268	0.840278
269	0.832396
270	0.824089
271	0.816069
272	0.808343
273	0.800961
274	0.793035
275	0.785096
276	0.777021
277	0.76935
278	0.762204
279	0.755441
280	0.748933
281	0.742645
282	0.735979
283	0.729372
284	0.723916
285	0.721564
286	0.725736
287	0.736758
288	0.729924
289	0.723118
290	0.716525
291	0.710377
292	0.704585
293	0.699243
294	0.693822
295	0.688582
296	0.683394
297	0.678269
298	0.673668
299	0.670088
300	0.667816
301	0.666648
302	0.665802
303	0.664732
304	0.663567
305	0.661919
306	0.660479
307	0.661912
308	0.670233
309	0.674337
310	0.668848
311	0.663686
312	0.65847
313	0.65317
314	0.647783
315	0.642462
316	0.637353
317	0.632221
318	0.626691
319	0.621726
320	0.616657
321	0.611476
322	0.606306
323	0.601629
324	0.597354
325	0.592867
326	0.588208
327	0.583125
328	0.57807
329	0.573082
330	0.568397
331	0.563286
332	0.55814
333	0.553493
334	0.54923
335	0.544986
336	0.54065
337	0.536159
338	0.531854
339	0.527869
340	0.524524
341	0.521574
342	0.519092
343	0.516663
344	0.514565
345	0.512836
346	0.511561
347	0.510153
348	0.50827
349	0.505613
350	0.502609
351	0.499281
352	0.495964
353	0.492806
354	0.489753
355	0.487159
356	0.484287
357	0.4808
358	0.477036
359	0.473412
360	0.470282
361	0.467136
362	0.463966
363	0.460938
364	0.458442
365	0.455797
366	0.453037
367	0.450168
368	0.447089
369	0.44432
370	0.441703
371	0.438836
372	0.435876
373	0.43245
374	0.429099
375	0.425738
376	0.422141
377	0.418641
378	0.415359
379	0.41256
380	0.409758
381	0.406668
382	0.403748
383	0.400888
384	0.398643
385	0.396697
386	0.394374
387	0.391854
388	0.389547
389	0.387596
390	0.385347
391	0.38259
392	0.379753
393	0.377126
394	0.37512
395	0.372782
396	0.370698
397	0.368524
398	0.366144
399	0.363736
400	0.362688
401	0.366687
402	0.379828
403	0.389754
404	0.388638
405	0.388677
406	0.390605
407	0.394443
408	0.399063
409	0.40262
410	0.404757
411	0.404901
412	0.403253
413	0.400743
414	0.397972
415	0.394702
416	0.391087
417	0.387309
418	0.383836
419	0.380832
420	0.378189
421	0.375938
422	0.373971
423	0.372954
424	0.374949
425	0.380793
426	0.389432
427	0.394399
428	0.392288
429	0.390453
430	0.388561
431	0.386822
432	0.384962
433	0.382988
434	0.381399
435	0.380016
436	0.378846
437	0.377054
438	0.375075
439	0.373278
440	0.371484
441	0.37036
442	0.36981
443	0.36951
444	0.36923
445	0.369067
446	0.368414
447	0.367153
448	0.365748
449	0.364035
450	0.362294
451	0.360296
452	0.35821
453	0.356006
454	0.354239
455	0.352524
456	0.351239
457	0.349976
458	0.348491
459	0.347004
460	0.34566
461	0.34425
462	0.342427
463	0.340854
464	0.339409
465	0.338055
466	0.336756
467	0.335617
468	0.334475
469	0.333402
470	0.332361
471	0.330797
472	0.32886
473	0.326753
474	0.324723
475	0.322698
476	0.320532
477	0.318314
478	0.316041
479	0.313703
480	0.311268
481	0.30897
482	0.3067
483	0.304492
484	0.302647
485	0.300819
486	0.298857
487	0.296925
488	0.294822
489	0.292827
490	0.290786
491	0.288996
492	0.28721
493	0.285255
494	0.283262
495	0.281421
496	0.279589
497	0.277743
498	0.275823
499	0.273921
500	0.271858
501	0.269949
502	0.269215
503	0.270637
504	0.273361
505	0.276384
506	0.27892
507	0.280256
508	0.280172
509	0.279335
510	0.278221
511	0.276578
512	0.274506
513	0.272068
514	0.269558
515	0.267127
516	0.265663
517	0.264796
518	0.264321
519	0.264141
520	0.263922
521	0.263584
522	0.262908
523	0.26189
524	0.260577
525	0.259265
526	0.257461
527	0.255727
528	0.254623
529	0.253154
530	0.251583
531	0.249684
532	0.24784
533	0.246004
534	0.245116
535	0.244395
536	0.243622
537	0.242095
538	0.240769
539	0.239858
540	0.239753
541	0.241484
542	0.244421
543	0.24794
544	0.251126
545	0.252919
546	0.253147
547	0.252187
548	0.250875
549	0.249572
550	0.248215
551	0.246307
552	0.244796
553	0.243657
554	0.242466
555	0.240631
556	0.238604
557	0.238706
558	0.243955
559	0.257426
560	0.264982
561	0.263356
562	0.261685
563	0.259939
564	0.25799
565	0.25589
566	0.253956
567	0.251921
568	0.25008
569	0.247945
570	0.245677
571	0.24378
572	0.242354
573	0.241104
574	0.240065
575	0.239238
576	0.23865
577	0.237825
578	0.236954
579	0.236429
580	0.235122
581	0.233688
582	0.23222
583	0.230719
584	0.229621
585	0.22833
586	0.226959
587	0.224992
588	0.223335
589	0.222179
590	0.221457
591	0.221012
592	0.220869
593	0.220373
594	0.21973
595	0.219042
596	0.218278
597	0.21766
598	0.216965
599	0.216324
600	0.215436
601	0.214437
602	0.213365
603	0.212232
604	0.210829
605	0.209503
606	0.20819
607	0.206869
608	0.205482
609	0.204361
610	0.203632
611	0.202902
612	0.20189
613	0.200727
614	0.199474
615	0.198001
616	0.196956
617	0.196017
618	0.19533
619	0.195138
620	0.19515
621	0.195989
622	0.19815
623	0.200856
624	0.203473
625	0.20579
626	0.206957
627	0.207538
628	0.207459
629	0.206773
630	0.206079
631	0.206095
632	0.206696
633	0.207605
634	0.208619
635	0.209477
636	0.209938
637	0.209521
638	0.208552
639	0.207489
640	0.206044
641	0.204557
642	0.203289
643	0.202294
644	0.201103
645	0.19983
646	0.198751
647	0.197987
648	0.197367
649	0.196935
650	0.196758
651	0.196276
652	0.19573
653	0.195612
654	0.195528
655	0.195048
656	0.194132
657	0.192913
658	0.191552
659	0.190449
660	0.189421
661	0.188757
662	0.187531
663	0.186205
664	0.184883
665	0.183984
666	0.182888
667	0.182087
668	0.181261
669	0.180614
670	0.180005
671	0.17915
672	0.177891
673	0.176989
674	0.176139
675	0.175162
676	0.174036
677	0.172946
678	0.171934
679	0.171158
680	0.170324
681	0.169503
682	0.168655
683	0.168158
684	0.168182
685	0.168389
686	0.168401
687	0.167813
688	0.16728
689	0.166765
690	0.166023
691	0.165343
692	0.164783
693	0.164392
694	0.163961
695	0.163453
696	0.162688
697	0.162185
698	0.161791
699	0.161462
700	0.160833
701	0.159875
702	0.159197
703	0.158808
704	0.158295
705	0.157684
706	0.157547
707	0.157108
708	0.15678
709	0.156507
710	0.156116
711	0.155792
712	0.155458
713	0.155204
714	0.154913
715	0.154183
716	0.153431
717	0.152018
718	0.150809
719	0.149869
720	0.149233
721	0.14821
722	0.147238
723	0.146457
724	0.145665
725	0.144979
726	0.144192
727	0.143378
728	0.143208
729	0.143183
730	0.142819
731	0.141931
732	0.141139
733	0.140334
734	0.139936
735	0.139941
736	0.140223
737	0.139978
738	0.139619
739	0.139167
740	0.138547
741	0.13771
742	0.13674
743	0.135405
744	0.134032
745	0.132844
746	0.131571
747	0.130114
748	0.128818
749	0.127376
750	0.126623
751	0.125714
752	0.125339
753	0.12498
754	0.124856
755	0.125201
756	0.125523
757	0.126029
758	0.126357
759	0.12639
760	0.126259
761	0.126112
762	0.125476
763	0.125017
764	0.124399
765	0.1236
766	0.12294
767	0.122574
768	0.124075
769	0.129075
770	0.137806
771	0.148173
772	0.15234
773	0.151303
774	0.150142
775	0.149184
776	0.148312
777	0.149764
778	0.158216
779	0.176076
780	0.178618
781	0.178089
782	0.177896
783	0.177889
784	0.178038
785	0.178446
786	0.178383
787	0.178057
788	0.177595
789	0.177211
790	0.177996
791	0.181089
792	0.187722
793	0.197129
794	0.207489
795	0.212218
796	0.213306
797	0.213528
798	0.213372
799	0.212714
800	0.211824
801	0.210097
802	0.208899
803	0.208514
804	0.209395
805	0.211621
806	0.214469
807	0.216056
808	0.21714
809	0.218138
810	0.218723
811	0.21821
812	0.216916
813	0.21514
814	0.21333
815	0.211281
816	0.209801
817	0.208528
818	0.207594
819	0.206706
820	0.205522
821	0.204102
822	0.202594
823	0.201303
824	0.20025
825	0.199481
826	0.198648
827	0.197714
828	0.196593
829	0.195474
830	0.194411
831	0.193411
832	0.192568
833	0.192041
834	0.191314
835	0.190356
836	0.189717
837	0.188983
838	0.188407
839	0.187825
840	0.187193
841	0.187016
842	0.187086
843	0.187249
844	0.187764
845	0.189218
846	0.191391
847	0.193922
848	0.19611
849	0.197397
850	0.198122
851	0.197989
852	0.197103
853	0.196005
854	0.194553
855	0.193295
856	0.191878
857	0.190449
858	0.188888
859	0.187666
860	0.187081
861	0.18765
862	0.19044
863	0.196621
864	0.205475
865	0.213898
866	0.214807
867	0.214008
868	0.213609
869	0.213141
870	0.212423
871	0.211582
872	0.210635
873	0.209675
874	0.208764
875	0.208071
876	0.207463
877	0.206804
878	0.206342
879	0.206086
880	0.206307
881	0.20661
882	0.20658
883	0.205995
884	0.205198
885	0.204342
886	0.203245
887	0.201534
888	0.199499
889	0.197434
890	0.195413
891	0.19378
892	0.191673
893	0.189302
894	0.187275
895	0.185394
896	0.184138
897	0.183003
898	0.182007
899	0.181278
900	0.18094
901	0.17998
902	0.178625
903	0.177565
904	0.176523
905	0.175558
906	0.174966
907	0.174824
908	0.17477
909	0.174882
910	0.174722
911	0.174241
912	0.173367
913	0.172076
914	0.170745
915	0.169487
916	0.168359
917	0.167105
918	0.165783
919	0.16445
920	0.163289
921	0.16208
922	0.160921
923	0.16001
924	0.159462
925	0.159031
926	0.158106
927	0.15736
928	0.157046
929	0.15709
930	0.157174
931	0.15706
932	0.156652
933	0.155731
934	0.154752
935	0.154207
936	0.153298
937	0.152053
938	0.150909
939	0.149993
940	0.14869
941	0.14718
942	0.145784
943	0.144695
944	0.143667
945	0.14263
946	0.141789
947	0.141162
948	0.140777
949	0.140223
950	0.13954
951	0.138752
952	0.13792
953	0.13719
954	0.13633
955	0.135908
956	0.135727
957	0.136065
958	0.137596
959	0.139672
960	0.14157
961	0.142716
962	0.143231
963	0.143427
964	0.143509
965	0.14405
966	0.146026
967	0.149193
968	0.152393
969	0.155314
970	0.157432
971	0.15843
972	0.158733
973	0.157968
974	0.156549
975	0.154719
976	0.152909
977	0.151356
978	0.15007
979	0.148695
980	0.147161
981	0.145541
982	0.144054
983	0.142842
984	0.142106
985	0.141845
986	0.141996
987	0.142024
988	0.141975
989	0.142022
990	0.141915
991	0.141623
992	0.141152
993	0.140367
994	0.139337
995	0.13847
996	0.138048
997	0.138074
998	0.138081
999	0.138022
1000	0.138134
1001	0.138311
1002	0.138454
1003	0.138722
1004	0.138973
1005	0.138698
1006	0.13861
1007	0.137948
1008	0.137169
1009	0.136288
1010	0.135547
1011	0.135207
1012	0.134981
1013	0.134906
1014	0.134713
1015	0.134603
1016	0.134466
1017	0.134666
1018	0.135417
1019	0.13678
1020	0.138064
1021	0.138712
1022	0.138997
1023	0.138801
