0	-4.89299e-06
1	-4.21842e-05
2	-4.45149e-05
3	-0.00012842
4	-0.000207664
5	-9.55438e-06
6	9.76577e-05
7	-1.65465e-05
8	-0.000109774
9	-0.000235632
10	-0.000230971
11	-0.000105113
12	-0.000149396
13	-5.38376e-05
14	-8.64674e-05
15	-0.000109774
16	-0.000137743
17	-3.05307e-05
18	0.000167579
19	4.40517e-05
20	7.20201e-05
21	-0.000123759
22	-4.91763e-05
23	0.000188555
24	0.000293436
25	0.000356365
26	0.000442601
27	0.000253815
28	0.00013961
29	-2.58693e-05
30	-3.28614e-05
31	-1.42158e-05
32	-7.71446e-05
33	1.14219e-05
34	-9.57902e-05
35	-0.000165711
36	-0.000359159
37	-0.000585237
38	-0.000685457
39	-0.000676134
40	-0.000620197
41	-0.000424419
42	-0.000440734
43	-9.55438e-06
44	0.000146602
45	0.00033772
46	0.000533498
47	0.000712962
48	0.00101129
49	0.00127932
50	0.00140052
51	0.00137488
52	0.00133992
53	0.0013912
54	0.00139586
55	0.00138187
56	0.0013842
57	0.00153337
58	0.00207176
59	0.00366829
60	0.00811293
61	0.0204773
62	0.0533308
63	0.133078
64	0.294761
65	0.557195
66	0.904723
67	1.29415
68	1.67647
69	2.00185
70	2.23443
71	2.36915
72	2.42565
73	2.43196
74	2.41087
75	2.37699
76	2.33851
77	2.29983
78	2.2641
79	2.23295
80	2.20731
81	2.18643
82	2.16903
83	2.15377
84	2.14013
85	2.12754
86	2.11542
87	2.10352
88	2.09151
89	2.07875
90	2.06555
91	2.05187
92	2.03657
93	2.0214
94	2.00864
95	1.99659
96	1.98428
97	1.97152
98	1.95817
99	1.94458
100	1.93146
101	1.91877
102	1.90589
103	1.89273
104	1.87952
105	1.86596
106	1.85173
107	1.83707
108	1.82175
109	1.80608
110	1.7896
111	1.77299
112	1.75694
113	1.74154
114	1.72698
115	1.71296
116	1.69897
117	1.68432
118	1.66903
119	1.65331
120	1.63771
121	1.62288
122	1.60884
123	1.59502
124	1.58225
125	1.57042
126	1.55945
127	1.54955
128	1.54067
129	1.53242
130	1.52399
131	1.51373
132	1.50226
133	1.49232
134	1.48556
135	1.48154
136	1.47042
137	1.45518
138	1.44026
139	1.42618
140	1.41287
141	1.39943
142	1.3862
143	1.37321
144	1.36025
145	1.34709
146	1.33398
147	1.32054
148	1.30737
149	1.29444
150	1.28161
151	1.26891
152	1.25655
153	1.24437
154	1.23255
155	1.22072
156	1.20916
157	1.19808
158	1.18756
159	1.17699
160	1.16644
161	1.1558
162	1.14526
163	1.13533
164	1.12564
165	1.11639
166	1.10726
167	1.09833
168	1.08912
169	1.07979
170	1.06976
171	1.05951
172	1.04939
173	1.03947
174	1.02931
175	1.01912
176	1.00872
177	0.998536
178	0.988642
179	0.978905
180	0.96974
181	0.960721
182	0.951994
183	0.943285
184	0.934412
185	0.925278
186	0.915948
187	0.90645
188	0.897312
189	0.888362
190	0.879547
191	0.871343
192	0.862955
193	0.854667
194	0.8465
195	0.838552
196	0.830663
197	0.822939
198	0.815287
199	0.807715
200	0.800371
201	0.793232
202	0.786503
203	0.780059
204	0.773682
205	0.767694
206	0.761565
207	0.755165
208	0.748366
209	0.741488
210	0.734636
211	0.727532
212	0.720474
213	0.713331
214	0.706416
215	0.699717
216	0.693182
217	0.686651
218	0.679997
219	0.673602
220	0.667481
221	0.661554
222	0.655807
223	0.649528
224	0.643163
225	0.636912
226	0.630726
227	0.624291
228	0.617859
229	0.611542
230	0.605399
231	0.599462
232	0.593766
233	0.588009
234	0.582455
235	0.577053
236	0.571699
237	0.566495
238	0.561183
239	0.555466
240	0.550031
241	0.544383
242	0.538953
243	0.533872
244	0.529154
245	0.525325
246	0.521939
247	0.519195
248	0.516846
249	0.514317
250	0.511245
251	0.507432
252	0.50316
253	0.498287
254	0.493802
255	0.489435
256	0.485188
257	0.480716
258	0.476467
259	0.472297
260	0.468437
261	0.464314
262	0.460187
263	0.456019
264	0.451675
265	0.447787
266	0.444201
267	0.440558
268	0.436943
269	0.433468
270	0.42972
271	0.42624
272	0.422795
273	0.419386
274	0.415876
275	0.412386
276	0.408478
277	0.404712
278	0.400824
279	0.39703
280	0.39323
281	0.389658
282	0.385838
283	0.382223
284	0.379694
285	0.38037
286	0.385777
287	0.394419
288	0.398048
289	0.394916
290	0.391627
291	0.388117
292	0.384884
293	0.38177
294	0.378549
295	0.375527
296	0.372814
297	0.370532
298	0.368963
299	0.368441
300	0.369958
301	0.37355
302	0.37858
303	0.385528
304	0.394951
305	0.405937
306	0.416106
307	0.413839
308	0.411361
309	0.407902
310	0.404143
311	0.400192
312	0.396083
313	0.392335
314	0.388921
315	0.385824
316	0.383208
317	0.380656
318	0.378088
319	0.37579
320	0.373345
321	0.370613
322	0.367656
323	0.364791
324	0.362104
325	0.359461
326	0.356767
327	0.354266
328	0.351693
329	0.349439
330	0.347358
331	0.345092
332	0.342834
333	0.340764
334	0.338552
335	0.33669
336	0.334648
337	0.33249
338	0.33033
339	0.328085
340	0.326055
341	0.324505
342	0.324596
343	0.326827
344	0.330481
345	0.33452
346	0.337834
347	0.339473
348	0.339587
349	0.338459
350	0.336408
351	0.333802
352	0.331145
353	0.328432
354	0.325943
355	0.323578
356	0.321641
357	0.31989
358	0.317783
359	0.31549
360	0.313371
361	0.311195
362	0.30906
363	0.306894
364	0.304533
365	0.302114
366	0.299665
367	0.297152
368	0.29498
369	0.29322
370	0.291537
371	0.28981
372	0.288097
373	0.286244
374	0.284475
375	0.282473
376	0.28042
377	0.278609
378	0.276903
379	0.275516
380	0.274456
381	0.273363
382	0.272517
383	0.271859
384	0.271526
385	0.271062
386	0.270466
387	0.26944
388	0.268415
389	0.267387
390	0.266326
391	0.26487
392	0.263515
393	0.262042
394	0.260225
395	0.258453
396	0.256712
397	0.25506
398	0.253184
399	0.251109
400	0.248862
401	0.246979
402	0.245532
403	0.244884
404	0.245965
405	0.249501
406	0.255593
407	0.264019
408	0.273029
409	0.280737
410	0.283473
411	0.28217
412	0.280672
413	0.278807
414	0.277176
415	0.275402
416	0.273503
417	0.271615
418	0.270037
419	0.268408
420	0.266923
421	0.264692
422	0.262404
423	0.260367
424	0.258516
425	0.25691
426	0.256307
427	0.257011
428	0.258612
429	0.260679
430	0.26245
431	0.263138
432	0.262956
433	0.261987
434	0.2605
435	0.258761
436	0.256561
437	0.254316
438	0.251916
439	0.250093
440	0.248443
441	0.246706
442	0.245192
443	0.243637
444	0.242336
445	0.241185
446	0.240015
447	0.238694
448	0.237491
449	0.236123
450	0.234566
451	0.232722
452	0.230995
453	0.229504
454	0.228094
455	0.226805
456	0.225765
457	0.224791
458	0.22381
459	0.223055
460	0.221815
461	0.220491
462	0.218962
463	0.217307
464	0.215473
465	0.213734
466	0.212065
467	0.210644
468	0.209259
469	0.208017
470	0.206558
471	0.205106
472	0.203407
473	0.201764
474	0.200165
475	0.198601
476	0.197011
477	0.195387
478	0.193872
479	0.192546
480	0.191334
481	0.190003
482	0.188602
483	0.187097
484	0.185547
485	0.184223
486	0.182841
487	0.181132
488	0.179676
489	0.178217
490	0.176741
491	0.175375
492	0.174003
493	0.172413
494	0.170677
495	0.168884
496	0.167244
497	0.166064
498	0.164915
499	0.164013
500	0.163305
501	0.162342
502	0.161244
503	0.160231
504	0.159245
505	0.158464
506	0.157506
507	0.15628
508	0.155294
509	0.154283
510	0.153315
511	0.15239
512	0.151164
513	0.149866
514	0.148307
515	0.147069
516	0.145834
517	0.144806
518	0.143727
519	0.142583
520	0.14165
521	0.140515
522	0.139362
523	0.138301
524	0.136907
525	0.135637
526	0.134497
527	0.13329
528	0.132213
529	0.130941
530	0.129764
531	0.12888
532	0.128368
533	0.127804
534	0.127055
535	0.126144
536	0.125207
537	0.124424
538	0.123972
539	0.12406
540	0.124142
541	0.124485
542	0.124869
543	0.124664
544	0.124422
545	0.124035
546	0.12345
547	0.122669
548	0.121674
549	0.120784
550	0.120159
551	0.119509
552	0.118667
553	0.117602
554	0.117012
555	0.119043
556	0.125221
557	0.135371
558	0.146239
559	0.145144
560	0.144191
561	0.143249
562	0.142261
563	0.141086
564	0.140219
565	0.139525
566	0.138835
567	0.138199
568	0.137506
569	0.136772
570	0.136178
571	0.135206
572	0.134351
573	0.133626
574	0.132796
575	0.131661
576	0.130729
577	0.129908
578	0.12919
579	0.128514
580	0.127811
581	0.12696
582	0.126186
583	0.125475
584	0.124767
585	0.123876
586	0.123061
587	0.122345
588	0.121625
589	0.12094
590	0.120581
591	0.120688
592	0.120949
593	0.121352
594	0.121699
595	0.121895
596	0.121818
597	0.121711
598	0.12176
599	0.121478
600	0.121294
601	0.120658
602	0.120096
603	0.119574
604	0.119038
605	0.118348
606	0.11773
607	0.117054
608	0.116297
609	0.115353
610	0.114617
611	0.11405
612	0.113577
613	0.113041
614	0.1123
615	0.111701
616	0.111034
617	0.110542
618	0.109818
619	0.109587
620	0.109929
621	0.111113
622	0.112598
623	0.114223
624	0.115381
625	0.116171
626	0.116644
627	0.117026
628	0.117397
629	0.117723
630	0.117796
631	0.117597
632	0.117243
633	0.11694
634	0.116521
635	0.115898
636	0.115467
637	0.114975
638	0.114549
639	0.113831
640	0.113444
641	0.112817
642	0.112297
643	0.111684
644	0.111277
645	0.110727
646	0.110347
647	0.109832
648	0.109207
649	0.108731
650	0.108599
651	0.108862
652	0.109146
653	0.109566
654	0.109589
655	0.109724
656	0.109587
657	0.109207
658	0.108743
659	0.107948
660	0.107205
661	0.106361
662	0.105462
663	0.104699
664	0.103942
665	0.103506
666	0.103096
667	0.102716
668	0.102406
669	0.101856
670	0.101376
671	0.100863
672	0.10052
673	0.100033
674	0.0997979
675	0.0997606
676	0.0994996
677	0.0989332
678	0.0984298
679	0.09798
680	0.0974136
681	0.096803
682	0.096472
683	0.0960385
684	0.0955421
685	0.0952065
686	0.0949734
687	0.0946238
688	0.0944327
689	0.0939106
690	0.0934281
691	0.0931415
692	0.0929457
693	0.0927289
694	0.0924586
695	0.0923001
696	0.0921136
697	0.0920087
698	0.0921952
699	0.0924749
700	0.0930156
701	0.0935703
702	0.0940807
703	0.09471
704	0.0952997
705	0.0954698
706	0.0955421
707	0.0955141
708	0.0952927
709	0.0948755
710	0.0944466
711	0.0939922
712	0.0937148
713	0.0935307
714	0.0932906
715	0.0930296
716	0.0926054
717	0.0920553
718	0.0916568
719	0.0912979
720	0.0909017
721	0.0904798
722	0.0902001
723	0.0900323
724	0.0897316
725	0.0892888
726	0.0890348
727	0.0888157
728	0.0885337
729	0.0884148
730	0.0880489
731	0.0877529
732	0.0873637
733	0.0869138
734	0.0865596
735	0.0862193
736	0.0858394
737	0.0854571
738	0.0849933
739	0.0845319
740	0.0841147
741	0.0836392
742	0.0834527
743	0.0832966
744	0.0830612
745	0.0828235
746	0.0825624
747	0.08232
748	0.0819285
749	0.0815859
750	0.0812689
751	0.0811151
752	0.0810265
753	0.0813295
754	0.0818516
755	0.0824296
756	0.0829307
757	0.0832453
758	0.0834015
759	0.0833712
760	0.0832546
761	0.0831031
762	0.082933
763	0.0827442
764	0.0824436
765	0.0821662
766	0.0819541
767	0.0822245
768	0.0829703
769	0.0842941
770	0.0861913
771	0.0882423
772	0.0901955
773	0.0915845
774	0.0921393
775	0.0919458
776	0.0917687
777	0.0915309
778	0.0923747
779	0.0943604
780	0.0975162
781	0.101257
782	0.104588
783	0.107345
784	0.109128
785	0.110018
786	0.11033
787	0.110414
788	0.11047
789	0.110748
790	0.111118
791	0.112011
792	0.11316
793	0.11446
794	0.115474
795	0.115978
796	0.115936
797	0.115584
798	0.115134
799	0.114379
800	0.113677
801	0.113192
802	0.113225
803	0.113773
804	0.114742
805	0.115686
806	0.116173
807	0.116437
808	0.116374
809	0.116045
810	0.115334
811	0.114276
812	0.113132
813	0.11196
814	0.110955
815	0.10995
816	0.109065
817	0.10816
818	0.107147
819	0.10624
820	0.105557
821	0.104909
822	0.104236
823	0.103767
824	0.103
825	0.102203
826	0.101546
827	0.100532
828	0.099707
829	0.0987328
830	0.0979171
831	0.0971153
832	0.0964301
833	0.0957845
834	0.0953882
835	0.0947963
836	0.0943511
837	0.0940155
838	0.0937451
839	0.0933862
840	0.0930972
841	0.0928338
842	0.0924539
843	0.0922884
844	0.0930645
845	0.0956889
846	0.100551
847	0.106827
848	0.113227
849	0.11811
850	0.120867
851	0.119956
852	0.119031
853	0.118052
854	0.117171
855	0.116083
856	0.113931
857	0.112127
858	0.110302
859	0.108671
860	0.106921
861	0.105466
862	0.104417
863	0.103774
864	0.103567
865	0.103455
866	0.103644
867	0.103648
868	0.103431
869	0.102816
870	0.102299
871	0.10153
872	0.100684
873	0.100117
874	0.0998795
875	0.0998935
876	0.0999611
877	0.0999564
878	0.0998212
879	0.0996185
880	0.0993062
881	0.0990125
882	0.0984601
883	0.0978914
884	0.0972691
885	0.0968659
886	0.0963462
887	0.0954535
888	0.0944793
889	0.0934002
890	0.092398
891	0.0912885
892	0.0904635
893	0.0896174
894	0.0888133
895	0.0880162
896	0.0876666
897	0.0872495
898	0.0871819
899	0.0870071
900	0.0865316
901	0.0862799
902	0.0855201
903	0.0846997
904	0.0838723
905	0.0833595
906	0.0830029
907	0.0829726
908	0.0830192
909	0.0827186
910	0.0825834
911	0.0821709
912	0.081777
913	0.0811477
914	0.0803529
915	0.079367
916	0.0787913
917	0.0778544
918	0.077027
919	0.0762555
920	0.0754165
921	0.0749107
922	0.0743304
923	0.0737407
924	0.0732303
925	0.0726779
926	0.0722817
927	0.0718692
928	0.0714333
929	0.0712422
930	0.0708553
931	0.070212
932	0.069669
933	0.0689162
934	0.0685666
935	0.0682939
936	0.0677275
937	0.0673569
938	0.0669864
939	0.0665552
940	0.0659609
941	0.0654364
942	0.0648701
943	0.0642828
944	0.063749
945	0.0630335
946	0.062607
947	0.0620523
948	0.0614533
949	0.0606911
950	0.0600828
951	0.0592158
952	0.0586238
953	0.0580691
954	0.0575261
955	0.0571392
956	0.0567593
957	0.056433
958	0.0564959
959	0.0575028
960	0.0605047
961	0.0654085
962	0.0711094
963	0.0764164
964	0.080318
965	0.0828701
966	0.0847556
967	0.0862193
968	0.0874569
969	0.0883122
970	0.0887364
971	0.0887155
972	0.0883122
973	0.0875268
974	0.086499
975	0.0856226
976	0.0848092
977	0.0838233
978	0.0830519
979	0.0823503
980	0.0816744
981	0.0811267
982	0.080283
983	0.079388
984	0.0786165
985	0.0780782
986	0.0777658
987	0.0773696
988	0.0769851
989	0.0761763
990	0.0753839
991	0.07437
992	0.0735589
993	0.0726639
994	0.0718785
995	0.071128
996	0.0706269
997	0.0699673
998	0.0695408
999	0.0694639
1000	0.0692868
1001	0.0689628
1002	0.0687274
1003	0.0683055
1004	0.0679606
1005	0.0676716
1006	0.0673197
1007	0.0669584
1008	0.0664666
1009	0.0661613
1010	0.0659515
1011	0.0657767
1012	0.0657511
1013	0.0657464
1014	0.0655973
1015	0.0655204
1016	0.0656252
1017	0.0657884
1018	0.0660634
1019	0.0664107
1020	0.0668768
1021	0.0670936
1022	0.0671961
1023	0.06697
