0	0.000136721
1	-8.46955e-05
2	-0.000320096
3	-0.000315435
4	-0.000338742
5	-0.000275813
6	-0.000287466
7	-0.000187246
8	0.000141382
9	0.000113414
10	-4.74043e-05
11	-0.00039934
12	-0.00030145
13	-0.000390017
14	-0.000508883
15	-0.000536851
16	-0.000245514
17	2.48473e-05
18	-2.40973e-05
19	-0.000147624
20	-7.77034e-05
21	2.25166e-05
22	-0.000329419
23	-0.000637071
24	-0.000497229
25	-5.67271e-05
26	0.0003022
27	0.000262579
28	0.000197319
29	0.000318515
30	0.000125067
31	-0.000208222
32	-0.000303781
33	2.01859e-05
34	0.000215965
35	6.91306e-05
36	9.47683e-05
37	9.47683e-05
38	0.000187996
39	-5.67271e-05
40	-0.000189577
41	-0.000103341
42	0.000204311
43	0.000250925
44	0.000348814
45	0.000497979
46	0.000819615
47	0.00100607
48	0.000759017
49	0.000656466
50	0.000812623
51	0.000807962
52	0.000684435
53	0.000861568
54	0.00117621
55	0.00161671
56	0.00194301
57	0.00397072
58	0.0109162
59	0.0292052
60	0.0708641
61	0.146612
62	0.254423
63	0.382052
64	0.516018
65	0.646234
66	0.767524
67	0.877265
68	0.973469
69	1.05483
70	1.12177
71	1.17548
72	1.21637
73	1.24589
74	1.26632
75	1.28085
76	1.29169
77	1.30118
78	1.31085
79	1.32135
80	1.33173
81	1.34085
82	1.34759
83	1.35126
84	1.35201
85	1.35127
86	1.34961
87	1.34879
88	1.34948
89	1.35081
90	1.35215
91	1.35264
92	1.35106
93	1.34677
94	1.33955
95	1.33044
96	1.32142
97	1.31427
98	1.30917
99	1.30611
100	1.30416
101	1.30127
102	1.29597
103	1.28725
104	1.27549
105	1.26235
106	1.25026
107	1.24008
108	1.23332
109	1.22919
110	1.22588
111	1.22136
112	1.21411
113	1.20345
114	1.19008
115	1.17584
116	1.1629
117	1.15319
118	1.14664
119	1.14266
120	1.13946
121	1.13501
122	1.12811
123	1.11866
124	1.10806
125	1.09763
126	1.08919
127	1.08338
128	1.08045
129	1.07905
130	1.07731
131	1.07349
132	1.06592
133	1.01556
134	1.00072
135	0.986297
136	0.974672
137	0.967248
138	0.963459
139	0.961496
140	0.958806
141	0.953071
142	0.94331
143	0.929733
144	0.91471
145	0.900383
146	0.888818
147	0.881201
148	0.877824
149	0.876936
150	0.875964
151	0.87199
152	0.863667
153	0.851014
154	0.835701
155	0.820302
156	0.807591
157	0.799578
158	0.796079
159	0.795077
160	0.793947
161	0.790043
162	0.781795
163	0.807754
164	0.793495
165	0.778946
166	0.766163
167	0.757222
168	0.752456
169	0.750873
170	0.711657
171	0.709415
172	0.704031
173	0.695396
174	0.683719
175	0.671063
176	0.659391
177	0.650164
178	0.644302
179	0.679335
180	0.677244
181	0.674279
182	0.668952
183	0.660752
184	0.650497
185	0.639557
186	0.629071
187	0.62021
188	0.61405
189	0.610234
190	0.607801
191	0.605153
192	0.601615
193	0.595674
194	0.587447
195	0.577705
196	0.567452
197	0.558344
198	0.551055
199	0.545905
200	0.542898
201	0.540686
202	0.538083
203	0.53371
204	0.527418
205	0.519365
206	0.510578
207	0.502202
208	0.495142
209	0.490026
210	0.486875
211	0.484759
212	0.482638
213	0.479284
214	0.474222
215	0.467281
216	0.458783
217	0.450759
218	0.444202
219	0.43942
220	0.436611
221	0.435141
222	0.433744
223	0.430896
224	0.42606
225	0.419234
226	0.411437
227	0.403357
228	0.396495
229	0.39195
230	0.389389
231	0.388268
232	0.387175
233	0.385005
234	0.381166
235	0.375687
236	0.368716
237	0.361122
238	0.354645
239	0.350016
240	0.347856
241	0.346856
242	0.346201
243	0.344891
244	0.342234
245	0.337848
246	0.33214
247	0.326887
248	0.322654
249	0.320281
250	0.319773
251	0.320531
252	0.321055
253	0.320302
254	0.317032
255	0.312089
256	0.305892
257	0.299722
258	0.294667
259	0.291416
260	0.29018
261	0.289808
262	0.288994
263	0.286754
264	0.28293
265	0.277434
266	0.27109
267	0.265184
268	0.260811
269	0.258306
270	0.25729
271	0.257024
272	0.257154
273	0.256402
274	0.254024
275	0.250013
276	0.245294
277	0.240835
278	0.237145
279	0.234938
280	0.234941
281	0.236665
282	0.239238
283	0.241222
284	0.242073
285	0.24218
286	0.241599
287	0.240581
288	0.24015
289	0.20187
290	0.200325
291	0.199505
292	0.198899
293	0.198034
294	0.196351
295	0.193699
296	0.190429
297	0.186884
298	0.18342
299	0.180899
300	0.179325
301	0.177601
302	0.176382
303	0.174913
304	0.172727
305	0.170362
306	0.168036
307	0.165101
308	0.162367
309	0.160428
310	0.158969
311	0.157848
312	0.156932
313	0.156042
314	0.155482
315	0.154622
316	0.153093
317	0.151436
318	0.149458
319	0.147337
320	0.145248
321	0.143433
322	0.141524
323	0.139498
324	0.137939
325	0.136282
326	0.13455
327	0.132931
328	0.131355
329	0.129691
330	0.128017
331	0.126542
332	0.125251
333	0.124121
334	0.123221
335	0.122251
336	0.121317
337	0.119998
338	0.118422
339	0.116842
340	0.115262
341	0.113952
342	0.112768
343	0.11163
344	0.110544
345	0.109495
346	0.108635
347	0.107934
348	0.107253
349	0.106545
350	0.105864
351	0.105384
352	0.104797
353	0.103608
354	0.101893
355	0.100282
356	0.0991494
357	0.0978862
358	0.0969959
359	0.0955532
360	0.0938308
361	0.0921667
362	0.128609
363	0.125864
364	0.123419
365	0.121403
366	0.119494
367	0.117795
368	0.116087
369	0.114812
370	0.113742
371	0.112271
372	0.110623
373	0.109167
374	0.107815
375	0.106393
376	0.105302
377	0.104643
378	0.104331
379	0.10438
380	0.104251
381	0.104004
382	0.103718
383	0.103028
384	0.101774
385	0.100303
386	0.0986903
387	0.0970145
388	0.0956883
389	0.0949728
390	0.094826
391	0.0952315
392	0.0954343
393	0.0952875
394	0.0945789
395	0.0931595
396	0.091267
397	0.0895283
398	0.0880204
399	0.0866569
400	0.0859157
401	0.0857992
402	0.0855755
403	0.0851
404	0.0842959
405	0.082739
406	0.0812054
407	0.0796998
408	0.0784295
409	0.0775742
410	0.0773877
411	0.0776371
412	0.0779774
413	0.0781056
414	0.0775672
415	0.0763389
416	0.0743065
417	0.0719082
418	0.0701276
419	0.0688457
420	0.068277
421	0.0681861
422	0.067967
423	0.0677386
424	0.0673983
425	0.0666455
426	0.0655105
427	0.0642635
428	0.0635667
429	0.062702
430	0.0623314
431	0.062406
432	0.0628022
433	0.0627416
434	0.0623384
435	0.0612569
436	0.0593341
437	0.0574346
438	0.0558194
439	0.0550666
440	0.0551482
441	0.0557588
442	0.0566538
443	0.0569778
444	0.0565419
445	0.0554605
446	0.0537661
447	0.0516545
448	0.0501092
449	0.0488926
450	0.0484428
451	0.0482936
452	0.048557
453	0.0485127
454	0.0480535
455	0.0471469
456	0.0462822
457	0.0454012
458	0.0445435
459	0.0439795
460	0.0442475
461	0.0445319
462	0.04497
463	0.0445691
464	0.0437954
465	0.0427302
466	0.0412549
467	0.0396351
468	0.0383089
469	0.0375561
470	0.0373883
471	0.037358
472	0.0372391
473	0.0371925
474	0.0367706
475	0.0359502
476	0.0347895
477	0.0336009
478	0.0327828
479	0.0319857
480	0.0313518
481	0.0310721
482	0.030888
483	0.0303193
484	0.0292541
485	0.0280165
486	0.0266671
487	0.0254318
488	0.0247139
489	0.0241546
490	0.0240007
491	0.0238959
492	0.0235509
493	0.0227142
494	0.0218472
495	0.0207494
496	0.0196097
497	0.0184164
498	0.0180668
499	0.0181763
500	0.0184793
501	0.0187613
502	0.0190667
503	0.0189921
504	0.0183814
505	0.0172277
506	0.0163467
507	0.0153865
508	0.0149973
509	0.0152047
510	0.0156429
511	0.0162139
512	0.0162721
513	0.0156848
514	0.0146989
515	0.0136175
516	0.0123496
517	0.0116247
518	0.0113241
519	0.0114103
520	0.0117786
521	0.0120536
522	0.0117016
523	0.0109605
524	0.00993031
525	0.00881857
526	0.00743414
527	0.00633405
528	0.00574671
529	0.00562784
530	0.00602873
531	0.00614759
532	0.00577002
533	0.00512908
534	0.00436927
535	0.00343466
536	0.00266553
537	0.00243013
538	0.00276109
539	0.0031876
540	0.00370968
541	0.00396839
542	0.00430634
543	0.00385185
544	0.00307573
545	0.00193835
546	0.000877882
547	0.000309192
548	0.000257917
549	0.000211303
550	0.000563238
551	0.000579553
552	0.000372121
553	-0.000410994
554	-0.00149011
555	-0.0021427
556	-0.00232683
557	-0.00198188
558	-0.00121741
559	8.31148e-05
560	0.00174024
561	0.0033088
562	0.00424108
563	0.00479346
564	0.00486804
565	0.004311
566	0.00358848
567	0.00321091
568	0.00323189
569	0.00327384
570	0.00350691
571	0.00350924
572	0.00306175
573	0.00247674
574	0.00148853
575	0.000290547
576	-0.00073496
577	-0.00116847
578	-0.0014062
579	-0.00150875
580	-0.00142019
581	-0.00112885
582	-0.00104028
583	-0.00111253
584	-0.00127568
585	-0.00118712
586	-0.00125704
587	-0.00159965
588	-0.0021124
589	-0.00252727
590	-0.00284424
591	-0.00276966
592	-0.00274635
593	-0.00303536
594	-0.00375788
595	-0.00460159
596	-0.00554086
597	-0.00630533
598	-0.00666426
599	-0.00693928
600	-0.00699988
601	-0.00710942
602	-0.00710709
603	-0.00734482
604	-0.0076851
605	-0.00822349
606	-0.00873858
607	-0.00895766
608	-0.00911848
609	-0.00898097
610	-0.00870595
611	-0.00835401
612	-0.00848453
613	-0.00908352
614	-0.00979205
615	-0.0107523
616	-0.0111625
617	-0.0118897
618	-0.0121064
619	-0.011864
620	-0.0115331
621	-0.0111858
622	-0.0107476
623	-0.0103538
624	-0.0101463
625	-0.0100647
626	-0.0102512
627	-0.0109388
628	-0.0116077
629	-0.0119969
630	-0.0120878
631	-0.0120645
632	-0.0120365
633	-0.0121857
634	-0.0123442
635	-0.0124304
636	-0.0128802
637	-0.0134792
638	-0.0138358
639	-0.013992
640	-0.0141551
641	-0.0143509
642	-0.0143486
643	-0.0141761
644	-0.014218
645	-0.0144768
646	-0.014894
647	-0.0152016
648	-0.0154673
649	-0.0157633
650	-0.0162178
651	-0.0165418
652	-0.0164415
653	-0.0163017
654	-0.0164159
655	-0.0167562
656	-0.0168587
657	-0.017192
658	-0.0176162
659	-0.0179262
660	-0.0181616
661	-0.0185159
662	-0.018693
663	-0.0189121
664	-0.0191708
665	-0.0195041
666	-0.019898
667	-0.0204876
668	-0.0207254
669	-0.0207976
670	-0.021068
671	-0.0212777
672	-0.0211262
673	-0.0211076
674	-0.0213826
675	-0.0217509
676	-0.0219886
677	-0.0219303
678	-0.0218884
679	-0.0220399
680	-0.0223708
681	-0.022788
682	-0.0230048
683	-0.0235152
684	-0.0240559
685	-0.0243076
686	-0.0243706
687	-0.024296
688	-0.0244871
689	-0.024324
690	-0.0241119
691	-0.0237599
692	-0.0236993
693	-0.023711
694	-0.0239487
695	-0.0244335
696	-0.0247645
697	-0.02462
698	-0.0245197
699	-0.024303
700	-0.0241538
701	-0.0241119
702	-0.023965
703	-0.0240699
704	-0.024261
705	-0.0244009
706	-0.0243473
707	-0.0243519
708	-0.0241352
709	-0.0236224
710	-0.0228393
711	-0.0224594
712	-0.022238
713	-0.0225293
714	-0.0225899
715	-0.0227927
716	-0.023091
717	-0.0232681
718	-0.0231889
719	-0.0230327
720	-0.023091
721	-0.0232402
722	-0.0235105
723	-0.0237832
724	-0.0241282
725	-0.0242074
726	-0.0243589
727	-0.024261
728	-0.0242937
729	-0.0243123
730	-0.0241538
731	-0.0241771
732	-0.0243403
733	-0.0246875
734	-0.0249696
735	-0.0250581
736	-0.0253588
737	-0.0255919
738	-0.0258226
739	-0.0258179
740	-0.0257853
741	-0.0258925
742	-0.0259461
743	-0.0263074
744	-0.0267665
745	-0.0271651
746	-0.0274121
747	-0.0277314
748	-0.0279575
749	-0.0282186
750	-0.0282792
751	-0.0280507
752	-0.027848
753	-0.0279132
754	-0.0280158
755	-0.0281906
756	-0.0283724
757	-0.028687
758	-0.0289108
759	-0.0289364
760	-0.0289178
761	-0.0285076
762	-0.0283817
763	-0.0286381
764	-0.0287826
765	-0.0288735
766	-0.02899
767	-0.0293023
768	-0.0293909
769	-0.0294678
770	-0.0292953
771	-0.0289061
772	-0.0286497
773	-0.0285728
774	-0.0284167
775	-0.0283258
776	-0.0279412
777	-0.0271697
778	-0.0264985
779	-0.0258412
780	-0.0252656
781	-0.02462
782	-0.02369
783	-0.0232821
784	-0.0226971
785	-0.0220282
786	-0.0212195
787	-0.0204107
788	-0.0191754
789	-0.0175929
790	-0.0159917
791	-0.0141481
792	-0.0124257
793	-0.0108222
794	-0.00969183
795	-0.00870129
796	-0.00782028
797	-0.00703484
798	-0.00659667
799	-0.00598835
800	-0.00567371
801	-0.00569935
802	-0.00563642
803	-0.00552688
804	-0.0058019
805	-0.00576927
806	-0.0056201
807	-0.00563642
808	-0.00572265
809	-0.00582287
810	-0.0058625
811	-0.00620045
812	-0.00658967
813	-0.0067738
814	-0.00723761
815	-0.00738677
816	-0.0073961
817	-0.00736114
818	-0.00738677
819	-0.00754992
820	-0.00791584
821	-0.00820485
822	-0.00866633
823	-0.00918374
824	-0.00949372
825	-0.00985964
826	-0.00977574
827	-0.00952635
828	-0.00977341
829	-0.00989227
830	-0.0105985
831	-0.011039
832	-0.0116822
833	-0.0119689
834	-0.0115774
835	-0.0104493
836	-0.00882015
837	-0.00695326
838	-0.00482067
839	-0.00289552
840	-0.00110321
841	0.000248594
842	0.0014256
843	0.00223202
844	0.00303378
845	0.00373998
846	0.00391711
847	0.00404297
848	0.00386817
849	0.00349759
850	0.0029825
851	0.00255599
852	0.00225066
853	0.00236254
854	0.00246742
855	0.00233923
856	0.00222503
857	0.00224367
858	0.00198263
859	0.00190106
860	0.00187076
861	0.00198963
862	0.00253035
863	0.00327617
864	0.00381922
865	0.00381922
866	0.00376795
867	0.00344631
868	0.00320392
869	0.00289161
870	0.00277507
871	0.00261658
872	0.00224833
873	0.00191504
874	0.00159574
875	0.0014559
876	0.00132072
877	0.00152582
878	0.00160506
879	0.00167731
880	0.00176588
881	0.00196632
882	0.00227863
883	0.00246509
884	0.00192204
885	0.00150251
886	0.000894198
887	0.000721727
888	0.000607522
889	0.000756687
890	0.000985095
891	0.00110629
892	0.000994418
893	0.000889537
894	0.000481665
895	-8.70256e-05
896	-0.000483244
897	-0.000811873
898	-0.000928408
899	-0.00114749
900	-0.00130598
901	-0.00162062
902	-0.00208676
903	-0.00256922
904	-0.00339662
905	-0.00379284
906	-0.00416575
907	-0.0046179
908	-0.00499781
909	-0.00513532
910	-0.00536839
911	-0.00585084
912	-0.00627503
913	-0.00670854
914	-0.00728189
915	-0.00791817
916	-0.00847521
917	-0.00870828
918	-0.00907886
919	-0.00946109
920	-0.00994122
921	-0.0100158
922	-0.0101417
923	-0.0103211
924	-0.0105309
925	-0.0109737
926	-0.0113909
927	-0.0116613
928	-0.0117522
929	-0.0120458
930	-0.0121927
931	-0.0119293
932	-0.0117475
933	-0.0117195
934	-0.0116053
935	-0.0114911
936	-0.0115611
937	-0.0119619
938	-0.0123838
939	-0.0127031
940	-0.013111
941	-0.0135678
942	-0.0141458
943	-0.014535
944	-0.0149219
945	-0.0152692
946	-0.0156048
947	-0.0159311
948	-0.0164695
949	-0.0169356
950	-0.0174997
951	-0.0177724
952	-0.0175906
953	-0.017199
954	-0.0170265
955	-0.016924
956	-0.016614
957	-0.016001
958	-0.0155652
959	-0.0150361
960	-0.0146958
961	-0.0143835
962	-0.0142786
963	-0.0143719
964	-0.014556
965	-0.0146329
966	-0.0147518
967	-0.0151107
968	-0.0155069
969	-0.0155162
970	-0.0156747
971	-0.0157516
972	-0.0161735
973	-0.0163436
974	-0.0165418
975	-0.0170522
976	-0.0176931
977	-0.0178213
978	-0.0180684
979	-0.0183387
980	-0.0186114
981	-0.0188958
982	-0.0185974
983	-0.0182268
984	-0.0178959
985	-0.017812
986	-0.0177188
987	-0.017812
988	-0.0182222
989	-0.0187163
990	-0.0187606
991	-0.0188282
992	-0.0188398
993	-0.0190985
994	-0.0191894
995	-0.0192384
996	-0.0194831
997	-0.0198234
998	-0.0202522
999	-0.0202219
1000	-0.0202382
1001	-0.0203058
1002	-0.0201357
1003	-0.0199469
1004	-0.0199586
1005	-0.0189657
1006	-0.0169869
1007	-0.0138521
1008	-0.0102232
1009	-0.00699055
1010	-0.00355277
1011	-0.000583465
1012	0.00223668
1013	0.0046979
1014	0.00700529
1015	0.00882556
1016	0.00997227
1017	-0.0281556
1018	-0.028095
1019	-0.0277198
1020	-0.0273609
1021	-0.0273609
1022	-0.0274727
1023	-0.0277804
