0	-0.000146508
1	-0.000309269
2	0.000992815
3	1.62522e-05
4	-0.000146508
5	0.000179013
6	0.000341773
7	1.62522e-05
8	-0.000634789
9	-0.000309269
10	0.000667294
11	-0.00079755
12	-0.00128583
13	1.62522e-05
14	-0.000472029
15	1.62522e-05
16	0.000504533
17	0.000179013
18	0.00115558
19	-0.000146508
20	0.000830054
21	0.00196938
22	0.0022949
23	0.00262042
24	0.00245766
25	0.00213214
26	0.000341773
27	0.000179013
28	0.000830054
29	-0.000146508
30	0.000992815
31	-0.000634789
32	0.000179013
33	0.000341773
34	0.000341773
35	0.000830054
36	0.000179013
37	-0.000634789
38	-0.00112307
39	-0.00096031
40	-0.00144859
41	-0.00161135
42	-0.00144859
43	-0.00112307
44	-0.00128583
45	-0.00128583
46	-0.00128583
47	-0.00161135
48	-0.00112307
49	-0.000634789
50	-0.000634789
51	-0.00128583
52	-0.00128583
53	-0.000472029
54	-0.00112307
55	-0.00161135
56	-0.00112307
57	-0.000634789
58	-0.000472029
59	0.000179013
60	0.000179013
61	-0.000634789
62	-0.000309269
63	1.62522e-05
64	0.000504533
65	0.000504533
66	0.0145019
67	0.0999511
68	0.326188
69	0.684912
70	1.08905
71	1.45672
72	1.7619
73	2.00425
74	2.19565
75	2.33791
76	2.42612
77	2.46535
78	2.45949
79	2.41619
80	2.34165
81	2.24757
82	2.13853
83	2.02378
84	1.9061
85	1.79364
86	1.68752
87	1.59474
88	1.52036
89	1.46942
90	1.4341
91	1.40496
92	1.37713
93	1.34686
94	1.31382
95	1.28208
96	1.24627
97	1.21095
98	1.17515
99	1.13966
100	1.1019
101	1.06317
102	1.02427
103	0.986344
104	0.949886
105	0.915544
106	0.884131
107	0.856136
108	0.829769
109	0.80682
110	0.78501
111	0.767594
112	0.750342
113	0.732926
114	0.713558
115	0.694189
116	0.675798
117	0.657894
118	0.639665
119	0.619971
120	0.602393
121	0.586605
122	0.568376
123	0.553076
124	0.536963
125	0.522152
126	0.504736
127	0.490251
128	0.477881
129	0.465999
130	0.452978
131	0.441911
132	0.43068
133	0.417985
134	0.405452
135	0.396175
136	0.384782
137	0.375342
138	0.365088
139	0.355973
140	0.346045
141	0.337256
142	0.329606
143	0.319678
144	0.311865
145	0.306494
146	0.298519
147	0.291683
148	0.282406
149	0.275407
150	0.268083
151	0.259782
152	0.252295
153	0.245784
154	0.239925
155	0.232926
156	0.224626
157	0.219906
158	0.21486
159	0.209977
160	0.203955
161	0.199723
162	0.195492
163	0.192562
164	0.187516
165	0.182308
166	0.178239
167	0.174333
168	0.16945
169	0.165706
170	0.162614
171	0.16001
172	0.158382
173	0.154313
174	0.150895
175	0.147477
176	0.145361
177	0.140641
178	0.137549
179	0.135107
180	0.130876
181	0.126481
182	0.122249
183	0.118831
184	0.116715
185	0.111019
186	0.107601
187	0.105648
188	0.102555
189	0.0988118
190	0.0971842
191	0.0953939
192	0.0942545
193	0.0913248
194	0.0908366
195	0.0890462
196	0.0877441
197	0.0846517
198	0.0833496
199	0.0818847
200	0.0810709
201	0.0784668
202	0.0766764
203	0.0743978
204	0.0734212
205	0.0717936
206	0.0706543
207	0.0696777
208	0.070166
209	0.0691894
210	0.0662597
211	0.0646321
212	0.0651204
213	0.0646321
214	0.0610514
215	0.0594238
216	0.0594238
217	0.0589355
218	0.0555176
219	0.05389
220	0.0532389
221	0.0530761
222	0.0507975
223	0.0509603
224	0.0512858
225	0.0503092
226	0.0506347
227	0.0496582
228	0.051123
229	0.0507975
230	0.0501465
231	0.0490071
232	0.0477051
233	0.0455892
234	0.0447754
235	0.0415202
236	0.0400553
237	0.0392415
238	0.038916
239	0.0372884
240	0.0366373
241	0.0358235
242	0.0340332
243	0.0328939
244	0.0320801
245	0.030778
246	0.0293131
247	0.0291504
248	0.0268717
249	0.0275228
250	0.0275228
251	0.0250814
252	0.0231282
253	0.0218261
254	0.0210123
255	0.0203613
256	0.0175944
257	0.0161295
258	0.0153157
259	0.0148275
260	0.0136881
261	0.0135254
262	0.0131998
263	0.0125488
264	0.0109212
265	0.00978188
266	0.00880531
267	0.00815427
268	0.00864255
269	0.00799151
270	0.00831703
271	0.00782875
272	0.00652667
273	0.00538735
274	0.00457354
275	0.00408526
276	0.00408526
277	0.00196938
278	0.0022949
279	0.00213214
280	0.00262042
281	0.000992815
282	0.000341773
283	-0.000146508
284	-0.000309269
285	-0.00144859
286	-0.0030762
287	-0.00421552
288	-0.00437828
289	-0.00502932
290	-0.00535484
291	-0.00502932
292	-0.00421552
293	-0.00389
294	-0.00340172
295	-0.00291344
296	-0.00144859
297	-0.000309269
298	-0.000634789
299	0.000179013
300	0.000504533
301	0.000341773
302	0.000504533
303	0.000667294
304	0.00131834
305	0.00164386
306	0.000341773
307	-0.000309269
308	0.000179013
309	0.000179013
310	-0.00079755
311	-0.00193687
312	0.000504533
313	0.000341773
314	0.0014811
315	0.000667294
316	0.000667294
317	0.000341773
318	-0.000309269
319	-0.00112307
320	-0.0030762
321	-0.00389
322	-0.00454104
323	-0.00616864
324	-0.00730797
325	-0.00763349
326	-0.00828453
327	-0.00877281
328	-0.0100749
329	-0.0107259
330	-0.0100749
331	-0.0123535
332	-0.0134929
333	-0.0134929
334	-0.0128418
335	-0.0121908
336	-0.0125163
337	-0.0118653
338	-0.0104004
339	-0.00974937
340	-0.00958661
341	-0.00909833
342	-0.00795901
343	-0.00681969
344	-0.00779625
345	-0.00844729
346	-0.00877281
347	-0.00665692
348	-0.00649416
349	-0.00665692
350	-0.00665692
351	-0.00730797
352	-0.00649416
353	-0.00779625
354	-0.00958661
355	-0.0104004
356	-0.0105632
357	-0.0108887
358	-0.0104004
359	-0.0107259
360	-0.0112142
361	-0.0126791
362	-0.0130046
363	-0.0128418
364	-0.0130046
365	-0.0133301
366	-0.0152832
367	-0.0151205
368	-0.0152832
369	-0.016097
370	-0.0173991
371	-0.0173991
372	-0.0170736
373	-0.0175619
374	-0.0182129
375	-0.018864
376	-0.018864
377	-0.019515
378	-0.0191895
379	-0.020166
380	-0.0198405
381	-0.0209798
382	-0.0214681
383	-0.0213054
384	-0.0214681
385	-0.0211426
386	-0.0222819
387	-0.0230957
388	-0.0237468
389	-0.023584
390	-0.0224447
391	-0.0224447
392	-0.0237468
393	-0.0232585
394	-0.0232585
395	-0.0232585
396	-0.0234212
397	-0.0245606
398	-0.0253744
399	-0.0255371
400	-0.0255371
401	-0.0250489
402	-0.0243978
403	-0.0256999
404	-0.0252116
405	-0.0263509
406	-0.0260254
407	-0.0261882
408	-0.0243978
409	-0.0253744
410	-0.0253744
411	-0.0253744
412	-0.0258627
413	-0.0253744
414	-0.0256999
415	-0.0255371
416	-0.0260254
417	-0.0252116
418	-0.0255371
419	-0.0261882
420	-0.027002
421	-0.0258627
422	-0.027002
423	-0.027653
424	-0.0265137
425	-0.0273275
426	-0.0271647
427	-0.0281413
428	-0.0283041
429	-0.0284668
430	-0.0279785
431	-0.0279785
432	-0.0291179
433	-0.0294434
434	-0.0296061
435	-0.0283041
436	-0.027653
437	-0.0278158
438	-0.0268392
439	-0.0281413
440	-0.0279785
441	-0.0279785
442	-0.0281413
443	-0.0283041
444	-0.0278158
445	-0.027002
446	-0.0273275
447	-0.0274903
448	-0.0268392
449	-0.0255371
450	-0.022933
451	-0.0232585
452	-0.0234212
453	-0.0227702
454	-0.0214681
455	-0.0213054
456	-0.0216309
457	-0.0224447
458	-0.0230957
459	-0.0232585
460	-0.0230957
461	-0.0234212
462	-0.0234212
463	-0.0224447
464	-0.0214681
465	-0.0224447
466	-0.0222819
467	-0.0214681
468	-0.0224447
469	-0.0219564
470	-0.0224447
471	-0.0213054
472	-0.0222819
473	-0.0227702
474	-0.0234212
475	-0.0234212
476	-0.0221192
477	-0.0224447
478	-0.0237468
479	-0.0245606
480	-0.0247233
481	-0.0250489
482	-0.0253744
483	-0.0256999
484	-0.0250489
485	-0.0261882
486	-0.0255371
487	-0.0253744
488	-0.0250489
489	-0.0247233
490	-0.023584
491	-0.0237468
492	-0.0234212
493	-0.023584
494	-0.024235
495	-0.0255371
496	-0.0253744
497	-0.0240723
498	-0.0245606
499	-0.0250489
500	-0.0245606
501	-0.0248861
502	-0.0245606
503	-0.0247233
504	-0.024235
505	-0.0255371
506	-0.0245606
507	-0.024235
508	-0.024235
509	-0.024235
510	-0.0239095
511	-0.0239095
512	-0.0234212
513	-0.0213054
514	-0.0213054
515	-0.0213054
516	-0.0200033
517	-0.019515
518	-0.0190267
519	-0.0191895
520	-0.0183757
521	-0.0185384
522	-0.0204916
523	-0.0216309
524	-0.0227702
525	-0.022933
526	-0.0224447
527	-0.0219564
528	-0.0227702
529	-0.023584
530	-0.024235
531	-0.0243978
532	-0.0248861
533	-0.0250489
534	-0.0255371
535	-0.0263509
536	-0.0260254
537	-0.0260254
538	-0.0268392
539	-0.0271647
540	-0.027002
541	-0.0279785
542	-0.0268392
543	-0.0261882
544	-0.0265137
545	-0.0268392
546	-0.0273275
547	-0.0261882
548	-0.0289551
549	-0.0289551
550	-0.0287923
551	-0.0286296
552	-0.0283041
553	-0.0287923
554	-0.0281413
555	-0.0289551
556	-0.0292806
557	-0.0289551
558	-0.0292806
559	-0.0292806
560	-0.0287923
561	-0.0289551
562	-0.0299317
563	-0.0296061
564	-0.0289551
565	-0.0284668
566	-0.027002
567	-0.0266765
568	-0.0255371
569	-0.0243978
570	-0.0226074
571	-0.0213054
572	-0.0211426
573	-0.0219564
574	-0.0211426
575	-0.0208171
576	-0.0203288
577	-0.0200033
578	-0.0206543
579	-0.0206543
580	-0.0198405
581	-0.019515
582	-0.019515
583	-0.0196778
584	-0.0196778
585	-0.0198405
586	-0.0191895
587	-0.019515
588	-0.0208171
589	-0.0213054
590	-0.0216309
591	-0.0211426
592	-0.0219564
593	-0.0204916
594	-0.0219564
595	-0.0219564
596	-0.0221192
597	-0.0222819
598	-0.0230957
599	-0.0234212
600	-0.0232585
601	-0.0232585
602	-0.0232585
603	-0.024235
604	-0.0245606
605	-0.0230957
606	-0.023584
607	-0.0248861
608	-0.0248861
609	-0.0252116
610	-0.0255371
611	-0.0245606
612	-0.0245606
613	-0.0245606
614	-0.0247233
615	-0.0250489
616	-0.0253744
617	-0.0243978
618	-0.0243978
619	-0.0258627
620	-0.0258627
621	-0.0255371
622	-0.0255371
623	-0.0250489
624	-0.0248861
625	-0.0247233
626	-0.0256999
627	-0.0258627
628	-0.0258627
629	-0.0247233
630	-0.0247233
631	-0.0240723
632	-0.0239095
633	-0.0239095
634	-0.024235
635	-0.0256999
636	-0.0252116
637	-0.024235
638	-0.0248861
639	-0.0252116
640	-0.0258627
641	-0.027002
642	-0.0268392
643	-0.027002
644	-0.0261882
645	-0.0265137
646	-0.0273275
647	-0.0278158
648	-0.0283041
649	-0.0287923
650	-0.0291179
651	-0.0284668
652	-0.0279785
653	-0.0291179
654	-0.0291179
655	-0.0289551
656	-0.027653
657	-0.0274903
658	-0.0286296
659	-0.0287923
660	-0.0286296
661	-0.0302572
662	-0.0296061
663	-0.0284668
664	-0.0289551
665	-0.0302572
666	-0.0312337
667	-0.0315593
668	-0.0318848
669	-0.0307455
670	-0.0296061
671	-0.0296061
672	-0.0294434
673	-0.0297689
674	-0.0299317
675	-0.0274903
676	-0.0281413
677	-0.0286296
678	-0.0289551
679	-0.0289551
680	-0.0279785
681	-0.0291179
682	-0.0292806
683	-0.0296061
684	-0.0294434
685	-0.0294434
686	-0.0309082
687	-0.0287923
688	-0.0289551
689	-0.0294434
690	-0.0299317
691	-0.0300944
692	-0.0297689
693	-0.0278158
694	-0.027653
695	-0.0274903
696	-0.0268392
697	-0.0265137
698	-0.027653
699	-0.0278158
700	-0.0261882
701	-0.0261882
702	-0.027002
703	-0.0273275
704	-0.027653
705	-0.0279785
706	-0.027653
707	-0.0287923
708	-0.0286296
709	-0.0296061
710	-0.0291179
711	-0.0296061
712	-0.0299317
713	-0.0300944
714	-0.0286296
715	-0.0286296
716	-0.027653
717	-0.0258627
718	-0.0252116
719	-0.024235
720	-0.0234212
721	-0.022933
722	-0.0232585
723	-0.0234212
724	-0.0245606
725	-0.0239095
726	-0.0248861
727	-0.0240723
728	-0.0248861
729	-0.0252116
730	-0.0261882
731	-0.0265137
732	-0.0274903
733	-0.0271647
734	-0.0287923
735	-0.0283041
736	-0.0279785
737	-0.0286296
738	-0.0273275
739	-0.0274903
740	-0.0287923
741	-0.0289551
742	-0.0283041
743	-0.0279785
744	-0.0278158
745	-0.0278158
746	-0.0278158
747	-0.0289551
748	-0.0296061
749	-0.0297689
750	-0.0268392
751	-0.027002
752	-0.027653
753	-0.0265137
754	-0.0248861
755	-0.0248861
756	-0.023584
757	-0.0240723
758	-0.0240723
759	-0.0243978
760	-0.0253744
761	-0.0255371
762	-0.0261882
763	-0.0266765
764	-0.0256999
765	-0.0261882
766	-0.0255371
767	-0.0258627
768	-0.0256999
769	-0.0256999
770	-0.0266765
771	-0.0255371
772	-0.0263509
773	-0.0255371
774	-0.0265137
775	-0.0273275
776	-0.0265137
777	-0.0255371
778	-0.0274903
779	-0.0265137
780	-0.027002
781	-0.027653
782	-0.0281413
783	-0.0268392
784	-0.0261882
785	-0.0253744
786	-0.0265137
787	-0.0268392
788	-0.0266765
789	-0.0255371
790	-0.0266765
791	-0.027002
792	-0.0266765
793	-0.0265137
794	-0.0274903
795	-0.0268392
796	-0.027002
797	-0.0250489
798	-0.0240723
799	-0.0243978
800	-0.0255371
801	-0.0250489
802	-0.0248861
803	-0.0256999
804	-0.0252116
805	-0.0258627
806	-0.0255371
807	-0.0261882
808	-0.0255371
809	-0.0266765
810	-0.0260254
811	-0.0268392
812	-0.0256999
813	-0.0265137
814	-0.0265137
815	-0.0266765
816	-0.0273275
817	-0.0268392
818	-0.0271647
819	-0.0268392
820	-0.027653
821	-0.027002
822	-0.0255371
823	-0.0256999
824	-0.027002
825	-0.0265137
826	-0.0281413
827	-0.0274903
828	-0.0274903
829	-0.0286296
830	-0.0283041
831	-0.0284668
832	-0.0271647
833	-0.0279785
834	-0.0279785
835	-0.0268392
836	-0.0255371
837	-0.0263509
838	-0.0252116
839	-0.0234212
840	-0.0219564
841	-0.023584
842	-0.0250489
843	-0.0245606
844	-0.023584
845	-0.0237468
846	-0.0226074
847	-0.024235
848	-0.024235
849	-0.0240723
850	-0.0248861
851	-0.0256999
852	-0.0245606
853	-0.0239095
854	-0.0252116
855	-0.0260254
856	-0.0253744
857	-0.0253744
858	-0.0248861
859	-0.0256999
860	-0.0258627
861	-0.0271647
862	-0.0278158
863	-0.0271647
864	-0.0256999
865	-0.0253744
866	-0.0256999
867	-0.027653
868	-0.0273275
869	-0.0253744
870	-0.0252116
871	-0.0239095
872	-0.0248861
873	-0.0248861
874	-0.0248861
875	-0.0260254
876	-0.0245606
877	-0.0245606
878	-0.024235
879	-0.0234212
880	-0.0245606
881	-0.0248861
882	-0.0252116
883	-0.0240723
884	-0.0247233
885	-0.0247233
886	-0.0232585
887	-0.0243978
888	-0.0239095
889	-0.0247233
890	-0.0243978
891	-0.0250489
892	-0.0234212
893	-0.0248861
894	-0.0250489
895	-0.0247233
896	-0.023584
897	-0.0237468
898	-0.0250489
899	-0.024235
900	-0.023584
901	-0.0234212
902	-0.024235
903	-0.023584
904	-0.0226074
905	-0.0226074
906	-0.0232585
907	-0.0240723
908	-0.0234212
909	-0.0230957
910	-0.0230957
911	-0.0243978
912	-0.0245606
913	-0.0245606
914	-0.0252116
915	-0.0256999
916	-0.0247233
917	-0.0243978
918	-0.0265137
919	-0.0258627
920	-0.0265137
921	-0.0260254
922	-0.0253744
923	-0.0258627
924	-0.0255371
925	-0.0245606
926	-0.0261882
927	-0.0260254
928	-0.0252116
929	-0.0258627
930	-0.0253744
931	-0.0258627
932	-0.0253744
933	-0.0245606
934	-0.0252116
935	-0.0258627
936	-0.0258627
937	-0.0240723
938	-0.022933
939	-0.0258627
940	-0.0256999
941	-0.0252116
942	-0.0250489
943	-0.0260254
944	-0.0260254
945	-0.0252116
946	-0.0247233
947	-0.0266765
948	-0.0258627
949	-0.0247233
950	-0.0250489
951	-0.0258627
952	-0.0265137
953	-0.0253744
954	-0.0258627
955	-0.0266765
956	-0.0274903
957	-0.027002
958	-0.027002
959	-0.027002
960	-0.0281413
961	-0.0283041
962	-0.0279785
963	-0.0274903
964	-0.0279785
965	-0.0284668
966	-0.0281413
967	-0.027002
968	-0.0284668
969	-0.0279785
970	-0.0271647
971	-0.0261882
972	-0.0263509
973	-0.027002
974	-0.0271647
975	-0.027653
976	-0.0258627
977	-0.027653
978	-0.0274903
979	-0.0268392
980	-0.0252116
981	-0.0255371
982	-0.0260254
983	-0.0255371
984	-0.0260254
985	-0.0261882
986	-0.0247233
987	-0.023584
988	-0.0224447
989	-0.0217936
990	-0.0214681
991	-0.0204916
992	-0.0204916
993	-0.0200033
994	-0.0180502
995	-0.0182129
996	-0.0180502
997	-0.0167481
998	-0.0191895
999	-0.0200033
1000	-0.0196778
1001	-0.0183757
1002	-0.0200033
1003	-0.0196778
1004	-0.019515
1005	-0.0198405
1006	-0.0208171
1007	-0.0213054
1008	-0.0204916
1009	-0.0198405
1010	-0.0204916
1011	-0.0200033
1012	-0.0203288
1013	-0.0203288
1014	-0.019515
1015	-0.0190267
1016	-0.018864
1017	-0.0180502
1018	-0.0183757
1019	-0.0193522
1020	-0.0190267
1021	-0.0190267
1022	-0.018864
1023	-0.0190267
