0	-0.000361811
1	-0.000319858
2	-0.000194001
3	-0.000140395
4	-0.000270914
5	-0.000368803
6	-0.000273244
7	-0.000138064
8	-0.000163702
9	-7.04737e-05
10	-7.28044e-05
11	-3.08519e-05
12	-3.55133e-05
13	-8.67886e-05
14	6.43929e-06
15	0.00014162
16	4.37305e-05
17	-2.8835e-06
18	-5.41589e-05
19	-4.01747e-05
20	-0.00025693
21	-0.000289559
22	-0.000263922
23	-0.00012408
24	8.80137e-05
25	0.000195226
26	4.37305e-05
27	2.27542e-05
28	-0.000119418
29	-0.000263922
30	-0.000352488
31	-0.00025693
32	-3.08519e-05
33	-5.64896e-05
34	-8.21272e-05
35	-2.85212e-05
36	-3.08519e-05
37	2.50849e-05
38	-0.000114757
39	-9.84421e-05
40	-5.41589e-05
41	3.90691e-05
42	0.000150943
43	0.000330406
44	0.000435288
45	0.000495886
46	0.000619413
47	0.000640389
48	0.000698657
49	0.00107157
50	0.00104826
51	0.000973679
52	0.000994655
53	0.00100165
54	0.00106225
55	0.00124171
56	0.00138388
57	0.00173116
58	0.0023115
59	0.00370759
60	0.00849484
61	0.0237516
62	0.0635995
63	0.14977
64	0.298518
65	0.506563
66	0.750034
67	0.997615
68	1.22077
69	1.40078
70	1.53007
71	1.61077
72	1.65157
73	1.664
74	1.65829
75	1.64316
76	1.62453
77	1.60597
78	1.58898
79	1.57425
80	1.56168
81	1.55093
82	1.54206
83	1.53444
84	1.52779
85	1.52092
86	1.51377
87	1.50571
88	1.49743
89	1.48893
90	1.48065
91	1.47225
92	1.46372
93	1.45497
94	1.44636
95	1.43747
96	1.428
97	1.41881
98	1.40966
99	1.40077
100	1.3918
101	1.38256
102	1.37284
103	1.36301
104	1.35327
105	1.34385
106	1.33438
107	1.32516
108	1.31559
109	1.30597
110	1.29634
111	1.28617
112	1.27546
113	1.26461
114	1.25382
115	1.24347
116	1.23319
117	1.22311
118	1.21296
119	1.20286
120	1.19266
121	1.18312
122	1.17489
123	1.16894
124	1.16588
125	1.1653
126	1.1666
127	1.16822
128	1.16898
129	1.16397
130	1.15642
131	1.14804
132	1.13906
133	1.12946
134	1.11945
135	1.10939
136	1.09945
137	1.0893
138	1.07911
139	1.06862
140	1.05808
141	1.04772
142	1.03802
143	1.02863
144	1.01913
145	1.00929
146	0.999466
147	0.989593
148	0.979729
149	0.970146
150	0.960848
151	0.95184
152	0.942697
153	0.933507
154	0.924354
155	0.915754
156	0.907359
157	0.899127
158	0.891147
159	0.883413
160	0.875908
161	0.868494
162	0.861067
163	0.853648
164	0.846159
165	0.83847
166	0.830968
167	0.824057
168	0.817161
169	0.810982
170	0.804678
171	0.798245
172	0.791257
173	0.784174
174	0.776865
175	0.769358
176	0.761611
177	0.753831
178	0.746191
179	0.738894
180	0.731463
181	0.72397
182	0.716796
183	0.709534
184	0.702327
185	0.695391
186	0.688572
187	0.681885
188	0.675445
189	0.669476
190	0.663332
191	0.657144
192	0.650987
193	0.644894
194	0.63893
195	0.63304
196	0.627335
197	0.621797
198	0.616241
199	0.610952
200	0.605888
201	0.600905
202	0.595924
203	0.590869
204	0.585734
205	0.580688
206	0.575526
207	0.570408
208	0.565289
209	0.56029
210	0.55519
211	0.550021
212	0.54501
213	0.539999
214	0.534829
215	0.529832
216	0.524898
217	0.52026
218	0.515368
219	0.510404
220	0.50512
221	0.499839
222	0.494487
223	0.489327
224	0.484601
225	0.479832
226	0.475364
227	0.47094
228	0.466344
229	0.461797
230	0.457119
231	0.452726
232	0.448102
233	0.443974
234	0.439972
235	0.43619
236	0.432311
237	0.4283
238	0.42435
239	0.420378
240	0.416532
241	0.41265
242	0.408557
243	0.404644
244	0.4006
245	0.396757
246	0.392909
247	0.389357
248	0.385912
249	0.382504
250	0.37895
251	0.375433
252	0.371974
253	0.368404
254	0.364814
255	0.361227
256	0.357568
257	0.354473
258	0.351308
259	0.348012
260	0.345106
261	0.342335
262	0.339612
263	0.336671
264	0.333874
265	0.330977
266	0.328136
267	0.325265
268	0.322314
269	0.319177
270	0.316163
271	0.313031
272	0.309768
273	0.306861
274	0.304188
275	0.301932
276	0.29972
277	0.297452
278	0.295259
279	0.293008
280	0.290656
281	0.288638
282	0.287377
283	0.286631
284	0.286174
285	0.285459
286	0.284659
287	0.283454
288	0.281844
289	0.279653
290	0.277264
291	0.274698
292	0.272178
293	0.269699
294	0.267531
295	0.265743
296	0.264273
297	0.263205
298	0.261968
299	0.260688
300	0.259131
301	0.257581
302	0.256155
303	0.254381
304	0.252768
305	0.25141
306	0.250857
307	0.251913
308	0.254404
309	0.258623
310	0.263788
311	0.267941
312	0.270535
313	0.269202
314	0.267275
315	0.265093
316	0.262958
317	0.26084
318	0.258833
319	0.256677
320	0.25343
321	0.250459
322	0.247471
323	0.244639
324	0.242045
325	0.239486
326	0.237185
327	0.235116
328	0.233048
329	0.231132
330	0.22921
331	0.22738
332	0.225539
333	0.223467
334	0.221253
335	0.219204
336	0.21702
337	0.214967
338	0.213116
339	0.211033
340	0.209086
341	0.207077
342	0.205318
343	0.203919
344	0.202584
345	0.201682
346	0.200854
347	0.200062
348	0.199225
349	0.198663
350	0.197962
351	0.197281
352	0.196403
353	0.195615
354	0.194496
355	0.19324
356	0.191923
357	0.190641
358	0.189259
359	0.187765
360	0.186378
361	0.18467
362	0.183076
363	0.181605
364	0.180144
365	0.178829
366	0.17751
367	0.176284
368	0.175119
369	0.173811
370	0.172571
371	0.171201
372	0.169665
373	0.168455
374	0.167166
375	0.165761
376	0.164435
377	0.163398
378	0.162174
379	0.1612
380	0.160237
381	0.159475
382	0.158317
383	0.157042
384	0.155804
385	0.15449
386	0.153236
387	0.151989
388	0.150567
389	0.149348
390	0.148062
391	0.146775
392	0.145617
393	0.144524
394	0.143349
395	0.142284
396	0.140979
397	0.139928
398	0.138718
399	0.137476
400	0.136077
401	0.134891
402	0.135031
403	0.137271
404	0.143834
405	0.153679
406	0.164134
407	0.167626
408	0.168542
409	0.169199
410	0.169604
411	0.16946
412	0.168796
413	0.167891
414	0.166973
415	0.165787
416	0.164467
417	0.163018
418	0.161755
419	0.160785
420	0.160125
421	0.160813
422	0.164218
423	0.17152
424	0.180771
425	0.18922
426	0.188059
427	0.18736
428	0.186502
429	0.185712
430	0.184696
431	0.183749
432	0.182908
433	0.181829
434	0.180594
435	0.179025
436	0.177659
437	0.176613
438	0.17596
439	0.175473
440	0.175564
441	0.175604
442	0.175809
443	0.175811
444	0.175872
445	0.175468
446	0.175198
447	0.174799
448	0.174091
449	0.173117
450	0.172094
451	0.171152
452	0.170154
453	0.169693
454	0.16911
455	0.168497
456	0.167647
457	0.166551
458	0.165628
459	0.16471
460	0.163761
461	0.163113
462	0.162372
463	0.161769
464	0.161232
465	0.160589
466	0.159974
467	0.159459
468	0.159065
469	0.15858
470	0.158053
471	0.157364
472	0.156406
473	0.155511
474	0.154753
475	0.153998
476	0.153119
477	0.152448
478	0.151548
479	0.150663
480	0.149565
481	0.148519
482	0.147873
483	0.147048
484	0.146062
485	0.145195
486	0.144538
487	0.143955
488	0.143335
489	0.142827
490	0.142251
491	0.141398
492	0.140475
493	0.139294
494	0.138145
495	0.136954
496	0.135641
497	0.134397
498	0.133444
499	0.133166
500	0.134082
501	0.135616
502	0.137567
503	0.139275
504	0.140454
505	0.141165
506	0.141244
507	0.140925
508	0.140177
509	0.139068
510	0.13787
511	0.136611
512	0.135548
513	0.134509
514	0.13332
515	0.132336
516	0.131814
517	0.131805
518	0.132064
519	0.132483
520	0.133148
521	0.133548
522	0.133562
523	0.133369
524	0.132791
525	0.132045
526	0.131276
527	0.130486
528	0.12947
529	0.128374
530	0.127423
531	0.126554
532	0.125932
533	0.125284
534	0.124769
535	0.124021
536	0.123317
537	0.12283
538	0.122811
539	0.124244
540	0.127642
541	0.133775
542	0.14145
543	0.148567
544	0.150623
545	0.149621
546	0.148668
547	0.147707
548	0.146729
549	0.145703
550	0.144703
551	0.143459
552	0.142776
553	0.141704
554	0.141818
555	0.143652
556	0.146407
557	0.149607
558	0.152462
559	0.154007
560	0.154427
561	0.153956
562	0.152979
563	0.151639
564	0.150024
565	0.148297
566	0.146456
567	0.144717
568	0.143279
569	0.141797
570	0.140559
571	0.139415
572	0.13849
573	0.137567
574	0.136704
575	0.135833
576	0.13494
577	0.1339
578	0.132935
579	0.131852
580	0.130773
581	0.129435
582	0.128088
583	0.126887
584	0.125962
585	0.124946
586	0.123792
587	0.122809
588	0.122147
589	0.121611
590	0.121135
591	0.120723
592	0.120198
593	0.119436
594	0.118823
595	0.118201
596	0.117527
597	0.116805
598	0.116133
599	0.115094
600	0.114215
601	0.113483
602	0.112912
603	0.11232
604	0.111752
605	0.110931
606	0.110174
607	0.109577
608	0.108887
609	0.107941
610	0.106715
611	0.105452
612	0.104398
613	0.103541
614	0.102802
615	0.102082
616	0.101308
617	0.10055
618	0.099709
619	0.0989259
620	0.0985553
621	0.098306
622	0.0982127
623	0.0981079
624	0.0980263
625	0.0980612
626	0.0985041
627	0.0992849
628	0.100425
629	0.101548
630	0.102177
631	0.102541
632	0.102872
633	0.102741
634	0.102476
635	0.101835
636	0.100979
637	0.0999211
638	0.0988304
639	0.0979121
640	0.0969169
641	0.0958308
642	0.0949684
643	0.0943461
644	0.0936259
645	0.0929011
646	0.0924163
647	0.0918313
648	0.0912976
649	0.0906566
650	0.0899784
651	0.0893304
652	0.0886685
653	0.0878248
654	0.0870417
655	0.086219
656	0.0851632
657	0.0842705
658	0.0833732
659	0.0823966
660	0.0814923
661	0.0806486
662	0.0798958
663	0.0792851
664	0.0786419
665	0.0777702
666	0.0772108
667	0.0768029
668	0.0762156
669	0.0756889
670	0.0751435
671	0.0744186
672	0.0737707
673	0.0730901
674	0.0724539
675	0.0721182
676	0.0716544
677	0.0713281
678	0.0709412
679	0.0704658
680	0.0698528
681	0.0694776
682	0.0692025
683	0.06879
684	0.068233
685	0.0676247
686	0.0670233
687	0.0663288
688	0.065872
689	0.065266
690	0.0648907
691	0.0645435
692	0.0640587
693	0.0636788
694	0.0631567
695	0.0626183
696	0.0621195
697	0.061411
698	0.0608307
699	0.0603156
700	0.0602783
701	0.0599147
702	0.0595977
703	0.059099
704	0.058796
705	0.0588076
706	0.0588519
707	0.0589335
708	0.05905
709	0.0592458
710	0.0594719
711	0.0593367
712	0.0591689
713	0.0589265
714	0.0586002
715	0.0581317
716	0.0574815
717	0.0569174
718	0.0565212
719	0.0559945
720	0.055554
721	0.0550552
722	0.0546147
723	0.0542534
724	0.0538223
725	0.0533212
726	0.0527898
727	0.0523003
728	0.0518551
729	0.051361
730	0.0509951
731	0.0505057
732	0.0500535
733	0.0496993
734	0.0492145
735	0.0487786
736	0.0483544
737	0.0480258
738	0.047837
739	0.0476879
740	0.0474431
741	0.0474128
742	0.0473406
743	0.0472217
744	0.0469514
745	0.046399
746	0.0459095
747	0.0455436
748	0.0452849
749	0.0449306
750	0.0445927
751	0.0444389
752	0.0445764
753	0.0444832
754	0.0448654
755	0.0451567
756	0.0456159
757	0.0457021
758	0.0459771
759	0.0459305
760	0.0459282
761	0.0461146
762	0.0461473
763	0.0461636
764	0.0460144
765	0.0458606
766	0.0459398
767	0.0465971
768	0.0483638
769	0.0512865
770	0.0548617
771	0.0586049
772	0.0619098
773	0.064033
774	0.0650982
775	0.0650539
776	0.0645435
777	0.0645738
778	0.0653709
779	0.0683355
780	0.0732766
781	0.0792199
782	0.0845199
783	0.0888666
784	0.0914537
785	0.0925981
786	0.0926424
787	0.0929034
788	0.0942039
789	0.0965626
790	0.0995366
791	0.102977
792	0.106237
793	0.10885
794	0.111001
795	0.11253
796	0.113446
797	0.113661
798	0.113758
799	0.113586
800	0.113071
801	0.112407
802	0.111465
803	0.110614
804	0.110237
805	0.11064
806	0.111647
807	0.112707
808	0.113765
809	0.114653
810	0.115162
811	0.115343
812	0.11497
813	0.114432
814	0.113814
815	0.112966
816	0.112199
817	0.111022
818	0.109768
819	0.108629
820	0.107643
821	0.106734
822	0.106056
823	0.105331
824	0.104573
825	0.103855
826	0.103033
827	0.102291
828	0.101639
829	0.100788
830	0.0997463
831	0.0989772
832	0.0980915
833	0.0970847
834	0.0963016
835	0.0955581
836	0.0949195
837	0.0944696
838	0.09412
839	0.0938683
840	0.0934744
841	0.0932437
842	0.0931085
843	0.0929454
844	0.0927799
845	0.0921366
846	0.0913582
847	0.0906519
848	0.0897127
849	0.0886755
850	0.0878994
851	0.087065
852	0.086184
853	0.0854592
854	0.0846784
855	0.0838929
856	0.0832613
857	0.082688
858	0.0822475
859	0.0821029
860	0.0830935
861	0.0854428
862	0.0889948
863	0.0931365
864	0.0965183
865	0.0988187
866	0.0998349
867	0.0999887
868	0.0990728
869	0.0978911
870	0.0965859
871	0.0953413
872	0.0941457
873	0.0930339
874	0.0921949
875	0.0916052
876	0.0912929
877	0.0909946
878	0.0907941
879	0.0909456
880	0.0911461
881	0.0917567
882	0.0920317
883	0.092104
884	0.0921063
885	0.091745
886	0.0913302
887	0.0908804
888	0.0904468
889	0.0899294
890	0.0893794
891	0.088848
892	0.0882373
893	0.0875521
894	0.0869858
895	0.0862143
896	0.0855757
897	0.0847949
898	0.0838906
899	0.0830982
900	0.0821705
901	0.0813245
902	0.0806742
903	0.0798911
904	0.0792292
905	0.0788726
906	0.0783971
907	0.0778727
908	0.0774089
909	0.0768099
910	0.0763158
911	0.0758683
912	0.0752157
913	0.0745142
914	0.0737824
915	0.072941
916	0.0721182
917	0.0712419
918	0.0706499
919	0.0700532
920	0.0693913
921	0.0689252
922	0.0683658
923	0.0679906
924	0.0677412
925	0.0674405
926	0.0671002
927	0.0667087
928	0.0665782
929	0.066436
930	0.0661656
931	0.0659489
932	0.0656249
933	0.065266
934	0.0648698
935	0.0641845
936	0.0636741
937	0.063222
938	0.0623852
939	0.0615322
940	0.0608703
941	0.0600895
942	0.0593344
943	0.0587866
944	0.0583065
945	0.0578311
946	0.0575374
947	0.0571155
948	0.0566774
949	0.0560924
950	0.0553885
951	0.0545681
952	0.0539458
953	0.0535123
954	0.0534121
955	0.0536008
956	0.0539551
957	0.0543863
958	0.0544842
959	0.0545378
960	0.054638
961	0.0545145
962	0.0544469
963	0.0540507
964	0.0538153
965	0.0534493
966	0.0533748
967	0.05344
968	0.0539947
969	0.0547289
970	0.0554654
971	0.0560038
972	0.0560457
973	0.0558593
974	0.0556239
975	0.0553722
976	0.0549666
977	0.0543863
978	0.0537407
979	0.0532955
980	0.052869
981	0.0524541
982	0.0522187
983	0.0518388
984	0.0514683
985	0.0511862
986	0.0507504
987	0.050261
988	0.0497482
989	0.0492821
990	0.0484966
991	0.0481074
992	0.047851
993	0.0474385
994	0.0469304
995	0.0467183
996	0.046639
997	0.0466367
998	0.0468045
999	0.0471238
1000	0.0472497
1001	0.0474152
1002	0.0473965
1003	0.0472986
1004	0.0473383
1005	0.0470213
1006	0.0468115
1007	0.0465225
1008	0.0461333
1009	0.0458886
1010	0.045483
1011	0.0454014
1012	0.0452639
1013	0.0448794
1014	0.0446999
1015	0.0444459
1016	0.0441778
1017	0.0440869
1018	0.0440613
1019	0.0442151
1020	0.0441032
1021	0.0442384
1022	0.0441755
1023	0.0442361
