0	-0.000335023
1	-0.000465594
2	-0.000590724
3	-0.000413909
4	-0.000345904
5	-0.00042751
6	-0.000555361
7	-0.000582564
8	-0.000770259
9	-0.000724015
10	-0.000938914
11	-0.000805622
12	-0.000816503
13	-0.00065601
14	-0.000734896
15	-0.000770259
16	-0.000786581
17	-0.000933473
18	-0.00101236
19	-0.000938914
20	-0.000500957
21	-0.000397588
22	-0.000286058
23	-0.000269737
24	-0.000128285
25	3.22084e-05
26	-5.21187e-05
27	0.000336874
28	0.000717706
29	0.000714986
30	0.000682343
31	0.000456564
32	0.000228065
33	0.000130137
34	5.125e-05
35	-1.94759e-05
36	-0.00018813
37	-6.84401e-05
38	0.000116536
39	0.000415761
40	0.000595296
41	0.000891801
42	0.00111486
43	0.00115838
44	0.00121007
45	0.00125359
46	0.00138144
47	0.00141409
48	0.00129712
49	0.00131616
50	0.00140864
51	0.00141953
52	0.001308
53	0.00102237
54	0.000845557
55	0.000714986
56	0.000573534
57	0.000872759
58	0.0016317
59	0.00320944
60	0.00714017
61	0.0175723
62	0.0456749
63	0.117144
64	0.275597
65	0.557187
66	0.960292
67	1.43836
68	1.91952
69	2.34071
70	2.66653
71	2.88913
72	3.01936
73	3.0769
74	3.08234
75	3.0527
76	3.00178
77	2.94104
78	2.87929
79	2.82142
80	2.76888
81	2.72253
82	2.6823
83	2.64801
84	2.61904
85	2.59443
86	2.57219
87	2.55126
88	2.53176
89	2.51422
90	2.49799
91	2.48235
92	2.46644
93	2.44903
94	2.43062
95	2.4119
96	2.39382
97	2.37565
98	2.35746
99	2.33959
100	2.32194
101	2.30488
102	2.28779
103	2.271
104	2.25434
105	2.23797
106	2.22142
107	2.2041
108	2.18631
109	2.16797
110	2.1492
111	2.13005
112	2.11178
113	2.09505
114	2.08028
115	2.06681
116	2.05415
117	2.04076
118	2.02664
119	2.01156
120	1.99558
121	1.97866
122	1.96099
123	1.94249
124	1.92326
125	1.90365
126	1.88392
127	1.86421
128	1.84488
129	1.82583
130	1.80773
131	1.78991
132	1.77217
133	1.7544
134	1.73695
135	1.71978
136	1.70246
137	1.68546
138	1.66865
139	1.65277
140	1.63727
141	1.6219
142	1.60593
143	1.58967
144	1.57395
145	1.55899
146	1.54445
147	1.53014
148	1.51588
149	1.50177
150	1.48754
151	1.47307
152	1.4584
153	1.44397
154	1.42964
155	1.41569
156	1.4017
157	1.38762
158	1.37376
159	1.36067
160	1.34825
161	1.33669
162	1.32581
163	1.31496
164	1.30409
165	1.29295
166	1.28145
167	1.27046
168	1.25939
169	1.24824
170	1.23711
171	1.22542
172	1.21346
173	1.20078
174	1.18759
175	1.17427
176	1.1615
177	1.1494
178	1.13792
179	1.12688
180	1.11538
181	1.10363
182	1.0915
183	1.07942
184	1.06781
185	1.05658
186	1.04549
187	1.03519
188	1.02488
189	1.01518
190	1.00535
191	0.995848
192	0.985996
193	0.975915
194	0.966217
195	0.956639
196	0.946795
197	0.937108
198	0.927783
199	0.918556
200	0.909829
201	0.90101
202	0.892502
203	0.883878
204	0.875285
205	0.866872
206	0.858569
207	0.850188
208	0.841358
209	0.832004
210	0.823019
211	0.814241
212	0.805805
213	0.79716
214	0.788602
215	0.780861
216	0.773619
217	0.766226
218	0.758647
219	0.751058
220	0.743612
221	0.736156
222	0.728828
223	0.721037
224	0.712871
225	0.704974
226	0.697426
227	0.690435
228	0.683759
229	0.677242
230	0.670577
231	0.664397
232	0.658078
233	0.651704
234	0.645521
235	0.639458
236	0.633598
237	0.627766
238	0.622018
239	0.616942
240	0.611926
241	0.606921
242	0.601684
243	0.59632
244	0.591051
245	0.585904
246	0.580984
247	0.576027
248	0.57106
249	0.565867
250	0.560462
251	0.554973
252	0.549559
253	0.543978
254	0.538632
255	0.53326
256	0.528306
257	0.52409
258	0.520486
259	0.517526
260	0.514599
261	0.511838
262	0.508411
263	0.504564
264	0.500495
265	0.496159
266	0.491869
267	0.487146
268	0.482419
269	0.477596
270	0.473028
271	0.468132
272	0.463383
273	0.458339
274	0.453315
275	0.448595
276	0.444194
277	0.439659
278	0.435429
279	0.431284
280	0.427307
281	0.42318
282	0.418795
283	0.415022
284	0.411312
285	0.407672
286	0.404016
287	0.40057
288	0.396976
289	0.393481
290	0.389966
291	0.386188
292	0.38248
293	0.378582
294	0.374766
295	0.37102
296	0.367296
297	0.36407
298	0.361377
299	0.358757
300	0.356524
301	0.354315
302	0.352038
303	0.349625
304	0.346932
305	0.343913
306	0.340578
307	0.337504
308	0.334504
309	0.331487
310	0.328228
311	0.324996
312	0.32168
313	0.318742
314	0.315658
315	0.312788
316	0.310315
317	0.307527
318	0.304586
319	0.301474
320	0.298605
321	0.295816
322	0.293235
323	0.290806
324	0.288428
325	0.286236
326	0.284049
327	0.281671
328	0.279103
329	0.276405
330	0.273519
331	0.270714
332	0.267959
333	0.265774
334	0.26415
335	0.263176
336	0.263916
337	0.26551
338	0.267531
339	0.269038
340	0.269648
341	0.269302
342	0.267678
343	0.26566
344	0.26335
345	0.26097
346	0.258386
347	0.255862
348	0.253024
349	0.250171
350	0.248014
351	0.246295
352	0.245291
353	0.244469
354	0.243708
355	0.242837
356	0.241629
357	0.239723
358	0.237546
359	0.235479
360	0.23305
361	0.23068
362	0.228333
363	0.226081
364	0.223817
365	0.221791
366	0.220126
367	0.218162
368	0.216179
369	0.213967
370	0.211791
371	0.20958
372	0.207741
373	0.205815
374	0.203769
375	0.201767
376	0.199751
377	0.198038
378	0.196242
379	0.194542
380	0.193033
381	0.191411
382	0.189812
383	0.188351
384	0.186901
385	0.185413
386	0.184015
387	0.182549
388	0.180974
389	0.179358
390	0.178107
391	0.176649
392	0.175386
393	0.173833
394	0.172163
395	0.170547
396	0.169075
397	0.167294
398	0.165487
399	0.163972
400	0.162468
401	0.160909
402	0.15925
403	0.15783
404	0.156938
405	0.156304
406	0.155684
407	0.154851
408	0.153935
409	0.153116
410	0.152387
411	0.151565
412	0.150771
413	0.150026
414	0.149055
415	0.148198
416	0.147414
417	0.146799
418	0.145752
419	0.144602
420	0.1435
421	0.142338
422	0.140965
423	0.13952
424	0.137964
425	0.136376
426	0.135138
427	0.133933
428	0.13288
429	0.131795
430	0.130943
431	0.130081
432	0.128952
433	0.128253
434	0.127412
435	0.126352
436	0.125465
437	0.124785
438	0.124159
439	0.123144
440	0.122239
441	0.121354
442	0.120519
443	0.119554
444	0.118612
445	0.11763
446	0.116439
447	0.115313
448	0.114097
449	0.113012
450	0.112084
451	0.111105
452	0.110191
453	0.109418
454	0.108814
455	0.108847
456	0.109527
457	0.110008
458	0.110623
459	0.111015
460	0.11105
461	0.11105
462	0.110936
463	0.110699
464	0.110338
465	0.109704
466	0.109029
467	0.1083
468	0.107084
469	0.106075
470	0.105474
471	0.104728
472	0.103986
473	0.1033
474	0.102705
475	0.102234
476	0.101608
477	0.100983
478	0.100186
479	0.0997858
480	0.0992988
481	0.0988201
482	0.0978707
483	0.0972859
484	0.0966357
485	0.0956211
486	0.0947669
487	0.0939998
488	0.0931946
489	0.0924167
490	0.0914374
491	0.0905587
492	0.0895495
493	0.088573
494	0.0876426
495	0.0866987
496	0.0858391
497	0.0852733
498	0.0845606
499	0.0839241
500	0.0835541
501	0.0834426
502	0.0831679
503	0.0827381
504	0.0824497
505	0.0819819
506	0.0814215
507	0.0807115
508	0.0799988
509	0.0795173
510	0.0789787
511	0.0781518
512	0.0775044
513	0.0769304
514	0.0761633
515	0.0754968
516	0.0750561
517	0.0747052
518	0.0741639
519	0.0733614
520	0.0726651
521	0.0721428
522	0.0715307
523	0.0710547
524	0.0704889
525	0.0698034
526	0.0694144
527	0.068952
528	0.0686146
529	0.068174
530	0.0675946
531	0.0667948
532	0.065957
533	0.0653449
534	0.0650239
535	0.0645805
536	0.0641208
537	0.0634163
538	0.062894
539	0.0627036
540	0.06232
541	0.0619066
542	0.0614849
543	0.0609599
544	0.0605274
545	0.0603125
546	0.060424
547	0.0603669
548	0.0604839
549	0.0603669
550	0.0603016
551	0.0601683
552	0.0600296
553	0.0596107
554	0.0593441
555	0.0588844
556	0.0584763
557	0.0579568
558	0.0575841
559	0.0571081
560	0.0566103
561	0.0562186
562	0.0559357
563	0.0558105
564	0.0562322
565	0.0568034
566	0.0574073
567	0.0579894
568	0.0581445
569	0.0581418
570	0.0580329
571	0.0579269
572	0.0576032
573	0.0569693
574	0.0565912
575	0.0561968
576	0.0558758
577	0.0551957
578	0.0546408
579	0.054026
580	0.0536207
581	0.0532181
582	0.0527666
583	0.0523477
584	0.0517302
585	0.051537
586	0.0512786
587	0.0510311
588	0.0507183
589	0.0505224
590	0.0505088
591	0.0507563
592	0.0504163
593	0.0503646
594	0.0505387
595	0.0513657
596	0.0530196
597	0.0552474
598	0.0579078
599	0.0603451
600	0.0624098
601	0.0637699
602	0.0643276
603	0.0642949
604	0.063963
605	0.0634462
606	0.0629783
607	0.06235
608	0.0616509
609	0.0611449
610	0.0605437
611	0.0602554
612	0.0598881
613	0.0597984
614	0.0601112
615	0.0608729
616	0.0620453
617	0.0631062
618	0.0642732
619	0.0648961
620	0.0653041
621	0.0654837
622	0.065247
623	0.0647084
624	0.0640202
625	0.063536
626	0.0629838
627	0.0623064
628	0.0615801
629	0.0610116
630	0.0605492
631	0.0597902
632	0.0588844
633	0.0580629
634	0.0575542
635	0.0578643
636	0.0587429
637	0.0601874
638	0.061659
639	0.0627525
640	0.063925
641	0.0644772
642	0.0648934
643	0.0648689
644	0.064654
645	0.0641045
646	0.0637046
647	0.0633864
648	0.062962
649	0.062301
650	0.062233
651	0.0628314
652	0.0641888
653	0.0659107
654	0.0673878
655	0.0688023
656	0.0698578
657	0.0702604
658	0.0702468
659	0.0698632
660	0.0692539
661	0.0688295
662	0.0683045
663	0.0680924
664	0.068008
665	0.0680924
666	0.0686282
667	0.0691288
668	0.0695422
669	0.0696592
670	0.0694253
671	0.0690145
672	0.0686174
673	0.0685466
674	0.0678231
675	0.0673389
676	0.0665554
677	0.0660495
678	0.0654401
679	0.0648281
680	0.0642813
681	0.0639331
682	0.0633374
683	0.0627471
684	0.0618712
685	0.0611775
686	0.0608185
687	0.0603288
688	0.0601411
689	0.0598582
690	0.0594121
691	0.0591319
692	0.0587239
693	0.0581254
694	0.0577963
695	0.0573284
696	0.0570428
697	0.0573012
698	0.0596569
699	0.0648281
700	0.0726215
701	0.081484
702	0.0901616
703	0.0919243
704	0.0914346
705	0.0910756
706	0.0907954
707	0.0909314
708	0.0909423
709	0.0912252
710	0.091451
711	0.0915353
712	0.0913449
713	0.0911463
714	0.0910538
715	0.0904363
716	0.0892204
717	0.0879636
718	0.0869218
719	0.0857194
720	0.0846776
721	0.0838153
722	0.0831107
723	0.0822403
724	0.081416
725	0.0806299
726	0.0801212
727	0.0796479
728	0.0791093
729	0.0786686
730	0.0785081
731	0.078111
732	0.0774635
733	0.0770283
734	0.0766148
735	0.0759103
736	0.0753744
737	0.0745039
738	0.0737994
739	0.0735138
740	0.0732581
741	0.0731656
742	0.0728691
743	0.0723822
744	0.0718599
745	0.0713702
746	0.0709486
747	0.0705297
748	0.0699911
749	0.0691451
750	0.0684052
751	0.0676925
752	0.0674749
753	0.06723
754	0.0672355
755	0.0672981
756	0.0671022
757	0.0669199
758	0.066871
759	0.0666289
760	0.0665119
761	0.0661991
762	0.0660359
763	0.0661556
764	0.0669036
765	0.0679155
766	0.0695395
767	0.0715062
768	0.0738239
769	0.0761388
770	0.07813
771	0.0794575
772	0.080279
773	0.0804096
774	0.080298
775	0.0802327
776	0.0805592
777	0.0818431
778	0.0844273
779	0.0885104
780	0.0932599
781	0.0979523
782	0.101247
783	0.103333
784	0.104358
785	0.104231
786	0.103733
787	0.10265
788	0.101377
789	0.0999789
790	0.0987031
791	0.0977075
792	0.0967609
793	0.0958197
794	0.0949165
795	0.0943807
796	0.0938475
797	0.0939617
798	0.0952076
799	0.0978789
800	0.101426
801	0.10478
802	0.107672
803	0.109424
804	0.110294
805	0.110691
806	0.110498
807	0.109728
808	0.108866
809	0.108148
810	0.107228
811	0.10635
812	0.105433
813	0.104522
814	0.103444
815	0.102596
816	0.101464
817	0.100493
818	0.0997014
819	0.0993124
820	0.0991628
821	0.0995709
822	0.0999163
823	0.100422
824	0.100849
825	0.101565
826	0.10212
827	0.102476
828	0.102411
829	0.102305
830	0.101826
831	0.101124
832	0.100387
833	0.0993206
834	0.0982515
835	0.0974627
836	0.096546
837	0.0955232
838	0.094552
839	0.0937713
840	0.0929471
841	0.0922072
842	0.0915679
843	0.0909042
844	0.0901806
845	0.0894217
846	0.0886791
847	0.0880316
848	0.0873162
849	0.0868701
850	0.086424
851	0.0863478
852	0.0862717
853	0.0862281
854	0.0862798
855	0.086307
856	0.0863859
857	0.0863369
858	0.0860867
859	0.0861764
860	0.0859996
861	0.0857548
862	0.085393
863	0.0848299
864	0.0842968
865	0.0837826
866	0.0831597
867	0.0824851
868	0.0816037
869	0.0807713
870	0.0799988
871	0.0790848
872	0.0782252
873	0.07742
874	0.0766883
875	0.0760735
876	0.0755594
877	0.0751405
878	0.0746263
879	0.0741285
880	0.0735437
881	0.0729507
882	0.0723849
883	0.0718544
884	0.0712832
885	0.0708996
886	0.0703719
887	0.0698224
888	0.0692512
889	0.0689492
890	0.0686201
891	0.0682991
892	0.0681957
893	0.067717
894	0.0670614
895	0.0659978
896	0.0649723
897	0.0643248
898	0.063555
899	0.0627389
900	0.0619555
901	0.0610089
902	0.060288
903	0.0597331
904	0.0589932
905	0.0581934
906	0.0576494
907	0.057138
908	0.0565749
909	0.0560227
910	0.0558404
911	0.0558105
912	0.0560118
913	0.0562675
914	0.0567708
915	0.0573257
916	0.0577174
917	0.0577364
918	0.0577718
919	0.0573257
920	0.0571978
921	0.0568143
922	0.056243
923	0.0561315
924	0.055835
925	0.0555031
926	0.0552801
927	0.0548748
928	0.0544205
929	0.0537676
930	0.0534548
931	0.0529488
932	0.0526197
933	0.0523531
934	0.0518526
935	0.0512705
936	0.0507264
937	0.0508624
938	0.0523531
939	0.0563736
940	0.0627036
941	0.0704943
942	0.0782769
943	0.0848843
944	0.0885975
945	0.0885621
946	0.0885838
947	0.088777
948	0.088981
949	0.0889565
950	0.0885975
951	0.087795
952	0.0860486
953	0.0845035
954	0.0833039
955	0.0820227
956	0.0807333
957	0.0796479
958	0.0787883
959	0.0778036
960	0.0766964
961	0.0758205
962	0.075301
963	0.0745638
964	0.0736906
965	0.0729371
966	0.0720285
967	0.0712424
968	0.0706983
969	0.0702332
970	0.0697218
971	0.0691288
972	0.0683997
973	0.0676789
974	0.0671539
975	0.0666751
976	0.0661148
977	0.0656333
978	0.065111
979	0.0646757
980	0.0642786
981	0.0638325
982	0.0635985
983	0.0641779
984	0.0657774
985	0.0679373
986	0.0703012
987	0.0727902
988	0.0746427
989	0.07603
990	0.0764815
991	0.0765985
992	0.0764516
993	0.0761225
994	0.0754669
995	0.0747515
996	0.0740007
997	0.0732581
998	0.0723169
999	0.0712397
1000	0.0705324
1001	0.0697789
1002	0.0693545
1003	0.0690852
1004	0.0692267
1005	0.069768
1006	0.0710438
1007	0.0724257
1008	0.0737858
1009	0.0749691
1010	0.0758423
1011	0.0761578
1012	0.0761524
1013	0.0761361
1014	0.0760898
1015	0.075456
1016	0.0747406
1017	0.0740687
1018	0.0734621
1019	0.0728745
1020	0.0723495
1021	0.0716776
1022	0.0711689
1023	0.0705977
