0	0.000259891
1	0.000224528
2	1.23496e-05
3	-6.92573e-05
4	-0.000210709
5	-0.000278715
6	-0.000289596
7	-5.56561e-05
8	0.000118439
9	0.000297974
10	0.000181004
11	0.000186444
12	8.85161e-05
13	0.000156522
14	7.76351e-05
15	0.000118439
16	0.000170123
17	2.32305e-05
18	-0.000159025
19	-0.000327679
20	-0.000267834
21	-0.00033584
22	-0.000422887
23	-0.000488173
24	-0.000626904
25	-0.000477292
26	-0.000518095
27	-0.000480012
28	-0.000229751
29	-0.000278715
30	-0.000352161
31	-0.00033312
32	-0.000403846
33	-0.000246072
34	-0.000123662
35	5.85935e-05
36	8.30756e-05
37	0.000159242
38	9.62939e-06
39	4.18893e-06
40	3.13912e-05
41	0.000284373
42	0.000469348
43	0.00037686
44	0.000360539
45	0.000496551
46	0.000553675
47	0.000692407
48	0.00072777
49	0.000752252
50	0.000692407
51	0.000632562
52	0.000548235
53	0.00061352
54	0.000458467
55	0.000289813
56	9.66767e-05
57	6.94744e-05
58	0.000221807
59	0.000670645
60	0.00253128
61	0.00991671
62	0.0338819
63	0.0953564
64	0.217565
65	0.405784
66	0.641413
67	0.896108
68	1.14144
69	1.35313
70	1.51646
71	1.62741
72	1.69228
73	1.72092
74	1.72313
75	1.70805
76	1.6828
77	1.65271
78	1.62171
79	1.59262
80	1.56701
81	1.54518
82	1.52687
83	1.51182
84	1.49907
85	1.4879
86	1.47792
87	1.46863
88	1.46019
89	1.45229
90	1.44427
91	1.4362
92	1.4277
93	1.4186
94	1.40871
95	1.39859
96	1.38902
97	1.37949
98	1.36981
99	1.36011
100	1.35047
101	1.34116
102	1.33175
103	1.32239
104	1.31299
105	1.30358
106	1.2937
107	1.28371
108	1.27393
109	1.26439
110	1.25518
111	1.24558
112	1.23537
113	1.22534
114	1.21559
115	1.20688
116	1.1983
117	1.19011
118	1.18115
119	1.17156
120	1.16165
121	1.15192
122	1.14207
123	1.13217
124	1.12211
125	1.11162
126	1.10107
127	1.09022
128	1.07919
129	1.06856
130	1.05819
131	1.04816
132	1.03816
133	1.02795
134	1.01767
135	1.00769
136	0.997624
137	0.988073
138	0.978123
139	0.968547
140	0.958975
141	0.949683
142	0.940899
143	0.932279
144	0.923571
145	0.914635
146	0.905555
147	0.896203
148	0.886951
149	0.877539
150	0.868397
151	0.859809
152	0.851344
153	0.842544
154	0.833972
155	0.82579
156	0.817912
157	0.809615
158	0.801123
159	0.792581
160	0.784151
161	0.775963
162	0.767814
163	0.759705
164	0.751664
165	0.74381
166	0.735971
167	0.728675
168	0.721289
169	0.713752
170	0.706105
171	0.698537
172	0.691198
173	0.684093
174	0.677388
175	0.670802
176	0.664458
177	0.657933
178	0.65114
179	0.64468
180	0.638586
181	0.632596
182	0.626522
183	0.620257
184	0.613813
185	0.606975
186	0.60037
187	0.5945
188	0.588686
189	0.582781
190	0.576347
191	0.569879
192	0.563856
193	0.558516
194	0.554207
195	0.550832
196	0.548427
197	0.54636
198	0.544651
199	0.542423
200	0.539499
201	0.535296
202	0.53009
203	0.524141
204	0.518333
205	0.512683
206	0.507319
207	0.502485
208	0.497567
209	0.492578
210	0.487554
211	0.482867
212	0.478626
213	0.474565
214	0.470324
215	0.465963
216	0.461801
217	0.457647
218	0.45363
219	0.449217
220	0.44474
221	0.440137
222	0.435804
223	0.431444
224	0.427635
225	0.42393
226	0.419844
227	0.415906
228	0.412143
229	0.408267
230	0.404092
231	0.399908
232	0.395615
233	0.391252
234	0.387319
235	0.383638
236	0.380232
237	0.376846
238	0.373299
239	0.369588
240	0.366335
241	0.363051
242	0.360133
243	0.357701
244	0.355454
245	0.353196
246	0.35077
247	0.348183
248	0.34472
249	0.341445
250	0.338458
251	0.335825
252	0.333085
253	0.329789
254	0.326554
255	0.323467
256	0.320338
257	0.31721
258	0.31403
259	0.310992
260	0.308155
261	0.305527
262	0.303212
263	0.300437
264	0.298016
265	0.29513
266	0.2925
267	0.289733
268	0.286858
269	0.284219
270	0.281472
271	0.278686
272	0.275672
273	0.272588
274	0.269802
275	0.267199
276	0.264544
277	0.261734
278	0.258954
279	0.256095
280	0.253203
281	0.250589
282	0.248255
283	0.245973
284	0.243816
285	0.241667
286	0.239705
287	0.237586
288	0.235492
289	0.233471
290	0.231237
291	0.228675
292	0.226036
293	0.223596
294	0.220996
295	0.218542
296	0.216143
297	0.213871
298	0.212098
299	0.210838
300	0.209816
301	0.208931
302	0.208132
303	0.207136
304	0.2061
305	0.204699
306	0.203279
307	0.201761
308	0.199979
309	0.198135
310	0.196601
311	0.195105
312	0.193377
313	0.191922
314	0.190216
315	0.188421
316	0.186862
317	0.18548
318	0.183889
319	0.182314
320	0.180774
321	0.178976
322	0.17754
323	0.175894
324	0.17414
325	0.172546
326	0.170835
327	0.169186
328	0.167576
329	0.166284
330	0.164929
331	0.163351
332	0.161882
333	0.16022
334	0.158643
335	0.157046
336	0.155599
337	0.154717
338	0.154029
339	0.153741
340	0.153414
341	0.153417
342	0.153186
343	0.152525
344	0.151641
345	0.150607
346	0.149454
347	0.148189
348	0.147054
349	0.145819
350	0.144617
351	0.143494
352	0.14231
353	0.141361
354	0.140352
355	0.139275
356	0.138075
357	0.13703
358	0.135782
359	0.134732
360	0.133369
361	0.132202
362	0.130888
363	0.129561
364	0.128617
365	0.127409
366	0.126285
367	0.125067
368	0.123867
369	0.122774
370	0.121762
371	0.120886
372	0.119746
373	0.118783
374	0.117918
375	0.117276
376	0.116678
377	0.11603
378	0.115492
379	0.114841
380	0.114044
381	0.11322
382	0.112467
383	0.111479
384	0.110508
385	0.109529
386	0.108601
387	0.107774
388	0.106792
389	0.105715
390	0.104483
391	0.103686
392	0.102872
393	0.101937
394	0.100772
395	0.099823
396	0.0988492
397	0.0979923
398	0.0971926
399	0.0964282
400	0.0955387
401	0.0946138
402	0.0935991
403	0.0928674
404	0.0923778
405	0.0914338
406	0.0904899
407	0.089478
408	0.0885803
409	0.0879166
410	0.0873916
411	0.0868285
412	0.0862681
413	0.0857758
414	0.0853215
415	0.0849379
416	0.084364
417	0.0837356
418	0.0833548
419	0.0829685
420	0.0826502
421	0.0822476
422	0.0815213
423	0.0806672
424	0.0798593
425	0.0790704
426	0.0781646
427	0.0774682
428	0.0770248
429	0.076546
430	0.0757327
431	0.0752185
432	0.0745548
433	0.0739156
434	0.0733905
435	0.0727948
436	0.0722861
437	0.0717448
438	0.0710593
439	0.0704636
440	0.0698733
441	0.0694952
442	0.0690763
443	0.0684452
444	0.0680235
445	0.0675665
446	0.0669599
447	0.0667559
448	0.0667097
449	0.0669762
450	0.0672891
451	0.0676237
452	0.0678712
453	0.0682466
454	0.0686437
455	0.069536
456	0.0704201
457	0.0715843
458	0.0730342
459	0.0742991
460	0.0752131
461	0.0757571
462	0.0758904
463	0.0755613
464	0.0750934
465	0.0744759
466	0.0737197
467	0.0728356
468	0.0719162
469	0.07116
470	0.0704418
471	0.0699413
472	0.0694435
473	0.0689321
474	0.0681541
475	0.0674169
476	0.0668484
477	0.0661928
478	0.0655889
479	0.0648898
480	0.0642696
481	0.0635569
482	0.0628823
483	0.0621125
484	0.0613753
485	0.0608149
486	0.060377
487	0.0601566
488	0.0601267
489	0.0599118
490	0.0593868
491	0.0587013
492	0.0583123
493	0.0579804
494	0.0574337
495	0.0569712
496	0.0566421
497	0.0563891
498	0.055992
499	0.0557934
500	0.0555948
501	0.0552276
502	0.0548495
503	0.0542292
504	0.0540089
505	0.0537396
506	0.0533588
507	0.0528419
508	0.0523686
509	0.0517919
510	0.0512424
511	0.0508398
512	0.050508
513	0.0504345
514	0.0501761
515	0.0498415
516	0.0494852
517	0.0491696
518	0.0486283
519	0.048038
520	0.0476218
521	0.0473607
522	0.0471594
523	0.046667
524	0.0461474
525	0.0457721
526	0.0453885
527	0.0450947
528	0.044888
529	0.0446568
530	0.0443249
531	0.0439549
532	0.0437509
533	0.0433293
534	0.0427662
535	0.0423772
536	0.0422466
537	0.0421786
538	0.0418522
539	0.0415095
540	0.040843
541	0.0402173
542	0.0398229
543	0.0395101
544	0.0390612
545	0.0386995
546	0.0383213
547	0.0381064
548	0.037984
549	0.0381282
550	0.0382642
551	0.0384356
552	0.0385335
553	0.0384465
554	0.0383975
555	0.0381337
556	0.0380357
557	0.0379215
558	0.0375406
559	0.037304
560	0.0368116
561	0.0365858
562	0.0359901
563	0.0355249
564	0.0353182
565	0.0350326
566	0.0349401
567	0.0348313
568	0.0347823
569	0.0346735
570	0.0344777
571	0.0344069
572	0.0341512
573	0.0340043
574	0.0340859
575	0.0337214
576	0.0331339
577	0.0328074
578	0.0326415
579	0.0321954
580	0.0319669
581	0.0318771
582	0.0316051
583	0.0313494
584	0.0311399
585	0.0308326
586	0.0305007
587	0.0304408
588	0.0305687
589	0.0306612
590	0.0309033
591	0.0312324
592	0.0316867
593	0.0320703
594	0.0324239
595	0.0326687
596	0.0329734
597	0.0333515
598	0.0336507
599	0.0338874
600	0.0342002
601	0.0344967
602	0.0348014
603	0.0348639
604	0.0349455
605	0.0350761
606	0.0352747
607	0.0351169
608	0.0348585
609	0.0347062
610	0.034358
611	0.034241
612	0.0340071
613	0.0337894
614	0.0339744
615	0.0345729
616	0.0363247
617	0.0390966
618	0.0419665
619	0.0446105
620	0.0463215
621	0.0473498
622	0.047902
623	0.0480706
624	0.0479074
625	0.0475429
626	0.0471131
627	0.0466289
628	0.0462127
629	0.0457829
630	0.0454239
631	0.0448689
632	0.0444228
633	0.0442786
634	0.0440229
635	0.0438244
636	0.0439713
637	0.0440393
638	0.044227
639	0.0445561
640	0.0445616
641	0.0445534
642	0.044499
643	0.0445099
644	0.0445126
645	0.0447765
646	0.045141
647	0.045141
648	0.0448853
649	0.0444772
650	0.0442786
651	0.0440665
652	0.0440039
653	0.0442079
654	0.0447139
655	0.0452416
656	0.0457095
657	0.0460169
658	0.0462644
659	0.0463025
660	0.0462345
661	0.0459978
662	0.0459462
663	0.0458346
664	0.0455517
665	0.0451682
666	0.0448309
667	0.0449614
668	0.044956
669	0.0451981
670	0.0455735
671	0.045734
672	0.0458591
673	0.0460604
674	0.0460278
675	0.0458917
676	0.0457476
677	0.0454293
678	0.0452389
679	0.0449261
680	0.044586
681	0.0439903
682	0.0432994
683	0.0427036
684	0.0423663
685	0.0420889
686	0.0416972
687	0.0415639
688	0.0418984
689	0.0419257
690	0.0420426
691	0.0421242
692	0.0421786
693	0.0421433
694	0.0418685
695	0.0415911
696	0.0412728
697	0.0409899
698	0.0408784
699	0.0405302
700	0.0406335
701	0.0416074
702	0.0438516
703	0.047396
704	0.0513594
705	0.0549991
706	0.0576758
707	0.0594113
708	0.0602872
709	0.060396
710	0.0599145
711	0.0591365
712	0.0582334
713	0.0571345
714	0.0560436
715	0.0551215
716	0.0543272
717	0.0534567
718	0.0525645
719	0.0518518
720	0.0515226
721	0.0509078
722	0.0501788
723	0.0496266
724	0.0490146
725	0.0488568
726	0.0487235
727	0.0486256
728	0.0483644
729	0.0478476
730	0.0476327
731	0.0473117
732	0.0469608
733	0.0466942
734	0.0464467
735	0.0463705
736	0.0461882
737	0.0460767
738	0.0460577
739	0.045821
740	0.0456877
741	0.0457231
742	0.0457068
743	0.0453776
744	0.0450947
745	0.0448526
746	0.044499
747	0.0441454
748	0.0435251
749	0.0431906
750	0.0426356
751	0.0423228
752	0.0418032
753	0.0416727
754	0.0416591
755	0.0419882
756	0.0426302
757	0.0429865
758	0.0433293
759	0.0441753
760	0.0454021
761	0.0465174
762	0.0477361
763	0.0491479
764	0.0521047
765	0.0582198
766	0.0669545
767	0.0773566
768	0.0863062
769	0.0900003
770	0.0895569
771	0.0866109
772	0.0834826
773	0.0817607
774	0.0816056
775	0.083877
776	0.0894154
777	0.0979733
778	0.107535
779	0.115731
780	0.117755
781	0.116996
782	0.113843
783	0.110761
784	0.109292
785	0.108963
786	0.10868
787	0.108071
788	0.107432
789	0.106722
790	0.106115
791	0.10571
792	0.10596
793	0.107135
794	0.109534
795	0.112252
796	0.115132
797	0.117423
798	0.118859
799	0.119727
800	0.120086
801	0.12023
802	0.120015
803	0.119349
804	0.118576
805	0.117801
806	0.11714
807	0.116659
808	0.116348
809	0.116044
810	0.115679
811	0.115326
812	0.115103
813	0.114975
814	0.114779
815	0.114523
816	0.114491
817	0.11433
818	0.114379
819	0.114531
820	0.114627
821	0.114896
822	0.115293
823	0.115943
824	0.116707
825	0.117271
826	0.117706
827	0.117518
828	0.117532
829	0.11748
830	0.117464
831	0.117181
832	0.116871
833	0.116887
834	0.116596
835	0.116406
836	0.116359
837	0.116335
838	0.116259
839	0.116066
840	0.115965
841	0.115764
842	0.115464
843	0.115334
844	0.115236
845	0.115418
846	0.115511
847	0.11587
848	0.115998
849	0.116131
850	0.116756
851	0.117681
852	0.118764
853	0.120151
854	0.121781
855	0.123394
856	0.124694
857	0.124493
858	0.124534
859	0.124653
860	0.12477
861	0.12477
862	0.124615
863	0.124183
864	0.123737
865	0.123214
866	0.122953
867	0.122542
868	0.122461
869	0.12227
870	0.122015
871	0.121585
872	0.121302
873	0.120921
874	0.120635
875	0.120257
876	0.119969
877	0.119751
878	0.119634
879	0.119368
880	0.119139
881	0.118878
882	0.117834
883	0.117042
884	0.116659
885	0.116316
886	0.115891
887	0.115377
888	0.114607
889	0.113857
890	0.113451
891	0.112799
892	0.112246
893	0.111686
894	0.111419
895	0.110949
896	0.110405
897	0.109888
898	0.109379
899	0.109175
900	0.108612
901	0.108356
902	0.108112
903	0.107742
904	0.107309
905	0.106923
906	0.106817
907	0.106561
908	0.10636
909	0.105862
910	0.105525
911	0.105
912	0.104464
913	0.103735
914	0.103161
915	0.102658
916	0.10241
917	0.102073
918	0.101744
919	0.101096
920	0.10047
921	0.0998448
922	0.0994449
923	0.0990913
924	0.0986588
925	0.0982262
926	0.0979733
927	0.0980494
928	0.0979379
929	0.0977584
930	0.0976006
931	0.0971572
932	0.0967138
933	0.0963901
934	0.0957835
935	0.0952748
936	0.094864
937	0.0944016
938	0.0939772
939	0.0938059
940	0.0939963
941	0.0945186
942	0.0951578
943	0.0959902
944	0.0965261
945	0.096692
946	0.0968471
947	0.0968063
948	0.096741
949	0.0966213
950	0.0963602
951	0.0958297
952	0.0954924
953	0.0952476
954	0.0947688
955	0.0941541
956	0.0935964
957	0.0931231
958	0.0927287
959	0.0923859
960	0.0918636
961	0.0913604
962	0.0907211
963	0.0899023
964	0.0890155
965	0.0882131
966	0.0871876
967	0.0862491
968	0.085482
969	0.08484
970	0.0840375
971	0.0832813
972	0.0826856
973	0.0825033
974	0.0821633
975	0.081505
976	0.0811486
977	0.0808141
978	0.0806236
979	0.0806481
980	0.081116
981	0.0825251
982	0.0845789
983	0.0868176
984	0.0884715
985	0.0894372
986	0.0897663
987	0.0895242
988	0.0890999
989	0.0882512
990	0.0872664
991	0.0860777
992	0.0848128
993	0.0837247
994	0.0827617
995	0.0818151
996	0.080912
997	0.0802102
998	0.0795083
999	0.078714
1000	0.0780013
1001	0.07746
1002	0.0768588
1003	0.0761108
1004	0.075477
1005	0.0754226
1006	0.0765759
1007	0.079726
1008	0.0836594
1009	0.0877914
1010	0.0911128
1011	0.0935012
1012	0.0947498
1013	0.0951143
1014	0.0943934
1015	0.0934359
1016	0.0921547
1017	0.0908843
1018	0.0893012
1019	0.0880036
1020	0.0868149
1021	0.0857622
1022	0.0845408
1023	0.0835914
