0	-0.000272292
1	-7.64354e-05
2	-6.55545e-05
3	2.14929e-05
4	8.67784e-05
5	0.000331599
6	0.000277194
7	0.00034248
8	0.000429527
9	0.000565539
10	0.000239111
11	2.14929e-05
12	-0.00025053
13	-0.000435506
14	-0.0003675
15	-0.000405583
16	-0.000323976
17	-0.000119959
18	-9.27568e-05
19	-1.65903e-05
20	-2.68968e-07
21	-7.64354e-05
22	-4.65129e-05
23	-8.73163e-05
24	4.32547e-05
25	4.86952e-05
26	2.42131e-05
27	0.000195588
28	4.32547e-05
29	1.0612e-05
30	-0.000307655
31	-0.000470869
32	-0.000451827
33	-0.000228768
34	-0.000122679
35	4.05345e-05
36	0.000326159
37	0.00058186
38	0.000638985
39	0.000622664
40	0.00081852
41	0.000739634
42	0.000418646
43	7.58975e-05
44	-0.000212447
45	-0.000446387
46	-0.000582398
47	-0.000623202
48	-0.00059872
49	-0.000261411
50	0.000122141
51	0.000638985
52	0.000761395
53	0.000685229
54	0.000532896
55	0.000326159
56	0.000565539
57	0.0020535
58	0.00721378
59	0.022156
60	0.0582099
61	0.129643
62	0.238197
63	0.371591
64	0.513805
65	0.652539
66	0.781628
67	0.898184
68	1.00112
69	1.0893
70	1.16275
71	1.2221
72	1.26823
73	1.30206
74	1.32579
75	1.34188
76	1.35312
77	1.36229
78	1.37078
79	1.37923
80	1.38683
81	1.39332
82	1.3978
83	1.39929
84	1.39837
85	1.39675
86	1.39554
87	1.39498
88	1.39577
89	1.39747
90	1.39866
91	1.39755
92	1.39287
93	1.38447
94	1.37335
95	1.36115
96	1.35027
97	1.34186
98	1.33658
99	1.33402
100	1.33172
101	1.32824
102	1.32178
103	1.31159
104	1.29778
105	1.28227
106	1.26738
107	1.25477
108	1.24531
109	1.23874
110	1.2345
111	1.23002
112	1.22376
113	1.21516
114	1.20441
115	1.19269
116	1.18131
117	1.17135
118	1.16307
119	1.15591
120	1.14842
121	1.13943
122	1.12828
123	1.1152
124	1.1011
125	1.08771
126	1.0768
127	1.06915
128	1.06446
129	1.06051
130	1.05495
131	1.04579
132	1.0321
133	1.01437
134	0.994954
135	0.976954
136	0.963296
137	0.955176
138	0.952268
139	0.952456
140	0.953046
141	0.95127
142	0.944428
143	0.931447
144	0.913347
145	0.892502
146	0.872394
147	0.856198
148	0.846299
149	0.842931
150	0.843829
151	0.846377
152	0.847572
153	0.844539
154	0.835823
155	0.822094
156	0.805215
157	0.787452
158	0.771383
159	0.759104
160	0.751937
161	0.748365
162	0.747024
163	0.746164
164	0.744091
165	0.739524
166	0.732476
167	0.723048
168	0.712025
169	0.700366
170	0.689173
171	0.678474
172	0.668695
173	0.661092
174	0.655088
175	0.650515
176	0.646688
177	0.643601
178	0.640453
179	0.636903
180	0.631041
181	0.622805
182	0.612465
183	0.600096
184	0.586971
185	0.575369
186	0.567127
187	0.562943
188	0.562323
189	0.564088
190	0.565862
191	0.565225
192	0.560438
193	0.551148
194	0.538545
195	0.524147
196	0.510383
197	0.499559
198	0.493411
199	0.492527
200	0.495577
201	0.499921
202	0.502929
203	0.502287
204	0.496093
205	0.485487
206	0.471628
207	0.457423
208	0.444877
209	0.436009
210	0.431814
211	0.43151
212	0.433838
213	0.43614
214	0.436597
215	0.434157
216	0.428362
217	0.419851
218	0.409702
219	0.399942
220	0.391441
221	0.385633
222	0.382168
223	0.380886
224	0.380718
225	0.38069
226	0.379866
227	0.377685
228	0.373906
229	0.368645
230	0.362277
231	0.355349
232	0.348102
233	0.340929
234	0.334623
235	0.32933
236	0.325802
237	0.323917
238	0.323587
239	0.32411
240	0.324191
241	0.322845
242	0.319211
243	0.313057
244	0.304946
245	0.295953
246	0.287917
247	0.282474
248	0.279803
249	0.280001
250	0.281826
251	0.284109
252	0.285257
253	0.283948
254	0.279307
255	0.272083
256	0.263223
257	0.254727
258	0.248188
259	0.24503
260	0.245473
261	0.248944
262	0.25331
263	0.256713
264	0.257693
265	0.255019
266	0.249001
267	0.240678
268	0.231872
269	0.224664
270	0.22027
271	0.218513
272	0.219522
273	0.222106
274	0.224696
275	0.226051
276	0.225297
277	0.222158
278	0.217001
279	0.210877
280	0.204379
281	0.198631
282	0.194855
283	0.193109
284	0.192796
285	0.193302
286	0.194085
287	0.194586
288	0.194113
289	0.192268
290	0.189393
291	0.185435
292	0.180688
293	0.176009
294	0.171777
295	0.168232
296	0.16583
297	0.165088
298	0.165635
299	0.166674
300	0.167397
301	0.166962
302	0.165129
303	0.161984
304	0.157482
305	0.152694
306	0.148097
307	0.1444
308	0.14233
309	0.142094
310	0.142798
311	0.144017
312	0.144645
313	0.14393
314	0.141501
315	0.137934
316	0.133506
317	0.128707
318	0.124698
319	0.122016
320	0.121039
321	0.121512
322	0.122652
323	0.123232
324	0.122935
325	0.121561
326	0.118983
327	0.115367
328	0.111162
329	0.107457
330	0.104576
331	0.10277
332	0.101878
333	0.102065
334	0.10271
335	0.103597
336	0.103806
337	0.103197
338	0.101755
339	0.0994677
340	0.0964536
341	0.0936355
342	0.0914702
343	0.0899904
344	0.0891961
345	0.0890981
346	0.0894654
347	0.0898952
348	0.0899877
349	0.0894572
350	0.0884235
351	0.0864214
352	0.0834101
353	0.0805104
354	0.0776949
355	0.0752141
356	0.073756
357	0.0735792
358	0.0743246
359	0.0752576
360	0.0759921
361	0.0759349
362	0.0747843
363	0.0727332
364	0.0695859
365	0.0657232
366	0.0623936
367	0.06028
368	0.0594694
369	0.0597033
370	0.0606935
371	0.0620835
372	0.0630873
373	0.0631091
374	0.0618061
375	0.0592055
376	0.0556584
377	0.0519017
378	0.0487816
379	0.0468584
380	0.0462164
381	0.0469128
382	0.0481723
383	0.0497527
384	0.0508
385	0.0506994
386	0.0492767
387	0.0472175
388	0.0444755
389	0.0419457
390	0.039405
391	0.0377456
392	0.0370846
393	0.0375552
394	0.0386542
395	0.0396879
396	0.0403299
397	0.0403543
398	0.0396144
399	0.0381809
400	0.0360373
401	0.033736
402	0.0316088
403	0.0298597
404	0.0287444
405	0.0286029
406	0.0288804
407	0.0299739
408	0.0318019
409	0.0337551
410	0.0351206
411	0.0356021
412	0.0351505
413	0.034106
414	0.0327241
415	0.0313667
416	0.0305534
417	0.0304146
418	0.0310376
419	0.0321202
420	0.0337306
421	0.0354552
422	0.0359884
423	0.0357082
424	0.0344623
425	0.0324031
426	0.0297318
427	0.0267858
428	0.0247185
429	0.0242261
430	0.0249306
431	0.0264621
432	0.0283989
433	0.0303004
434	0.0312525
435	0.0307791
436	0.0291824
437	0.0269572
438	0.0245253
439	0.0223763
440	0.0208639
441	0.0208911
442	0.0218894
443	0.0229367
444	0.0237392
445	0.024324
446	0.0242805
447	0.0233828
448	0.0218405
449	0.0202056
450	0.0190985
451	0.0179614
452	0.0172215
453	0.0172269
454	0.0176676
455	0.0180213
456	0.0183885
457	0.0182878
458	0.0180593
459	0.0177982
460	0.0170474
461	0.0157254
462	0.0142673
463	0.013114
464	0.0119633
465	0.0109922
466	0.0106522
467	0.0108072
468	0.0113159
469	0.0116369
470	0.0119524
471	0.0122924
472	0.0119361
473	0.0107011
474	0.00885136
475	0.00707505
476	0.00553812
477	0.00460508
478	0.00420249
479	0.00477645
480	0.00569045
481	0.00638683
482	0.00667517
483	0.00606584
484	0.00488254
485	0.00317424
486	0.00144417
487	-2.20308e-05
488	-0.000666725
489	-0.000566077
490	-0.000343018
491	0.00046217
492	0.00124288
493	0.00168627
494	0.00149042
495	0.000731473
496	-0.000500791
497	-0.00173306
498	-0.00285379
499	-0.00368618
500	-0.0041323
501	-0.00416222
502	-0.00394732
503	-0.00350937
504	-0.00325638
505	-0.00328903
506	-0.00378139
507	-0.00462466
508	-0.00554682
509	-0.00596573
510	-0.00649346
511	-0.00708647
512	-0.00743466
513	-0.00773388
514	-0.00789438
515	-0.00801407
516	-0.00805487
517	-0.00761963
518	-0.00760059
519	-0.00780733
520	-0.00825345
521	-0.00895527
522	-0.00954556
523	-0.0101304
524	-0.0108757
525	-0.0118197
526	-0.0122603
527	-0.0119965
528	-0.0118986
529	-0.0120536
530	-0.0118714
531	-0.0118033
532	-0.0120971
533	-0.0127391
534	-0.0136422
535	-0.0144229
536	-0.0152118
537	-0.0158456
538	-0.0158783
539	-0.0158157
540	-0.0155301
541	-0.0152553
542	-0.0153233
543	-0.0157776
544	-0.0164169
545	-0.0172193
546	-0.0178015
547	-0.0179239
548	-0.0173689
549	-0.0167406
550	-0.0160496
551	-0.0154022
552	-0.0149289
553	-0.0151003
554	-0.0158266
555	-0.0163489
556	-0.0169419
557	-0.0175485
558	-0.0175485
559	-0.0166834
560	-0.0147956
561	-0.0125079
562	-0.0101413
563	-0.00795422
564	-0.00613439
565	-0.00486676
566	-0.0038902
567	-0.00299524
568	-0.0019806
569	-0.00120805
570	-0.000402862
571	0.000638986
572	0.00169716
573	0.00213511
574	0.00206439
575	0.00166723
576	0.00103886
577	0.000483933
578	-0.000283172
579	-0.000751052
580	-0.00121349
581	-0.00115909
582	-0.00105844
583	-0.00115909
584	-0.00120261
585	-0.00102307
586	-0.000895224
587	-0.00119445
588	-0.00193435
589	-0.00255728
590	-0.00322646
591	-0.00417582
592	-0.00488852
593	-0.00514422
594	-0.00492388
595	-0.00470083
596	-0.00450497
597	-0.00419486
598	-0.00354473
599	-0.00333527
600	-0.00356105
601	-0.00382491
602	-0.00413774
603	-0.00497829
604	-0.00603102
605	-0.00706471
606	-0.00760331
607	-0.00733945
608	-0.00733945
609	-0.00696406
610	-0.00615887
611	-0.00570731
612	-0.00569371
613	-0.00625136
614	-0.00682532
615	-0.00781277
616	-0.00903959
617	-0.0100352
618	-0.0102419
619	-0.010163
620	-0.00973597
621	-0.00962716
622	-0.00903415
623	-0.00857171
624	-0.00862884
625	-0.00907495
626	-0.0100787
627	-0.0105221
628	-0.0113681
629	-0.0120128
630	-0.0124181
631	-0.0120781
632	-0.0116646
633	-0.0110009
634	-0.0105847
635	-0.0102256
636	-0.0095918
637	-0.0096326
638	-0.00990463
639	-0.0102283
640	-0.0102637
641	-0.0101712
642	-0.0105167
643	-0.0106962
644	-0.0109574
645	-0.0110118
646	-0.0112756
647	-0.0111804
648	-0.0111124
649	-0.0107697
650	-0.0108921
651	-0.0109846
652	-0.0108975
653	-0.0109138
654	-0.0111804
655	-0.0113654
656	-0.0112647
657	-0.0108023
658	-0.0104677
659	-0.0102773
660	-0.0101413
661	-0.0103915
662	-0.0109274
663	-0.0116646
664	-0.0121216
665	-0.0120373
666	-0.0114198
667	-0.0106881
668	-0.00978494
669	-0.0084629
670	-0.00712183
671	-0.00614527
672	-0.00608542
673	-0.00618335
674	-0.00678452
675	-0.00752714
676	-0.00826977
677	-0.00854995
678	-0.00847106
679	-0.0081936
680	-0.00794878
681	-0.00758699
682	-0.00751626
683	-0.00764411
684	-0.00783181
685	-0.00819088
686	-0.0088927
687	-0.00957548
688	-0.00999983
689	-0.0102365
690	-0.0104378
691	-0.0104051
692	-0.0104242
693	-0.0104514
694	-0.0106527
695	-0.0107289
696	-0.0108159
697	-0.0110553
698	-0.0112675
699	-0.0114987
700	-0.0118605
701	-0.0121815
702	-0.0115721
703	-0.0112348
704	-0.0107588
705	-0.0102419
706	-0.00973053
707	-0.00921369
708	-0.00908584
709	-0.00911848
710	-0.00904503
711	-0.00920009
712	-0.00969517
713	-0.0102419
714	-0.0106309
715	-0.0105874
716	-0.0104541
717	-0.010329
718	-0.0103834
719	-0.0101766
720	-0.00963532
721	-0.00955372
722	-0.010125
723	-0.0104623
724	-0.0111995
725	-0.0120754
726	-0.0131281
727	-0.0134627
728	-0.0132423
729	-0.0129649
730	-0.012905
731	-0.0124181
732	-0.0123011
733	-0.0125188
734	-0.013324
735	-0.0141128
736	-0.0147358
737	-0.0156606
738	-0.0160931
739	-0.0165855
740	-0.0165474
741	-0.0162836
742	-0.0159626
743	-0.0158075
744	-0.0159979
745	-0.0162428
746	-0.0168603
747	-0.0178749
748	-0.0188215
749	-0.0193873
750	-0.0197002
751	-0.0197627
752	-0.0194934
753	-0.0190664
754	-0.0187481
755	-0.0190092
756	-0.0190745
757	-0.0189467
758	-0.0191534
759	-0.0192269
760	-0.0194744
761	-0.0197301
762	-0.0195179
763	-0.0193928
764	-0.0188515
765	-0.0182775
766	-0.0179674
767	-0.0176002
768	-0.0174696
769	-0.0175022
770	-0.0176437
771	-0.017796
772	-0.0178912
773	-0.0173744
774	-0.0162264
775	-0.0149561
776	-0.013362
777	-0.0119366
778	-0.010582
779	-0.009551
780	-0.00898247
781	-0.00903687
782	-0.00902055
783	-0.00898519
784	-0.00936602
785	-0.00947755
786	-0.00934426
787	-0.00859075
788	-0.00702934
789	-0.00553322
790	-0.00384123
791	-0.00217917
792	-0.000884344
793	-0.000163483
794	8.40582e-05
795	-8.73163e-05
796	-0.000386542
797	-0.000391982
798	-0.000258691
799	0.00035608
800	0.00102526
801	0.00180324
802	0.00221944
803	0.00218135
804	0.00141969
805	0.000772276
806	-0.000351179
807	-0.0013495
808	-0.00205676
809	-0.00269602
810	-0.00288371
811	-0.00257905
812	-0.00206764
813	-0.00171401
814	-0.00135766
815	-0.00112372
816	-0.00147191
817	-0.00190715
818	-0.00252192
819	-0.00322102
820	-0.00418398
821	-0.00449681
822	-0.00441248
823	-0.00428191
824	-0.0039038
825	-0.00349849
826	-0.00309589
827	-0.00288643
828	-0.00306597
829	-0.00326999
830	-0.00375691
831	-0.00453217
832	-0.00560666
833	-0.00679268
834	-0.0075217
835	-0.00782093
836	-0.00776108
837	-0.00704838
838	-0.00616431
839	-0.00542713
840	-0.00513334
841	-0.00559578
842	-0.006284
843	-0.00721976
844	-0.00823168
845	-0.00914296
846	-0.00950475
847	-0.00925449
848	-0.00861252
849	-0.00797598
850	-0.00744554
851	-0.00737481
852	-0.00756523
853	-0.00823712
854	-0.00920825
855	-0.00977405
856	-0.0102447
857	-0.0105058
858	-0.0101576
859	-0.0100488
860	-0.00971965
861	-0.00961084
862	-0.00958092
863	-0.00958364
864	-0.0100134
865	-0.0108105
866	-0.0115041
867	-0.0121298
868	-0.012769
869	-0.0131716
870	-0.0133865
871	-0.0133267
872	-0.0135497
873	-0.0136205
874	-0.0138517
875	-0.0138408
876	-0.0137973
877	-0.0140829
878	-0.0146895
879	-0.0152091
880	-0.0157994
881	-0.0165229
882	-0.0172955
883	-0.017709
884	-0.0177552
885	-0.0175267
886	-0.0174968
887	-0.0173934
888	-0.0172656
889	-0.0171132
890	-0.0175566
891	-0.0179429
892	-0.0186148
893	-0.0196186
894	-0.0204537
895	-0.0207556
896	-0.0204863
897	-0.0201817
898	-0.0197464
899	-0.0195995
900	-0.0197491
901	-0.0200076
902	-0.0209188
903	-0.0220423
904	-0.0229753
905	-0.0234187
906	-0.0236635
907	-0.0235656
908	-0.0231685
909	-0.0227822
910	-0.0225129
911	-0.0230433
912	-0.0234459
913	-0.02362
914	-0.0239519
915	-0.0245939
916	-0.0249992
917	-0.0250536
918	-0.0250753
919	-0.0247081
920	-0.0244687
921	-0.0240009
922	-0.0241233
923	-0.0245259
924	-0.0251216
925	-0.0255378
926	-0.0260002
927	-0.0264926
928	-0.0268789
929	-0.0270557
930	-0.0271536
931	-0.0275562
932	-0.0279425
933	-0.0282009
934	-0.0282254
935	-0.0281084
936	-0.0281982
937	-0.0282852
938	-0.0281492
939	-0.0282254
940	-0.0286144
941	-0.0288347
942	-0.0290931
943	-0.0290578
944	-0.0290061
945	-0.0291176
946	-0.0288918
947	-0.0286987
948	-0.0280622
949	-0.0278418
950	-0.0277167
951	-0.0280431
952	-0.0282553
953	-0.028598
954	-0.0289952
955	-0.0295148
956	-0.0295664
957	-0.0296073
958	-0.0294332
959	-0.0292863
960	-0.029357
961	-0.029289
962	-0.0291883
963	-0.0292672
964	-0.029901
965	-0.0302193
966	-0.0303771
967	-0.0308314
968	-0.0312911
969	-0.0317481
970	-0.0318569
971	-0.0319303
972	-0.0320038
973	-0.0317481
974	-0.0314896
975	-0.0313917
976	-0.0313047
977	-0.0313373
978	-0.0313509
979	-0.0316284
980	-0.031778
981	-0.0318514
982	-0.031729
983	-0.0315087
984	-0.0312176
985	-0.0306491
986	-0.0299092
987	-0.029172
988	-0.0285083
989	-0.0279914
990	-0.0279316
991	-0.0280377
992	-0.0282526
993	-0.0290795
994	-0.0299554
995	-0.0301323
996	-0.0298929
997	-0.0296345
998	-0.0290088
999	-0.0282635
1000	-0.0275589
1001	-0.0266449
1002	-0.0258914
1003	-0.0253338
1004	-0.0247217
1005	-0.024243
1006	-0.0237506
1007	-0.0230569
1008	-0.0222817
1009	-0.0214275
1010	-0.0207039
1011	-0.0201082
1012	-0.0196267
1013	-0.0194037
1014	-0.0193112
1015	-0.0194581
1016	-0.019926
1017	-0.020353
1018	-0.0207719
1019	-0.0212072
1020	-0.0212915
1021	-0.0214085
1022	-0.021267
1023	-0.0212861
