0	0.000917369
1	0.000985375
2	0.00117579
3	0.00117579
4	0.00117851
5	0.000852083
6	0.000397805
7	0.000302597
8	9.58595e-05
9	0.000191068
10	0.000283555
11	0.000416847
12	0.000414126
13	0.000482132
14	0.000653507
15	0.000958172
16	0.000993535
17	0.000582781
18	0.000191068
19	0.000120342
20	-1.56699e-05
21	5.77763e-05
22	-0.000434585
23	-0.000796376
24	-0.00107112
25	-0.00141115
26	-0.00121257
27	-0.00119897
28	-0.0012969
29	-0.00119625
30	-0.000897024
31	-0.000701168
32	-0.000660364
33	-0.00060596
34	-0.000418264
35	-0.000282252
36	-0.000263211
37	-0.000423704
38	-0.000543394
39	-0.000540674
40	-0.000192485
41	0.000133943
42	0.000191068
43	0.000302597
44	0.000291716
45	0.000242752
46	-7.50919e-06
47	-1.29496e-05
48	0.000144824
49	0.000449489
50	0.000517495
51	0.000370603
52	0.000378763
53	0.000547418
54	0.000726953
55	0.00104522
56	0.00103978
57	0.00107514
58	0.00131452
59	0.00232645
60	0.00438294
61	0.0132645
62	0.0517095
63	0.179389
64	0.489365
65	1.05059
66	1.83742
67	2.72889
68	3.58504
69	4.30339
70	4.83339
71	5.17076
72	5.34132
73	5.38689
74	5.34905
75	5.26282
76	5.15497
77	5.0436
78	4.94019
79	4.84977
80	4.77453
81	4.71336
82	4.66484
83	4.62646
84	4.59542
85	4.56887
86	4.54512
87	4.52285
88	4.5011
89	4.47931
90	4.457
91	4.43377
92	4.40877
93	4.38231
94	4.35524
95	4.32767
96	4.30017
97	4.27353
98	4.24778
99	4.22276
100	4.19761
101	4.17181
102	4.14468
103	4.11643
104	4.08704
105	4.05722
106	4.02755
107	3.99847
108	3.96957
109	3.94084
110	3.91163
111	3.88217
112	3.85275
113	3.82348
114	3.79452
115	3.76666
116	3.74018
117	3.71564
118	3.69272
119	3.67067
120	3.64691
121	3.61806
122	3.58884
123	3.55965
124	3.53105
125	3.50285
126	3.47486
127	3.44658
128	3.41798
129	3.38816
130	3.35691
131	3.32602
132	3.29611
133	3.26659
134	3.23668
135	3.20715
136	3.17806
137	3.14903
138	3.11977
139	3.09109
140	3.06302
141	3.03426
142	3.00593
143	2.97874
144	2.95237
145	2.92632
146	2.90078
147	2.87542
148	2.85039
149	2.82565
150	2.80097
151	2.77612
152	2.75121
153	2.7267
154	2.70168
155	2.67599
156	2.6505
157	2.62497
158	2.5995
159	2.57454
160	2.55016
161	2.5267
162	2.50441
163	2.4833
164	2.46244
165	2.44151
166	2.41976
167	2.39712
168	2.37408
169	2.35099
170	2.32817
171	2.30617
172	2.28466
173	2.26365
174	2.2421
175	2.2199
176	2.19748
177	2.17488
178	2.15178
179	2.12952
180	2.10808
181	2.08754
182	2.06719
183	2.04764
184	2.02932
185	2.01116
186	1.99284
187	1.97467
188	1.95653
189	1.93811
190	1.91983
191	1.90234
192	1.88532
193	1.8686
194	1.85188
195	1.83544
196	1.81938
197	1.80394
198	1.78913
199	1.77567
200	1.76303
201	1.75036
202	1.73702
203	1.72305
204	1.70844
205	1.69352
206	1.67802
207	1.66157
208	1.64454
209	1.6273
210	1.61002
211	1.5924
212	1.57497
213	1.5584
214	1.5426
215	1.5274
216	1.51196
217	1.4965
218	1.48172
219	1.46759
220	1.45323
221	1.43853
222	1.42371
223	1.40862
224	1.39375
225	1.37918
226	1.3653
227	1.35157
228	1.33791
229	1.32489
230	1.31162
231	1.29818
232	1.28468
233	1.27182
234	1.26002
235	1.24882
236	1.23773
237	1.22617
238	1.21467
239	1.20348
240	1.1936
241	1.18512
242	1.17807
243	1.17157
244	1.16432
245	1.15608
246	1.14678
247	1.13727
248	1.12747
249	1.11737
250	1.10706
251	1.09694
252	1.08708
253	1.07729
254	1.06712
255	1.05646
256	1.04574
257	1.03527
258	1.02544
259	1.01596
260	1.00694
261	0.998124
262	0.989577
263	0.980676
264	0.971732
265	0.962962
266	0.954415
267	0.945852
268	0.937256
269	0.928391
270	0.91955
271	0.911112
272	0.903272
273	0.895639
274	0.887968
275	0.879979
276	0.871486
277	0.863056
278	0.854487
279	0.846403
280	0.838909
281	0.831559
282	0.824015
283	0.816907
284	0.810025
285	0.803222
286	0.795771
287	0.788467
288	0.781343
289	0.77399
290	0.766942
291	0.759954
292	0.7533
293	0.74675
294	0.739735
295	0.732346
296	0.725078
297	0.718571
298	0.713792
299	0.710541
300	0.707821
301	0.705062
302	0.701722
303	0.697644
304	0.692707
305	0.68774
306	0.682748
307	0.677792
308	0.672395
309	0.666925
310	0.661231
311	0.65596
312	0.65059
313	0.645092
314	0.639331
315	0.633575
316	0.62777
317	0.622343
318	0.616979
319	0.61205
320	0.607061
321	0.601541
322	0.595448
323	0.589785
324	0.584061
325	0.578351
326	0.572965
327	0.567938
328	0.56286
329	0.557827
330	0.553203
331	0.54869
332	0.544223
333	0.53955
334	0.534662
335	0.529793
336	0.525769
337	0.523482
338	0.522407
339	0.521461
340	0.519875
341	0.517913
342	0.515642
343	0.512446
344	0.50882
345	0.504372
346	0.499209
347	0.494043
348	0.489626
349	0.486263
350	0.483326
351	0.480461
352	0.477126
353	0.473867
354	0.470288
355	0.466384
356	0.462587
357	0.459001
358	0.455275
359	0.451621
360	0.447854
361	0.444375
362	0.441146
363	0.437288
364	0.433518
365	0.429596
366	0.425893
367	0.422836
368	0.419955
369	0.416971
370	0.413794
371	0.410396
372	0.406906
373	0.403324
374	0.399866
375	0.396384
376	0.392951
377	0.389361
378	0.38608
379	0.383028
380	0.380109
381	0.37734
382	0.374367
383	0.371029
384	0.367898
385	0.364767
386	0.361835
387	0.359272
388	0.356432
389	0.353511
390	0.350807
391	0.348119
392	0.345549
393	0.343033
394	0.340375
395	0.338324
396	0.335848
397	0.332663
398	0.329665
399	0.326825
400	0.324467
401	0.322185
402	0.319622
403	0.317087
404	0.314979
405	0.312811
406	0.310575
407	0.308042
408	0.305257
409	0.303181
410	0.301538
411	0.300061
412	0.299014
413	0.297784
414	0.296187
415	0.294025
416	0.291724
417	0.28933
418	0.287028
419	0.284727
420	0.282214
421	0.279531
422	0.276539
423	0.273539
424	0.270541
425	0.267682
426	0.264725
427	0.261738
428	0.259005
429	0.25645
430	0.254187
431	0.252207
432	0.250243
433	0.248246
434	0.246307
435	0.244408
436	0.242504
437	0.240776
438	0.23912
439	0.237651
440	0.236016
441	0.233897
442	0.232175
443	0.230624
444	0.229351
445	0.228029
446	0.226631
447	0.225377
448	0.223867
449	0.22263
450	0.221721
451	0.221754
452	0.221982
453	0.222347
454	0.222994
455	0.223925
456	0.225048
457	0.226637
458	0.228407
459	0.229689
460	0.230113
461	0.229789
462	0.228935
463	0.227518
464	0.225842
465	0.223805
466	0.22198
467	0.219994
468	0.217967
469	0.215973
470	0.213963
471	0.211931
472	0.210204
473	0.208351
474	0.206287
475	0.204546
476	0.203226
477	0.202193
478	0.201208
479	0.200226
480	0.199328
481	0.198218
482	0.197106
483	0.195618
484	0.194519
485	0.193365
486	0.192275
487	0.191173
488	0.189655
489	0.187944
490	0.185915
491	0.1841
492	0.18268
493	0.181054
494	0.179677
495	0.178524
496	0.177131
497	0.175804
498	0.174716
499	0.173709
500	0.172235
501	0.171106
502	0.170156
503	0.168976
504	0.167752
505	0.166481
506	0.165317
507	0.164112
508	0.163046
509	0.161939
510	0.161327
511	0.160559
512	0.159722
513	0.158612
514	0.157589
515	0.156585
516	0.155187
517	0.153925
518	0.152812
519	0.151713
520	0.150489
521	0.149747
522	0.14911
523	0.148555
524	0.147755
525	0.146646
526	0.145215
527	0.143849
528	0.142579
529	0.141017
530	0.139611
531	0.138455
532	0.137767
533	0.136777
534	0.135697
535	0.134731
536	0.133722
537	0.132832
538	0.131796
539	0.130819
540	0.129753
541	0.128918
542	0.127792
543	0.12647
544	0.125305
545	0.124696
546	0.12354
547	0.122455
548	0.121951
549	0.121519
550	0.121799
551	0.121921
552	0.121755
553	0.121791
554	0.121453
555	0.121157
556	0.120844
557	0.120436
558	0.119617
559	0.118937
560	0.118244
561	0.117642
562	0.11715
563	0.116448
564	0.116097
565	0.115632
566	0.115227
567	0.115015
568	0.114949
569	0.114783
570	0.114307
571	0.113266
572	0.111895
573	0.110796
574	0.109748
575	0.108902
576	0.108094
577	0.107131
578	0.106158
579	0.105687
580	0.105154
581	0.104487
582	0.103851
583	0.10341
584	0.103062
585	0.102205
586	0.101199
587	0.100391
588	0.0998576
589	0.0994196
590	0.0987015
591	0.0980405
592	0.0976868
593	0.09785
594	0.0982309
595	0.0984403
596	0.0985464
597	0.0986906
598	0.0987722
599	0.098949
600	0.0998168
601	0.101264
602	0.103222
603	0.105197
604	0.106794
605	0.108051
606	0.108671
607	0.109231
608	0.109656
609	0.109381
610	0.108818
611	0.108103
612	0.107491
613	0.106887
614	0.106147
615	0.105807
616	0.106041
617	0.107692
618	0.110583
619	0.114544
620	0.118303
621	0.12172
622	0.124152
623	0.125014
624	0.125294
625	0.125248
626	0.124402
627	0.122819
628	0.121171
629	0.119438
630	0.117955
631	0.116671
632	0.115844
633	0.115308
634	0.114854
635	0.114539
636	0.114416
637	0.114794
638	0.115183
639	0.115918
640	0.116791
641	0.117887
642	0.118322
643	0.118029
644	0.117721
645	0.117245
646	0.116794
647	0.115901
648	0.11502
649	0.114076
650	0.11323
651	0.113491
652	0.115077
653	0.118363
654	0.122803
655	0.127177
656	0.1307
657	0.132911
658	0.133956
659	0.133977
660	0.133172
661	0.132204
662	0.130988
663	0.129949
664	0.129092
665	0.128387
666	0.127851
667	0.127911
668	0.128866
669	0.130087
670	0.131241
671	0.132106
672	0.132337
673	0.132057
674	0.131178
675	0.130183
676	0.129073
677	0.127677
678	0.126499
679	0.125798
680	0.124865
681	0.124195
682	0.123643
683	0.123056
684	0.122359
685	0.121364
686	0.120866
687	0.120455
688	0.119949
689	0.119272
690	0.118295
691	0.117648
692	0.117632
693	0.117871
694	0.118238
695	0.118306
696	0.118328
697	0.117738
698	0.117041
699	0.116802
700	0.118907
701	0.126111
702	0.14031
703	0.152029
704	0.151031
705	0.150312
706	0.15019
707	0.150508
708	0.15087
709	0.150467
710	0.149689
711	0.14966
712	0.149548
713	0.14908
714	0.148114
715	0.1475
716	0.146501
717	0.145903
718	0.145508
719	0.145168
720	0.144469
721	0.143457
722	0.142538
723	0.141597
724	0.141085
725	0.140604
726	0.139869
727	0.13913
728	0.138273
729	0.137269
730	0.136377
731	0.135759
732	0.135128
733	0.134364
734	0.134045
735	0.13339
736	0.132536
737	0.131945
738	0.131301
739	0.130553
740	0.130006
741	0.129796
742	0.129922
743	0.130153
744	0.129815
745	0.129024
746	0.128417
747	0.128055
748	0.12796
749	0.127533
750	0.127416
751	0.126921
752	0.12632
753	0.126679
754	0.128499
755	0.131059
756	0.133548
757	0.135571
758	0.137144
759	0.138047
760	0.138463
761	0.138999
762	0.139967
763	0.140944
764	0.141866
765	0.142807
766	0.144146
767	0.147383
768	0.154145
769	0.165023
770	0.178625
771	0.181886
772	0.180548
773	0.179476
774	0.179163
775	0.179996
776	0.183964
777	0.195286
778	0.216248
779	0.221419
780	0.221403
781	0.221011
782	0.22072
783	0.220002
784	0.219107
785	0.218285
786	0.217644
787	0.217252
788	0.21658
789	0.215954
790	0.215165
791	0.214834
792	0.214749
793	0.217853
794	0.228326
795	0.248181
796	0.251225
797	0.250528
798	0.249718
799	0.24885
800	0.248328
801	0.248042
802	0.247123
803	0.246162
804	0.24499
805	0.243861
806	0.242904
807	0.241908
808	0.241157
809	0.2403
810	0.239525
811	0.239035
812	0.238788
813	0.238497
814	0.238255
815	0.237852
816	0.237327
817	0.236536
818	0.235809
819	0.235583
820	0.235883
821	0.237031
822	0.238029
823	0.239169
824	0.240262
825	0.241696
826	0.243075
827	0.243845
828	0.243578
829	0.242607
830	0.240997
831	0.239686
832	0.238374
833	0.237107
834	0.235616
835	0.23424
836	0.232994
837	0.231927
838	0.230945
839	0.230195
840	0.2298
841	0.229215
842	0.228285
843	0.227398
844	0.226699
845	0.226267
846	0.225957
847	0.225853
848	0.226147
849	0.226038
850	0.226245
851	0.227056
852	0.228203
853	0.229686
854	0.231068
855	0.231707
856	0.231484
857	0.230975
858	0.230189
859	0.229379
860	0.228505
861	0.227882
862	0.227053
863	0.226074
864	0.224863
865	0.224101
866	0.223152
867	0.222249
868	0.221482
869	0.220872
870	0.220255
871	0.219404
872	0.218441
873	0.217314
874	0.216305
875	0.215331
876	0.213849
877	0.212402
878	0.211169
879	0.209665
880	0.208411
881	0.207361
882	0.206488
883	0.2055
884	0.20506
885	0.204434
886	0.203479
887	0.20232
888	0.201445
889	0.200492
890	0.199638
891	0.198392
892	0.197155
893	0.196175
894	0.19512
895	0.193953
896	0.192737
897	0.191638
898	0.190689
899	0.189699
900	0.189038
901	0.188281
902	0.187275
903	0.1861
904	0.184595
905	0.183056
906	0.181826
907	0.181075
908	0.180469
909	0.179966
910	0.179348
911	0.178924
912	0.178614
913	0.17863
914	0.178758
915	0.178649
916	0.178388
917	0.178271
918	0.177643
919	0.176957
920	0.176127
921	0.175311
922	0.174433
923	0.173467
924	0.173179
925	0.174748
926	0.178241
927	0.18295
928	0.187346
929	0.190074
930	0.189756
931	0.189176
932	0.188801
933	0.188379
934	0.187359
935	0.185648
936	0.184217
937	0.182874
938	0.181753
939	0.181168
940	0.180999
941	0.182245
942	0.185107
943	0.189095
944	0.193303
945	0.197283
946	0.200702
947	0.20284
948	0.203713
949	0.203553
950	0.202826
951	0.202092
952	0.20071
953	0.199157
954	0.197625
955	0.195868
956	0.194614
957	0.193243
958	0.191722
959	0.190039
960	0.188662
961	0.187482
962	0.186617
963	0.185708
964	0.184606
965	0.183679
966	0.182653
967	0.181554
968	0.180447
969	0.179427
970	0.178872
971	0.178282
972	0.177653
973	0.176748
974	0.175591
975	0.174939
976	0.173687
977	0.17242
978	0.171117
979	0.169531
980	0.168073
981	0.167306
982	0.167836
983	0.169335
984	0.171454
985	0.174582
986	0.177564
987	0.179889
988	0.180703
989	0.180501
990	0.179343
991	0.177555
992	0.176002
993	0.174732
994	0.173238
995	0.171748
996	0.170015
997	0.168383
998	0.167191
999	0.165905
1000	0.164817
1001	0.163982
1002	0.162853
1003	0.161327
1004	0.159855
1005	0.158489
1006	0.158138
1007	0.159496
1008	0.163089
1009	0.16785
1010	0.173298
1011	0.178344
1012	0.182106
1013	0.183488
1014	0.183344
1015	0.182142
1016	0.180433
1017	0.178257
1018	0.175692
1019	0.17338
1020	0.171024
1021	0.168962
1022	0.167074
1023	0.165195
