0	3.88974e-05
1	-9.98343e-05
2	1.44154e-05
3	-0.000146078
4	-0.000124316
5	-0.00029025
6	-0.000488827
7	-0.000423542
8	-0.000510589
9	-0.00063844
10	-0.000608517
11	-0.000684684
12	-0.000684684
13	-0.000428982
14	-0.000586755
15	-0.000545952
16	-0.000548672
17	-0.00076357
18	-0.000793493
19	-0.000703725
20	-0.000749969
21	-0.000630279
22	-0.00052691
23	-0.000502428
24	-0.000627559
25	-0.000483387
26	-0.000254887
27	4.16177e-05
28	0.000101463
29	0.000104183
30	0.000313641
31	0.000392527
32	0.000482295
33	0.000463253
34	0.000280998
35	0.000125945
36	9.60223e-05
37	0.000525819
38	0.000596545
39	0.00042789
40	0.000604705
41	0.000844085
42	0.00106714
43	0.0012358
44	0.000925692
45	0.00107258
46	0.000993698
47	0.000830484
48	0.000686312
49	0.000580223
50	0.000721675
51	0.000882169
52	0.0007788
53	0.000680872
54	0.000395248
55	0.000291879
56	0.000125945
57	6.06593e-05
58	0.000430611
59	0.00201106
60	0.006426
61	0.0173994
62	0.0445908
63	0.109632
64	0.243869
65	0.469061
66	0.774943
67	1.11966
68	1.45275
69	1.73243
70	1.93698
71	2.06324
72	2.12339
73	2.13624
74	2.12043
75	2.09038
76	2.0542
77	2.01792
78	1.98415
79	1.95474
80	1.93005
81	1.90932
82	1.89213
83	1.87757
84	1.865
85	1.85423
86	1.84457
87	1.8348
88	1.82423
89	1.81287
90	1.80206
91	1.79274
92	1.7836
93	1.77289
94	1.76048
95	1.74722
96	1.7337
97	1.71994
98	1.70675
99	1.69373
100	1.68057
101	1.66768
102	1.65471
103	1.64149
104	1.62803
105	1.61452
106	1.60118
107	1.58745
108	1.5738
109	1.56005
110	1.54604
111	1.53261
112	1.52058
113	1.51032
114	1.50235
115	1.49659
116	1.49111
117	1.48351
118	1.47327
119	1.46117
120	1.44818
121	1.43468
122	1.42085
123	1.40712
124	1.39338
125	1.37956
126	1.36634
127	1.3533
128	1.34044
129	1.32733
130	1.31366
131	1.29957
132	1.28572
133	1.27266
134	1.26015
135	1.24802
136	1.23554
137	1.2231
138	1.2107
139	1.19831
140	1.18662
141	1.17479
142	1.16282
143	1.15055
144	1.1387
145	1.12756
146	1.11719
147	1.10703
148	1.09729
149	1.08687
150	1.0762
151	1.06534
152	1.05443
153	1.04378
154	1.03329
155	1.02224
156	1.01087
157	0.999057
158	0.987548
159	0.976484
160	0.966414
161	0.956967
162	0.948221
163	0.94021
164	0.932792
165	0.925496
166	0.917994
167	0.910228
168	0.902013
169	0.893545
170	0.884987
171	0.876717
172	0.868219
173	0.859142
174	0.849956
175	0.841281
176	0.833169
177	0.824753
178	0.816355
179	0.808143
180	0.800216
181	0.792183
182	0.7838
183	0.775098
184	0.766483
185	0.758137
186	0.749372
187	0.740684
188	0.732398
189	0.724387
190	0.71643
191	0.708653
192	0.70145
193	0.694323
194	0.687536
195	0.680937
196	0.674708
197	0.668405
198	0.662137
199	0.656199
200	0.650571
201	0.645196
202	0.639973
203	0.634587
204	0.628828
205	0.622732
206	0.617074
207	0.611571
208	0.605905
209	0.600249
210	0.594417
211	0.588748
212	0.582818
213	0.576823
214	0.570577
215	0.564748
216	0.559272
217	0.553929
218	0.549025
219	0.544003
220	0.539003
221	0.533914
222	0.52896
223	0.523882
224	0.518621
225	0.513436
226	0.508251
227	0.503526
228	0.499065
229	0.494487
230	0.489979
231	0.485532
232	0.481103
233	0.476433
234	0.471634
235	0.466926
236	0.462617
237	0.45818
238	0.45343
239	0.44898
240	0.444851
241	0.441195
242	0.43764
243	0.433975
244	0.430442
245	0.426935
246	0.423391
247	0.420154
248	0.416569
249	0.412548
250	0.408144
251	0.403993
252	0.400272
253	0.396357
254	0.392122
255	0.388232
256	0.384843
257	0.381859
258	0.379225
259	0.376467
260	0.373766
261	0.370572
262	0.366979
263	0.363266
264	0.35946
265	0.355709
266	0.351882
267	0.348256
268	0.344602
269	0.341319
270	0.33791
271	0.334355
272	0.331036
273	0.327982
274	0.324709
275	0.321578
276	0.318357
277	0.315346
278	0.312512
279	0.309723
280	0.306924
281	0.304389
282	0.301927
283	0.299245
284	0.296702
285	0.294311
286	0.291955
287	0.289343
288	0.286534
289	0.283827
290	0.28136
291	0.279077
292	0.276839
293	0.274834
294	0.272753
295	0.270449
296	0.268409
297	0.266358
298	0.26475
299	0.263292
300	0.26166
301	0.259829
302	0.257947
303	0.256127
304	0.254318
305	0.252321
306	0.250137
307	0.247683
308	0.244952
309	0.242621
310	0.240121
311	0.238151
312	0.236245
313	0.234395
314	0.231985
315	0.229787
316	0.227602
317	0.225505
318	0.223634
319	0.221474
320	0.219401
321	0.217483
322	0.215606
323	0.213966
324	0.212309
325	0.210443
326	0.208547
327	0.206904
328	0.205253
329	0.203591
330	0.201845
331	0.200047
332	0.198488
333	0.197408
334	0.197043
335	0.197563
336	0.198768
337	0.20015
338	0.200792
339	0.200824
340	0.200305
341	0.199032
342	0.197318
343	0.195234
344	0.193156
345	0.190917
346	0.188815
347	0.186889
348	0.185316
349	0.183665
350	0.182463
351	0.181799
352	0.181429
353	0.18104
354	0.180551
355	0.179609
356	0.178595
357	0.177738
358	0.176473
359	0.174816
360	0.17291
361	0.171092
362	0.16909
363	0.167194
364	0.165127
365	0.1635
366	0.161816
367	0.160339
368	0.1589
369	0.157665
370	0.156409
371	0.155106
372	0.154064
373	0.153468
374	0.152715
375	0.151773
376	0.150462
377	0.149156
378	0.148123
379	0.146991
380	0.145936
381	0.144799
382	0.143721
383	0.142753
384	0.141725
385	0.140677
386	0.139859
387	0.138771
388	0.137908
389	0.136804
390	0.13568
391	0.134552
392	0.133306
393	0.132375
394	0.131197
395	0.129889
396	0.128706
397	0.127193
398	0.12582
399	0.124759
400	0.123458
401	0.122403
402	0.121301
403	0.120692
404	0.120238
405	0.119862
406	0.119449
407	0.119024
408	0.118266
409	0.117368
410	0.116696
411	0.116149
412	0.11542
413	0.114612
414	0.113834
415	0.113179
416	0.112493
417	0.111873
418	0.110989
419	0.110143
420	0.108951
421	0.107812
422	0.106745
423	0.10585
424	0.104994
425	0.104077
426	0.103231
427	0.102592
428	0.102001
429	0.10137
430	0.100557
431	0.0996374
432	0.0990444
433	0.0983643
434	0.0971919
435	0.0961174
436	0.0953258
437	0.0946213
438	0.0939303
439	0.0929674
440	0.092135
441	0.0914114
442	0.0907613
443	0.0900731
444	0.0894529
445	0.0888272
446	0.0880927
447	0.0876412
448	0.0869747
449	0.086039
450	0.0853399
451	0.0846244
452	0.0843633
453	0.083958
454	0.0838818
455	0.0842844
456	0.0847305
457	0.0852093
458	0.0854432
459	0.0855874
460	0.0854487
461	0.0853779
462	0.0849345
463	0.0847251
464	0.0844694
465	0.0839661
466	0.0833895
467	0.0827638
468	0.0820076
469	0.081401
470	0.0808678
471	0.0800218
472	0.0793826
473	0.0786998
474	0.0779354
475	0.07722
476	0.0764638
477	0.0758571
478	0.0753349
479	0.0748779
480	0.0744154
481	0.0738959
482	0.07336
483	0.0727425
484	0.0721957
485	0.0715129
486	0.0709226
487	0.0703079
488	0.0698264
489	0.0693476
490	0.068994
491	0.0687057
492	0.0685805
493	0.0679603
494	0.0671932
495	0.0667036
496	0.0662466
497	0.0657488
498	0.0654631
499	0.0651122
500	0.0645464
501	0.064133
502	0.0635835
503	0.063325
504	0.0628816
505	0.0626205
506	0.0620982
507	0.0616385
508	0.0611597
509	0.0606402
510	0.0601968
511	0.0598023
512	0.0592637
513	0.0586762
514	0.0583497
515	0.0581539
516	0.0579852
517	0.0575609
518	0.0571637
519	0.0567829
520	0.0563014
521	0.0558879
522	0.0554065
523	0.0554119
524	0.0552106
525	0.054925
526	0.0544544
527	0.0540055
528	0.0535621
529	0.0529174
530	0.0524686
531	0.051998
532	0.0515791
533	0.0511547
534	0.0507929
535	0.0503904
536	0.0500938
537	0.0497402
538	0.049577
539	0.0493159
540	0.0490493
541	0.048644
542	0.048051
543	0.0478333
544	0.0474634
545	0.0472376
546	0.0468758
547	0.0469493
548	0.0471478
549	0.0471859
550	0.0472458
551	0.0471234
552	0.0473111
553	0.0473138
554	0.0471152
555	0.0467561
556	0.0463753
557	0.045834
558	0.0454178
559	0.045056
560	0.0446996
561	0.0444983
562	0.0443106
563	0.044161
564	0.0444494
565	0.044871
566	0.0454069
567	0.0456299
568	0.045668
569	0.0456272
570	0.045396
571	0.0450913
572	0.0447024
573	0.044297
574	0.0439053
575	0.043179
576	0.0425588
577	0.0422215
578	0.0418189
579	0.0415931
580	0.0412177
581	0.0406737
582	0.0404316
583	0.0402439
584	0.0399283
585	0.039708
586	0.0394822
587	0.0392374
588	0.0389219
589	0.038745
590	0.0385546
591	0.0386172
592	0.0386526
593	0.0385954
594	0.0385002
595	0.0384322
596	0.0389763
597	0.0399637
598	0.041264
599	0.0428852
600	0.044365
601	0.0454259
602	0.0459101
603	0.0463127
604	0.0465711
605	0.0465521
606	0.0462937
607	0.0462094
608	0.045989
609	0.045736
610	0.0453933
611	0.0454205
612	0.0451621
613	0.0449635
614	0.0449363
615	0.0453008
616	0.0458149
617	0.0465222
618	0.0468867
619	0.0469112
620	0.0469248
621	0.0466718
622	0.0466174
623	0.0466011
624	0.0466745
625	0.0464433
626	0.0460217
627	0.0455701
628	0.0453362
629	0.0451185
630	0.0448356
631	0.0445391
632	0.044327
633	0.0443977
634	0.0444249
635	0.0450288
636	0.045989
637	0.047137
638	0.0480999
639	0.0491853
640	0.0499388
641	0.0505862
642	0.0508337
643	0.0506977
644	0.0502734
645	0.0501047
646	0.0499823
647	0.0497076
648	0.0495607
649	0.0495552
650	0.049781
651	0.0502707
652	0.0512064
653	0.0525012
654	0.0535513
655	0.0544517
656	0.0546856
657	0.0545985
658	0.0545659
659	0.0541715
660	0.0540191
661	0.0533853
662	0.0531759
663	0.0531595
664	0.0531079
665	0.0531133
666	0.0530399
667	0.0529066
668	0.0526291
669	0.0523598
670	0.0518484
671	0.0512989
672	0.0507657
673	0.0504964
674	0.0500449
675	0.0495444
676	0.0492288
677	0.0489922
678	0.0489187
679	0.0486521
680	0.0484726
681	0.0483883
682	0.0482876
683	0.0481298
684	0.0478197
685	0.0476484
686	0.0474171
687	0.0472811
688	0.0470281
689	0.0469873
690	0.0468323
691	0.0465222
692	0.046359
693	0.0461359
694	0.0457116
695	0.0458802
696	0.0476429
697	0.0522265
698	0.0590869
699	0.0669457
700	0.0738088
701	0.0784414
702	0.0811589
703	0.0818389
704	0.0811861
705	0.0798695
706	0.0784196
707	0.0771656
708	0.0761999
709	0.075411
710	0.0747119
711	0.0741461
712	0.0735259
713	0.0729193
714	0.0725466
715	0.0720978
716	0.071717
717	0.0711593
718	0.0705663
719	0.0697393
720	0.0691708
721	0.0682677
722	0.0677073
723	0.0672367
724	0.0667172
725	0.0662629
726	0.0656808
727	0.0652129
728	0.0646661
729	0.0640269
730	0.0633386
731	0.0628136
732	0.0623539
733	0.0618126
734	0.0612332
735	0.0609394
736	0.0604606
737	0.0601941
738	0.0597996
739	0.0593372
740	0.0589455
741	0.0585021
742	0.0580342
743	0.0578166
744	0.0573405
745	0.0567611
746	0.0560076
747	0.0554609
748	0.0549141
749	0.0546475
750	0.0544272
751	0.0543809
752	0.0543184
753	0.0542368
754	0.0541796
755	0.054351
756	0.0542422
757	0.0541116
758	0.0533037
759	0.0525421
760	0.0523108
761	0.0522374
762	0.0522945
763	0.052406
764	0.0524849
765	0.0527189
766	0.0527787
767	0.0527379
768	0.0529338
769	0.0538831
770	0.0551861
771	0.0568645
772	0.0581811
773	0.0592882
774	0.0602838
775	0.0612549
776	0.0626531
777	0.0650769
778	0.0684554
779	0.0720597
780	0.0752233
781	0.0774131
782	0.0783679
783	0.0782564
784	0.0773587
785	0.0763087
786	0.0752097
787	0.0741352
788	0.0730879
789	0.0720053
790	0.0714422
791	0.0709362
792	0.0704357
793	0.0699325
794	0.0695272
795	0.0691273
796	0.0689369
797	0.0687057
798	0.0693068
799	0.0707622
800	0.0729628
801	0.0758544
802	0.0789691
803	0.0816104
804	0.0835472
805	0.0844259
806	0.0846108
807	0.0843579
808	0.0840831
809	0.0832344
810	0.0822578
811	0.0813112
812	0.0804462
813	0.0795703
814	0.0786916
815	0.0777613
816	0.0769398
817	0.0762434
818	0.0757973
819	0.0761754
820	0.0768963
821	0.0777368
822	0.0783598
823	0.0787896
824	0.0788004
825	0.0789174
826	0.0787569
827	0.0781938
828	0.0774403
829	0.0767548
830	0.0759768
831	0.0750737
832	0.0743746
833	0.0734987
834	0.0727153
835	0.0722093
836	0.0715728
837	0.0707377
838	0.0699107
839	0.0689287
840	0.0682323
841	0.0675169
842	0.0669402
843	0.0665648
844	0.0660915
845	0.0657433
846	0.0654849
847	0.0654142
848	0.0651966
849	0.0650442
850	0.0647804
851	0.064492
852	0.0645247
853	0.0643342
854	0.06422
855	0.0639534
856	0.0635753
857	0.0635155
858	0.0632462
859	0.0628871
860	0.0627674
861	0.0626667
862	0.0624029
863	0.0623458
864	0.0619921
865	0.0614046
866	0.0609285
867	0.0606728
868	0.0601696
869	0.0597153
870	0.0594922
871	0.0591359
872	0.058872
873	0.0583525
874	0.0578547
875	0.0571583
876	0.0566115
877	0.0561464
878	0.0556785
879	0.0554282
880	0.0549413
881	0.0546421
882	0.0538314
883	0.0530807
884	0.0524713
885	0.0519762
886	0.0515655
887	0.0511547
888	0.0505971
889	0.0503414
890	0.049762
891	0.0493485
892	0.0489187
893	0.0483447
894	0.0479013
895	0.0472566
896	0.0470662
897	0.0468405
898	0.0465684
899	0.0463345
900	0.0457986
901	0.0450505
902	0.0445772
903	0.044229
904	0.0436551
905	0.043315
906	0.0429043
907	0.0425751
908	0.0423004
909	0.0422188
910	0.0421345
911	0.0422895
912	0.0423902
913	0.0427111
914	0.0425098
915	0.0421073
916	0.0420773
917	0.041857
918	0.0415877
919	0.0415523
920	0.0411878
921	0.0409756
922	0.0408831
923	0.0408287
924	0.040603
925	0.0402956
926	0.0398767
927	0.0397978
928	0.0395176
929	0.039047
930	0.0386471
931	0.0384649
932	0.03788
933	0.0373985
934	0.0370177
935	0.0366641
936	0.0366287
937	0.037472
938	0.040048
939	0.0441637
940	0.0492315
941	0.0543592
942	0.0585619
943	0.0618126
944	0.0637086
945	0.064201
946	0.0639126
947	0.0632026
948	0.0624056
949	0.0614916
950	0.0604579
951	0.0595167
952	0.0588938
953	0.0582709
954	0.0577867
955	0.0574493
956	0.0571175
957	0.0568427
958	0.0564973
959	0.0559913
960	0.0556839
961	0.0553112
962	0.054993
963	0.0548434
964	0.0545469
965	0.0541007
966	0.0539049
967	0.0537607
968	0.0534615
969	0.0529909
970	0.0525693
971	0.0523027
972	0.0521014
973	0.0517586
974	0.0515247
975	0.0512935
976	0.0510024
977	0.0506923
978	0.0504176
979	0.0499633
980	0.0495008
981	0.0492343
982	0.0491989
983	0.0491118
984	0.0494546
985	0.0504148
986	0.0519409
987	0.0534697
988	0.0547971
989	0.0554772
990	0.0559315
991	0.05579
992	0.0557628
993	0.0554962
994	0.0552079
995	0.0546394
996	0.0541062
997	0.0539212
998	0.053709
999	0.0534316
1000	0.0532384
1001	0.0527597
1002	0.0524985
1003	0.0522428
1004	0.052017
1005	0.0519926
1006	0.0526373
1007	0.053505
1008	0.0544489
1009	0.0552759
1010	0.0557193
1011	0.0560049
1012	0.0558308
1013	0.0554473
1014	0.0550202
1015	0.0542259
1016	0.0537553
1017	0.0532493
1018	0.0526345
1019	0.0524196
1020	0.0520279
1021	0.0515328
1022	0.0511683
1023	0.050812
