0	0.00159569
1	0.00145967
2	0.0012747
3	0.000986355
4	0.000485833
5	0.000156685
6	-0.000229588
7	-0.000275832
8	-0.000224147
9	6.4197e-05
10	0.000630005
11	0.00102988
12	0.00112509
13	0.000921069
14	0.000488553
15	0.000260054
16	-0.000215987
17	-0.000536974
18	-0.000507051
19	-0.000180624
20	-0.000161582
21	-0.000292153
22	-0.00025679
23	-0.000575057
24	-0.000463528
25	-0.000167023
26	-0.000275832
27	-0.000324796
28	-0.000678426
29	-0.000877002
30	-0.00125783
31	-0.00112182
32	-0.00101573
33	-0.000983091
34	-0.00114086
35	-0.000915086
36	-0.00072467
37	-0.000145261
38	0.000129483
39	0.000374303
40	0.000132203
41	-0.000300314
42	-0.000444486
43	-0.000109898
44	0.000194768
45	0.000425988
46	0.000589201
47	0.000714332
48	0.000749695
49	0.000613683
50	0.000523916
51	0.000730653
52	0.000798659
53	0.00069529
54	0.000281815
55	-0.000164302
56	-0.000460807
57	-0.000248629
58	0.000208369
59	0.0010326
60	0.00318158
61	0.0121257
62	0.0484897
63	0.162378
64	0.429681
65	0.904211
66	1.56652
67	2.31994
68	3.03744
69	3.62066
70	4.02507
71	4.25822
72	4.35563
73	4.36038
74	4.30967
75	4.23165
76	4.14629
77	4.06595
78	3.99638
79	3.93941
80	3.895
81	3.86106
82	3.83386
83	3.81136
84	3.79164
85	3.77256
86	3.75358
87	3.73432
88	3.71548
89	3.69759
90	3.67971
91	3.65451
92	3.62418
93	3.59992
94	3.5824
95	3.56533
96	3.54564
97	3.52403
98	3.50285
99	3.48294
100	3.46324
101	3.4425
102	3.42047
103	3.39742
104	3.37382
105	3.34978
106	3.32545
107	3.30098
108	3.27669
109	3.25303
110	3.22958
111	3.2063
112	3.18271
113	3.15951
114	3.13665
115	3.11335
116	3.08983
117	3.06876
118	3.0494
119	3.02982
120	3.00987
121	2.9894
122	2.96873
123	2.94703
124	2.92468
125	2.90146
126	2.8776
127	2.85327
128	2.82861
129	2.80346
130	2.77798
131	2.75231
132	2.72739
133	2.70305
134	2.67849
135	2.65348
136	2.62871
137	2.6038
138	2.57918
139	2.5542
140	2.52957
141	2.50527
142	2.48135
143	2.4581
144	2.43556
145	2.41359
146	2.39199
147	2.37096
148	2.35039
149	2.32967
150	2.30925
151	2.28902
152	2.26894
153	2.24833
154	2.22652
155	2.20444
156	2.1826
157	2.16048
158	2.13856
159	2.11675
160	2.09581
161	2.07559
162	2.05658
163	2.0383
164	2.02027
165	2.00234
166	1.9842
167	1.96528
168	1.94678
169	1.92806
170	1.90854
171	1.8886
172	1.86861
173	1.84885
174	1.82872
175	1.80875
176	1.78968
177	1.77148
178	1.75382
179	1.7365
180	1.71944
181	1.70211
182	1.68498
183	1.66852
184	1.65224
185	1.63638
186	1.62058
187	1.60492
188	1.58899
189	1.57315
190	1.55678
191	1.5401
192	1.52372
193	1.50818
194	1.49405
195	1.48072
196	1.4685
197	1.45716
198	1.44635
199	1.43484
200	1.42284
201	1.41064
202	1.39815
203	1.38512
204	1.37219
205	1.35912
206	1.34575
207	1.33257
208	1.32002
209	1.30744
210	1.29486
211	1.28185
212	1.26868
213	1.2563
214	1.24455
215	1.23307
216	1.22169
217	1.20988
218	1.19747
219	1.18491
220	1.17228
221	1.15998
222	1.14772
223	1.13503
224	1.12274
225	1.11067
226	1.09913
227	1.0877
228	1.07645
229	1.06573
230	1.05551
231	1.04577
232	1.036
233	1.02616
234	1.01639
235	1.00732
236	0.998718
237	0.990386
238	0.982138
239	0.97355
240	0.965134
241	0.957373
242	0.950143
243	0.943804
244	0.937654
245	0.930891
246	0.923509
247	0.915411
248	0.906926
249	0.897601
250	0.887876
251	0.878007
252	0.868171
253	0.858748
254	0.849725
255	0.840539
256	0.831464
257	0.822251
258	0.813446
259	0.805013
260	0.797549
261	0.790849
262	0.784766
263	0.77919
264	0.773717
265	0.767974
266	0.761807
267	0.75452
268	0.747379
269	0.740078
270	0.733068
271	0.72599
272	0.719035
273	0.712087
274	0.704955
275	0.697806
276	0.690766
277	0.684088
278	0.677848
279	0.671692
280	0.665479
281	0.659393
282	0.653297
283	0.647055
284	0.641293
285	0.63591
286	0.630605
287	0.624705
288	0.618454
289	0.611887
290	0.605465
291	0.598474
292	0.592122
293	0.586257
294	0.580953
295	0.575763
296	0.570184
297	0.564838
298	0.56094
299	0.558685
300	0.557273
301	0.555405
302	0.552937
303	0.549523
304	0.54522
305	0.540305
306	0.535612
307	0.53055
308	0.525349
309	0.520074
310	0.5152
311	0.510534
312	0.505885
313	0.501672
314	0.497812
315	0.494014
316	0.489874
317	0.485701
318	0.481387
319	0.477282
320	0.472772
321	0.468129
322	0.46364
323	0.459283
324	0.45505
325	0.450608
326	0.445733
327	0.44159
328	0.438018
329	0.434488
330	0.430867
331	0.427159
332	0.4238
333	0.420438
334	0.416597
335	0.413172
336	0.409704
337	0.406725
338	0.40456
339	0.403047
340	0.402049
341	0.400836
342	0.398844
343	0.396546
344	0.393847
345	0.390423
346	0.387262
347	0.384191
348	0.38171
349	0.380238
350	0.378636
351	0.376941
352	0.374945
353	0.372515
354	0.370116
355	0.367124
356	0.36451
357	0.361689
358	0.359047
359	0.356197
360	0.353553
361	0.351045
362	0.348779
363	0.346077
364	0.342917
365	0.339707
366	0.336475
367	0.333276
368	0.330265
369	0.327098
370	0.324054
371	0.320896
372	0.317999
373	0.315355
374	0.313005
375	0.310584
376	0.308168
377	0.305848
378	0.303427
379	0.301014
380	0.298531
381	0.296145
382	0.294314
383	0.292111
384	0.289415
385	0.286725
386	0.284081
387	0.281341
388	0.278831
389	0.276295
390	0.273567
391	0.270945
392	0.268526
393	0.266277
394	0.26425
395	0.261946
396	0.259359
397	0.257047
398	0.254765
399	0.252684
400	0.25032
401	0.247649
402	0.244817
403	0.241895
404	0.239298
405	0.237418
406	0.235598
407	0.234113
408	0.232731
409	0.231153
410	0.229603
411	0.228175
412	0.227095
413	0.226162
414	0.225182
415	0.224298
416	0.223292
417	0.222372
418	0.221483
419	0.220185
420	0.218518
421	0.216467
422	0.214029
423	0.211657
424	0.209549
425	0.207457
426	0.205458
427	0.203747
428	0.201644
429	0.199759
430	0.197999
431	0.19672
432	0.195475
433	0.194226
434	0.192782
435	0.191378
436	0.189787
437	0.188462
438	0.187308
439	0.185878
440	0.183816
441	0.181893
442	0.180119
443	0.179001
444	0.178054
445	0.176583
446	0.174959
447	0.173272
448	0.171773
449	0.170745
450	0.169554
451	0.168773
452	0.168411
453	0.16837
454	0.168561
455	0.16889
456	0.169665
457	0.171218
458	0.173367
459	0.174929
460	0.176153
461	0.176925
462	0.176846
463	0.176123
464	0.175138
465	0.1739
466	0.172625
467	0.171158
468	0.169526
469	0.167889
470	0.166235
471	0.164513
472	0.162639
473	0.160969
474	0.159617
475	0.158126
476	0.156733
477	0.155542
478	0.154824
479	0.153871
480	0.152851
481	0.151663
482	0.150577
483	0.149315
484	0.147939
485	0.147006
486	0.146184
487	0.145417
488	0.144332
489	0.143282
490	0.142204
491	0.14119
492	0.139908
493	0.138736
494	0.13773
495	0.137134
496	0.136089
497	0.135118
498	0.134667
499	0.134253
500	0.133929
501	0.133478
502	0.132651
503	0.131168
504	0.129534
505	0.128358
506	0.127074
507	0.126291
508	0.125728
509	0.125037
510	0.123886
511	0.123016
512	0.122107
513	0.121278
514	0.120312
515	0.119175
516	0.118041
517	0.116607
518	0.115467
519	0.114531
520	0.113155
521	0.112034
522	0.111316
523	0.110696
524	0.110538
525	0.110337
526	0.109883
527	0.109034
528	0.107902
529	0.106626
530	0.105691
531	0.104687
532	0.103876
533	0.103025
534	0.10207
535	0.101507
536	0.100993
537	0.100343
538	0.0996573
539	0.0991295
540	0.0983896
541	0.0975028
542	0.0968037
543	0.096072
544	0.0951063
545	0.0940264
546	0.0928812
547	0.0921929
548	0.0914721
549	0.091823
550	0.0922065
551	0.0927043
552	0.0932212
553	0.0937435
554	0.0934796
555	0.0929464
556	0.0922229
557	0.0918012
558	0.0912844
559	0.0904683
560	0.0893231
561	0.0882187
562	0.0873101
563	0.0861323
564	0.0848918
565	0.0842961
566	0.0841655
567	0.0845056
568	0.0843505
569	0.0838391
570	0.0835399
571	0.0830285
572	0.0826368
573	0.082003
574	0.0812277
575	0.0806945
576	0.0801695
577	0.0796799
578	0.0794487
579	0.0785727
580	0.0774874
581	0.076606
582	0.0757791
583	0.0753302
584	0.0748433
585	0.0744462
586	0.0738395
587	0.0730371
588	0.0726209
589	0.0721176
590	0.0715138
591	0.0716198
592	0.0719381
593	0.0723679
594	0.0726943
595	0.0727623
596	0.0729174
597	0.0728467
598	0.072882
599	0.0733798
600	0.0740082
601	0.0749766
602	0.0767638
603	0.0784775
604	0.0797343
605	0.0802457
606	0.0809257
607	0.0815324
608	0.0813338
609	0.080632
610	0.0800009
611	0.0791413
612	0.0784911
613	0.0783034
614	0.0780804
615	0.0773731
616	0.0766931
617	0.0766577
618	0.0778519
619	0.0805966
620	0.0840459
621	0.087389
622	0.0902942
623	0.0924867
624	0.093787
625	0.0939992
626	0.0933572
627	0.0923616
628	0.0910776
629	0.0896087
630	0.0886893
631	0.0881017
632	0.0873183
633	0.0861812
634	0.0854658
635	0.0851312
636	0.0852591
637	0.0854903
638	0.0856698
639	0.0854114
640	0.0856263
641	0.0860479
642	0.0864125
643	0.0865049
644	0.0866518
645	0.086339
646	0.0862792
647	0.086184
648	0.0856916
649	0.0855529
650	0.085727
651	0.0872829
652	0.0907703
653	0.0954409
654	0.100509
655	0.104619
656	0.107165
657	0.107905
658	0.107347
659	0.106085
660	0.104801
661	0.102962
662	0.101676
663	0.100702
664	0.0997987
665	0.0989228
666	0.0986072
667	0.0994995
668	0.100895
669	0.102467
670	0.103844
671	0.104834
672	0.105019
673	0.105174
674	0.104954
675	0.104562
676	0.103789
677	0.102981
678	0.102065
679	0.101077
680	0.100212
681	0.0997443
682	0.0993825
683	0.0989282
684	0.0981938
685	0.0976252
686	0.0968146
687	0.0960584
688	0.0959251
689	0.0957102
690	0.0953538
691	0.0948452
692	0.0943419
693	0.0943963
694	0.0940373
695	0.0938006
696	0.0933354
697	0.0928349
698	0.0920542
699	0.0916897
700	0.0930607
701	0.0987569
702	0.111139
703	0.127262
704	0.126419
705	0.125935
706	0.125554
707	0.125548
708	0.125276
709	0.125334
710	0.125195
711	0.125018
712	0.124708
713	0.124071
714	0.123125
715	0.122325
716	0.122012
717	0.121433
718	0.120878
719	0.120312
720	0.119678
721	0.118617
722	0.117823
723	0.117211
724	0.11658
725	0.116098
726	0.115739
727	0.115611
728	0.115203
729	0.114659
730	0.114061
731	0.113604
732	0.113092
733	0.112377
734	0.111496
735	0.110905
736	0.110198
737	0.109858
738	0.110125
739	0.110394
740	0.110495
741	0.110209
742	0.109586
743	0.109412
744	0.109344
745	0.109037
746	0.108566
747	0.107864
748	0.107122
749	0.106335
750	0.105419
751	0.104521
752	0.103748
753	0.103308
754	0.103871
755	0.105304
756	0.107576
757	0.109864
758	0.111468
759	0.112189
760	0.112548
761	0.112875
762	0.113528
763	0.114526
764	0.115312
765	0.115935
766	0.116468
767	0.118359
768	0.123397
769	0.13249
770	0.144449
771	0.152707
772	0.152737
773	0.153197
774	0.154133
775	0.157152
776	0.166072
777	0.184482
778	0.196655
779	0.196614
780	0.19634
781	0.195736
782	0.194359
783	0.193124
784	0.192063
785	0.191128
786	0.190219
787	0.189433
788	0.18856
789	0.187646
790	0.186914
791	0.186441
792	0.186253
793	0.188503
794	0.197183
795	0.214723
796	0.221951
797	0.221094
798	0.220245
799	0.219505
800	0.218624
801	0.217351
802	0.216113
803	0.214337
804	0.212498
805	0.211453
806	0.210931
807	0.21033
808	0.209435
809	0.208322
810	0.207865
811	0.207552
812	0.207025
813	0.206132
814	0.205205
815	0.204122
816	0.203388
817	0.202844
818	0.202117
819	0.201133
820	0.200023
821	0.199803
822	0.200534
823	0.201679
824	0.202925
825	0.203728
826	0.204217
827	0.204481
828	0.20443
829	0.204375
830	0.20397
831	0.203306
832	0.2023
833	0.201035
834	0.199669
835	0.198478
836	0.197362
837	0.195894
838	0.194737
839	0.194006
840	0.193473
841	0.192885
842	0.192469
843	0.192161
844	0.191609
845	0.190948
846	0.190671
847	0.190546
848	0.19045
849	0.190328
850	0.190151
851	0.190105
852	0.190584
853	0.191261
854	0.192055
855	0.192572
856	0.192346
857	0.191775
858	0.191158
859	0.190548
860	0.19057
861	0.190671
862	0.190268
863	0.189561
864	0.188451
865	0.187276
866	0.186163
867	0.185247
868	0.184624
869	0.183843
870	0.183038
871	0.181778
872	0.180943
873	0.18019
874	0.179428
875	0.17849
876	0.17741
877	0.175935
878	0.174374
879	0.173223
880	0.172472
881	0.172062
882	0.171324
883	0.170462
884	0.169431
885	0.16852
886	0.167394
887	0.166284
888	0.165509
889	0.164363
890	0.163202
891	0.162233
892	0.161309
893	0.160569
894	0.159837
895	0.159013
896	0.158352
897	0.157756
898	0.156891
899	0.155906
900	0.155011
901	0.154492
902	0.153703
903	0.152772
904	0.151722
905	0.150789
906	0.150036
907	0.149418
908	0.149233
909	0.149048
910	0.148687
911	0.148591
912	0.148151
913	0.148069
914	0.148224
915	0.14854
916	0.148651
917	0.148823
918	0.148766
919	0.148703
920	0.148205
921	0.147114
922	0.146043
923	0.145322
924	0.145289
925	0.146102
926	0.147686
927	0.150101
928	0.152718
929	0.154522
930	0.155465
931	0.155838
932	0.155604
933	0.154688
934	0.153507
935	0.152207
936	0.151263
937	0.150735
938	0.149998
939	0.149198
940	0.148426
941	0.149334
942	0.152373
943	0.156749
944	0.16123
945	0.164475
946	0.166564
947	0.167524
948	0.168218
949	0.16849
950	0.167973
951	0.166937
952	0.165922
953	0.164665
954	0.163117
955	0.161469
956	0.159456
957	0.157313
958	0.155008
959	0.152979
960	0.151524
961	0.15033
962	0.148942
963	0.147939
964	0.146676
965	0.145482
966	0.144427
967	0.143448
968	0.142444
969	0.141415
970	0.140066
971	0.138518
972	0.137566
973	0.136878
974	0.136446
975	0.135638
976	0.134337
977	0.133753
978	0.133217
979	0.132626
980	0.132004
981	0.13181
982	0.13289
983	0.134852
984	0.137357
985	0.13962
986	0.141138
987	0.141663
988	0.140969
989	0.139721
990	0.137906
991	0.136138
992	0.134735
993	0.133372
994	0.131655
995	0.130018
996	0.129085
997	0.128413
998	0.127725
999	0.12677
1000	0.125508
1001	0.123862
1002	0.122874
1003	0.121928
1004	0.121041
1005	0.120685
1006	0.121348
1007	0.123712
1008	0.127298
1009	0.131432
1010	0.135635
1011	0.138731
1012	0.140219
1013	0.140257
1014	0.138774
1015	0.137164
1016	0.135543
1017	0.134381
1018	0.133092
1019	0.131522
1020	0.130211
1021	0.128807
1022	0.127357
1023	0.126411
