0	-0.0005286
1	-0.000338184
2	-0.000223934
3	-0.000302821
4	-0.000389869
5	-0.000349065
6	-0.000338184
7	-0.000310982
8	-0.000272899
9	-0.000272899
10	-0.000196732
11	-3.35184e-05
12	0.000159618
13	0.000126975
14	0.000162338
15	4.53683e-05
16	4.2648e-05
17	7.8011e-05
18	-0.000115125
19	5.08087e-05
20	8.61717e-05
21	0.000227624
22	0.000167779
23	0.000143297
24	0.000129695
25	0.000404439
26	0.000464284
27	0.000314671
28	0.000205862
29	0.000205862
30	0.000148737
31	0.000290189
32	0.000268427
33	0.000224903
34	0.000194981
35	0.000175939
36	2.36064e-05
37	8.34515e-05
38	-6.3161e-06
39	3.99278e-05
40	-1.17566e-05
41	-0.000109685
42	4.56482e-06
43	8.07313e-05
44	2.63267e-05
45	-9.33635e-05
46	-0.000242976
47	-0.000101524
48	-0.000161369
49	-0.000177691
50	-0.00029194
51	-0.000245696
52	-6.3161e-06
53	-3.62386e-05
54	-8.7923e-05
55	0.000235784
56	0.00116338
57	0.0051866
58	0.0174249
59	0.0500296
60	0.115954
61	0.217229
62	0.341105
63	0.472487
64	0.599415
65	0.716502
66	0.82131
67	0.91342
68	0.992271
69	1.05872
70	1.11336
71	1.15747
72	1.1924
73	1.21965
74	1.24052
75	1.25627
76	1.26831
77	1.27734
78	1.28465
79	1.29134
80	1.2993
81	1.3094
82	1.3215
83	1.33414
84	1.34606
85	1.35672
86	1.36539
87	1.37232
88	1.37744
89	1.38072
90	1.3821
91	1.3818
92	1.38009
93	1.37675
94	1.37256
95	1.36753
96	1.36157
97	1.35532
98	1.34883
99	1.34214
100	1.33547
101	1.32922
102	1.32314
103	1.31725
104	1.31127
105	1.30479
106	1.29818
107	1.29119
108	1.28355
109	1.27578
110	1.26762
111	1.25911
112	1.25053
113	1.24178
114	1.23276
115	1.2239
116	1.21473
117	1.20549
118	1.19613
119	1.18709
120	1.17774
121	1.16872
122	1.15961
123	1.15081
124	1.14195
125	1.13305
126	1.12378
127	1.11479
128	1.10547
129	1.09635
130	1.08716
131	1.07772
132	1.06844
133	1.05911
134	1.04976
135	1.04027
136	1.03062
137	1.02098
138	1.0111
139	1.00147
140	0.991787
141	0.982367
142	0.973061
143	0.963725
144	0.954637
145	0.945807
146	0.936604
147	0.927271
148	0.917984
149	0.908776
150	0.899693
151	0.890692
152	0.881794
153	0.872831
154	0.863928
155	0.855035
156	0.846129
157	0.837297
158	0.828309
159	0.81955
160	0.810666
161	0.802274
162	0.793759
163	0.785604
164	0.777234
165	0.76919
166	0.761109
167	0.753057
168	0.744858
169	0.736705
170	0.728485
171	0.720365
172	0.712286
173	0.704484
174	0.696884
175	0.689343
176	0.681955
177	0.67469
178	0.667467
179	0.66031
180	0.653064
181	0.646105
182	0.639253
183	0.632336
184	0.625559
185	0.618889
186	0.611945
187	0.605147
188	0.59848
189	0.591671
190	0.584952
191	0.57835
192	0.571843
193	0.565524
194	0.559042
195	0.552799
196	0.546477
197	0.540498
198	0.534342
199	0.528338
200	0.522294
201	0.516451
202	0.510616
203	0.505013
204	0.499292
205	0.493683
206	0.488065
207	0.482486
208	0.476891
209	0.47145
210	0.466203
211	0.460855
212	0.45558
213	0.450156
214	0.445004
215	0.43967
216	0.434442
217	0.429485
218	0.424235
219	0.419219
220	0.414168
221	0.40916
222	0.404519
223	0.39984
224	0.395118
225	0.390532
226	0.385845
227	0.381185
228	0.376544
229	0.372048
230	0.367578
231	0.363142
232	0.358724
233	0.354429
234	0.350063
235	0.345933
236	0.341611
237	0.337591
238	0.333469
239	0.329669
240	0.325763
241	0.322042
242	0.318391
243	0.314776
244	0.311142
245	0.307676
246	0.303876
247	0.30019
248	0.296404
249	0.292965
250	0.289584
251	0.286273
252	0.282748
253	0.279641
254	0.276203
255	0.273069
256	0.269805
257	0.266546
258	0.263443
259	0.260189
260	0.256982
261	0.253846
262	0.250755
263	0.247551
264	0.244232
265	0.240908
266	0.237788
267	0.234448
268	0.231279
269	0.228031
270	0.224807
271	0.221633
272	0.218586
273	0.21558
274	0.212705
275	0.209914
276	0.207022
277	0.204465
278	0.201832
279	0.199112
280	0.196441
281	0.193791
282	0.191131
283	0.188753
284	0.186229
285	0.183805
286	0.18121
287	0.178841
288	0.176341
289	0.173884
290	0.171491
291	0.169355
292	0.166937
293	0.164627
294	0.162519
295	0.160863
296	0.158866
297	0.157196
298	0.155564
299	0.153866
300	0.15224
301	0.150349
302	0.148581
303	0.146832
304	0.145333
305	0.143777
306	0.141971
307	0.140235
308	0.1386
309	0.136919
310	0.135355
311	0.133791
312	0.131966
313	0.130238
314	0.128195
315	0.1264
316	0.124752
317	0.123022
318	0.12131
319	0.119575
320	0.117867
321	0.116164
322	0.114314
323	0.112717
324	0.111289
325	0.109992
326	0.108574
327	0.107073
328	0.105465
329	0.103912
330	0.102448
331	0.101012
332	0.0995677
333	0.0983599
334	0.0970651
335	0.0955744
336	0.0942632
337	0.0929766
338	0.0917797
339	0.0906399
340	0.0893151
341	0.0880557
342	0.0866085
343	0.0852838
344	0.0840977
345	0.0829281
346	0.0817502
347	0.0806675
348	0.0794543
349	0.0783037
350	0.0772264
351	0.0760295
352	0.074917
353	0.073886
354	0.0728251
355	0.0716935
356	0.070687
357	0.0693541
358	0.0682062
359	0.0670283
360	0.065826
361	0.0646508
362	0.0635328
363	0.0625154
364	0.0614491
365	0.0604998
366	0.0595558
367	0.0583916
368	0.0572328
369	0.0564493
370	0.0553068
371	0.054469
372	0.0536312
373	0.0526981
374	0.05164
375	0.050726
376	0.0498664
377	0.0491183
378	0.048139
379	0.0470863
380	0.0460064
381	0.0451359
382	0.0442953
383	0.0436724
384	0.0429162
385	0.0423341
386	0.0415398
387	0.0406584
388	0.0400083
389	0.0391949
390	0.0383761
391	0.0376335
392	0.0369698
393	0.0361972
394	0.0355308
395	0.0348072
396	0.0341598
397	0.0333709
398	0.0327262
399	0.031766
400	0.0309118
401	0.0301665
402	0.0295517
403	0.0286731
404	0.027925
405	0.0273238
406	0.0266683
407	0.0261759
408	0.0256672
409	0.0248675
410	0.0242881
411	0.0236107
412	0.0228355
413	0.0220711
414	0.0215814
415	0.0207191
416	0.0200771
417	0.0191604
418	0.0185565
419	0.017784
420	0.0170495
421	0.0163504
422	0.0156894
423	0.0148652
424	0.0140926
425	0.0135078
426	0.0130453
427	0.0124197
428	0.0117859
429	0.0112554
430	0.0107468
431	0.0102245
432	0.00978923
433	0.00922342
434	0.00873106
435	0.00826862
436	0.00774362
437	0.00718053
438	0.00663376
439	0.00617405
440	0.00561096
441	0.00519204
442	0.00476497
443	0.00427533
444	0.00384009
445	0.00341845
446	0.00295329
447	0.00268399
448	0.00235756
449	0.00191417
450	0.00162582
451	0.00150069
452	0.00130755
453	0.00114162
454	0.00104913
455	0.00077439
456	0.000477885
457	0.000428921
458	0.000107934
459	-0.000128726
460	-0.000490517
461	-0.000942075
462	-0.0012685
463	-0.00170918
464	-0.00216618
465	-0.00253341
466	-0.00290336
467	-0.00330051
468	-0.00358342
469	-0.00389624
470	-0.00425532
471	-0.0045083
472	-0.00508226
473	-0.00549846
474	-0.00576776
475	-0.00608331
476	-0.0061758
477	-0.00629005
478	-0.00627917
479	-0.00633357
480	-0.00636077
481	-0.00651583
482	-0.00654031
483	-0.0066464
484	-0.00691842
485	-0.00738358
486	-0.00783242
487	-0.00800107
488	-0.00843903
489	-0.00869473
490	-0.00901844
491	-0.00935031
492	-0.00974746
493	-0.00992971
494	-0.0102289
495	-0.0105037
496	-0.0110096
497	-0.011415
498	-0.0117169
499	-0.0122637
500	-0.0126907
501	-0.0131641
502	-0.0136265
503	-0.0138006
504	-0.0141842
505	-0.0145024
506	-0.0147989
507	-0.0151444
508	-0.0154246
509	-0.0156368
510	-0.0156694
511	-0.0158272
512	-0.0159496
513	-0.0162325
514	-0.016276
515	-0.0166514
516	-0.0168445
517	-0.0171383
518	-0.0173641
519	-0.0178592
520	-0.0181366
521	-0.0182999
522	-0.0185746
523	-0.0185828
524	-0.0189228
525	-0.0192601
526	-0.0195566
527	-0.0197525
528	-0.0198994
529	-0.0201659
530	-0.020321
531	-0.0206719
532	-0.020797
533	-0.0210691
534	-0.0214608
535	-0.0216457
536	-0.0220565
537	-0.0222442
538	-0.0225733
539	-0.0227991
540	-0.0231174
541	-0.0234139
542	-0.0236506
543	-0.0239715
544	-0.0241484
545	-0.0243932
546	-0.024725
547	-0.0250596
548	-0.0255194
549	-0.0257451
550	-0.0259981
551	-0.0263381
552	-0.0265204
553	-0.0267707
554	-0.0270182
555	-0.0273174
556	-0.0276003
557	-0.0278071
558	-0.0281471
559	-0.0281172
560	-0.0282586
561	-0.0285361
562	-0.0286857
563	-0.028887
564	-0.0291808
565	-0.029276
566	-0.0293685
567	-0.0295371
568	-0.0297085
569	-0.0301301
570	-0.0303641
571	-0.0305327
572	-0.0308564
573	-0.0310441
574	-0.0314195
575	-0.0318602
576	-0.0322166
577	-0.0323526
578	-0.0325022
579	-0.0325511
580	-0.0327497
581	-0.0329238
582	-0.0330925
583	-0.0330081
584	-0.0331958
585	-0.0333101
586	-0.0334488
587	-0.0335386
588	-0.0339575
589	-0.0341044
590	-0.0340745
591	-0.0341098
592	-0.0342431
593	-0.0342703
594	-0.0344934
595	-0.0345016
596	-0.0341969
597	-0.0337399
598	-0.0332965
599	-0.0327987
600	-0.0321676
601	-0.0318684
602	-0.031493
603	-0.0313107
604	-0.0310278
605	-0.0310197
606	-0.0311475
607	-0.0309598
608	-0.0309244
609	-0.0307803
610	-0.0307748
611	-0.0306062
612	-0.0302226
613	-0.0299071
614	-0.0294365
615	-0.0290774
616	-0.0287347
617	-0.0287156
618	-0.0285089
619	-0.0280464
620	-0.0278724
621	-0.0279322
622	-0.0279784
623	-0.0279757
624	-0.0282314
625	-0.0281661
626	-0.028226
627	-0.0283021
628	-0.0285415
629	-0.0284654
630	-0.0285796
631	-0.0288598
632	-0.0290067
633	-0.0291835
634	-0.0291726
635	-0.0292515
636	-0.0294392
637	-0.0296568
638	-0.0296459
639	-0.0297139
640	-0.0298744
641	-0.0297983
642	-0.0297275
643	-0.0298309
644	-0.0299152
645	-0.0302498
646	-0.02982
647	-0.0282586
648	-0.025435
649	-0.0218933
650	-0.0180877
651	-0.0145215
652	-0.0111729
653	-0.00833294
654	-0.00548214
655	-0.00320803
656	-0.00181527
657	-0.00113521
658	-0.000857747
659	-0.000430671
660	-0.000207612
661	1.54471e-05
662	7.28638e-06
663	0.000159619
664	7.80124e-05
665	1.27268e-05
666	-7.9761e-05
667	-0.000359945
668	-0.000531319
669	-0.000514998
670	-0.000457873
671	-0.000174969
672	3.99291e-05
673	0.000151459
674	2.36078e-05
675	-0.000164088
676	-0.000378986
677	-0.000640128
678	-0.000939354
679	-0.000890389
680	-0.000969276
681	-0.00115425
682	-0.00133923
683	-0.00170102
684	-0.0019676
685	-0.00205465
686	-0.00217434
687	-0.00237019
688	-0.00234843
689	-0.00233211
690	-0.00245724
691	-0.00276191
692	-0.00304753
693	-0.00296865
694	-0.00295504
695	-0.00293872
696	-0.00307745
697	-0.00303393
698	-0.00296592
699	-0.00295504
700	-0.00304209
701	-0.00309378
702	-0.00299041
703	-0.002936
704	-0.00322163
705	-0.00342836
706	-0.00358342
707	-0.00390712
708	-0.00390984
709	-0.00397513
710	-0.0041057
711	-0.00417371
712	-0.00455454
713	-0.00471775
714	-0.00488641
715	-0.00520467
716	-0.00539237
717	-0.00572696
718	-0.0059337
719	-0.00627372
720	-0.00671984
721	-0.00688034
722	-0.00730741
723	-0.00757399
724	-0.00778889
725	-0.00805275
726	-0.00853968
727	-0.00897491
728	-0.0095108
729	-0.00972026
730	-0.0102181
731	-0.0104846
732	-0.0106778
733	-0.010996
734	-0.0113551
735	-0.0115265
736	-0.0118176
737	-0.0121358
738	-0.0122691
739	-0.0122882
740	-0.0123453
741	-0.0126064
742	-0.0127968
743	-0.0130172
744	-0.0132511
745	-0.0134388
746	-0.0132838
747	-0.0134198
748	-0.0135585
749	-0.0135966
750	-0.0135259
751	-0.0134388
752	-0.0133871
753	-0.0134905
754	-0.0135204
755	-0.0136428
756	-0.0138006
757	-0.0138822
758	-0.0141297
759	-0.0142984
760	-0.0146248
761	-0.0147826
762	-0.0150655
763	-0.0154055
764	-0.0156204
765	-0.0154953
766	-0.0153593
767	-0.0140454
768	-0.0120297
769	-0.00949448
770	-0.00713604
771	-0.00495169
772	-0.00302577
773	-0.000977437
774	0.000616618
775	0.00194137
776	0.00321172
777	0.00443854
778	0.00549399
779	0.0062883
780	0.00708532
781	0.00759945
782	0.00819246
783	0.00816525
784	0.00830943
785	0.0082387
786	0.00847536
787	0.00845088
788	0.00835839
789	0.00841551
790	0.00838287
791	0.0082251
792	0.0082659
793	0.00820878
794	0.00797212
795	0.00801292
796	0.00844816
797	0.00898948
798	0.00950633
799	0.00998781
800	0.0101592
801	0.0104475
802	0.0105808
803	0.0107604
804	0.0105944
805	0.0104992
806	0.0104366
807	0.0103061
808	0.0100313
809	0.00977291
810	0.00955257
811	0.00924247
812	0.00900581
813	0.00867122
814	0.00854609
815	0.0082523
816	0.00808909
817	0.00799388
818	0.00811357
819	0.00799932
820	0.00786331
821	0.00787419
822	0.00788779
823	0.00814349
824	0.00806461
825	0.00808637
826	0.00807821
827	0.00807277
828	0.00799116
829	0.00779258
830	0.00755592
831	0.00725126
832	0.00719141
833	0.00693027
834	0.00669905
835	0.00648959
836	0.00619037
837	0.00597003
838	0.00556471
839	0.00540694
840	0.00500707
841	0.00481937
842	0.00447118
843	0.00410939
844	0.00381017
845	0.00350006
846	0.00316275
847	0.00271119
848	0.00249902
849	0.00206106
850	0.00157142
851	0.0011389
852	0.000600295
853	-1.7197e-05
854	-0.000514999
855	-0.000971998
856	-0.00123042
857	-0.00163301
858	-0.00202745
859	-0.0024518
860	-0.00313186
861	-0.00354534
862	-0.00401049
863	-0.00447293
864	-0.0048184
865	-0.00545222
866	-0.00591738
867	-0.00636621
868	-0.00673344
869	-0.0071034
870	-0.00758216
871	-0.00803371
872	-0.00861312
873	-0.00901844
874	-0.00949992
875	-0.00994876
876	-0.0106479
877	-0.0110613
878	-0.011385
879	-0.0117414
880	-0.0121929
881	-0.0126418
882	-0.0127914
883	-0.0131858
884	-0.0134633
885	-0.0138251
886	-0.0143202
887	-0.0148588
888	-0.0153294
889	-0.0156476
890	-0.0161781
891	-0.0166269
892	-0.017054
893	-0.0173043
894	-0.0176334
895	-0.0180904
896	-0.0183216
897	-0.0185039
898	-0.0188738
899	-0.019222
900	-0.0196273
901	-0.0198504
902	-0.020136
903	-0.0204624
904	-0.0208922
905	-0.0210391
906	-0.0212214
907	-0.0213656
908	-0.0215587
909	-0.0217056
910	-0.0219531
911	-0.022198
912	-0.0223856
913	-0.0226658
914	-0.022897
915	-0.0229515
916	-0.0233568
917	-0.0233214
918	-0.023539
919	-0.0236342
920	-0.0237648
921	-0.0239171
922	-0.0240994
923	-0.0242871
924	-0.0244693
925	-0.0247114
926	-0.0249454
927	-0.0250787
928	-0.025367
929	-0.025737
930	-0.0259219
931	-0.0262484
932	-0.0264252
933	-0.0266265
934	-0.0267843
935	-0.0267299
936	-0.0265558
937	-0.0258186
938	-0.0249943
939	-0.0241538
940	-0.0236043
941	-0.0230358
942	-0.0225652
943	-0.0222904
944	-0.0221191
945	-0.0219314
946	-0.0217437
947	-0.0216893
948	-0.0216104
949	-0.0216376
950	-0.0218525
951	-0.0220103
952	-0.0222877
953	-0.0221218
954	-0.0224047
955	-0.0224809
956	-0.0226332
957	-0.0229542
958	-0.0231283
959	-0.0233785
960	-0.023539
961	-0.0236696
962	-0.0237757
963	-0.0240613
964	-0.024317
965	-0.0245129
966	-0.0247223
967	-0.0249209
968	-0.0251358
969	-0.025299
970	-0.0255112
971	-0.025707
972	-0.0258567
973	-0.0261477
974	-0.026417
975	-0.0267027
976	-0.0267951
977	-0.0268359
978	-0.02704
979	-0.0272032
980	-0.02738
981	-0.0275731
982	-0.027905
983	-0.02806
984	-0.0281498
985	-0.028313
986	-0.0286449
987	-0.0286123
988	-0.0287428
989	-0.0289142
990	-0.0289958
991	-0.0293522
992	-0.0295426
993	-0.0297085
994	-0.0298554
995	-0.0300268
996	-0.0304375
997	-0.0304593
998	-0.0306687
999	-0.0306606
1000	-0.031036
1001	-0.0311393
1002	-0.0315039
1003	-0.031746
1004	-0.0320071
1005	-0.0320479
1006	-0.0322138
1007	-0.0323526
1008	-0.0327171
1009	-0.0326491
1010	-0.0327198
1011	-0.0328749
1012	-0.0327851
1013	-0.0330081
1014	-0.0332366
1015	-0.0334243
1016	-0.0336066
1017	-0.033661
1018	-0.033778
1019	-0.0339874
1020	-0.0343275
1021	-0.0344063
1022	-0.0345614
1023	-0.0348361
