0	0.001129
1	0.000617601
2	0.000416304
3	0.000549595
4	0.000386382
5	0.00121877
6	0.00180906
7	0.00152344
8	0.00131398
9	0.00125413
10	0.000987552
11	0.000933148
12	0.00121333
13	0.00131126
14	0.00114533
15	0.000979392
16	0.00110724
17	0.000775374
18	0.000258531
19	-0.000293676
20	-0.000903007
21	-0.000922049
22	-0.000636425
23	-0.000783317
24	-0.00069899
25	-0.000772436
26	-0.00125664
27	-0.000783317
28	-0.000255593
29	-0.000486812
30	-0.00128384
31	-0.00181156
32	-0.0015749
33	-0.00093565
34	-0.000764276
35	-0.00131648
36	-0.00138993
37	-0.00120223
38	-0.000587461
39	0.000375501
40	0.00072641
41	0.000633922
42	0.000269412
43	0.000584958
44	-3.79743e-05
45	-0.000791478
46	-0.00115055
47	-0.000976454
48	-0.000171266
49	0.000266691
50	0.000272132
51	-0.000527616
52	-0.00100638
53	-0.000769716
54	-0.00125392
55	-0.00170003
56	-0.001292
57	-5.33154e-06
58	0.000990273
59	0.00191243
60	0.00643073
61	0.0242319
62	0.074616
63	0.189758
64	0.403095
65	0.726291
66	1.13645
67	1.5841
68	2.01515
69	2.38737
70	2.67856
71	2.88451
72	3.01302
73	3.07682
74	3.09113
75	3.07082
76	3.02931
77	2.97626
78	2.91899
79	2.86242
80	2.81067
81	2.76539
82	2.72751
83	2.69609
84	2.66928
85	2.64634
86	2.62602
87	2.60711
88	2.58835
89	2.56898
90	2.54858
91	2.52799
92	2.50937
93	2.49247
94	2.47621
95	2.45922
96	2.4411
97	2.42187
98	2.4025
99	2.38355
100	2.36482
101	2.34608
102	2.32694
103	2.30744
104	2.28806
105	2.26936
106	2.25115
107	2.23341
108	2.21509
109	2.19576
110	2.17631
111	2.16007
112	2.14873
113	2.14275
114	2.12325
115	2.1041
116	2.08484
117	2.06521
118	2.04548
119	2.02579
120	2.00676
121	1.98825
122	1.97001
123	1.95176
124	1.93341
125	1.91489
126	1.89675
127	1.87852
128	1.86027
129	1.84257
130	1.82523
131	1.80827
132	1.79143
133	1.77513
134	1.75943
135	1.74417
136	1.72891
137	1.71389
138	1.69847
139	1.68319
140	1.66784
141	1.65228
142	1.63695
143	1.62223
144	1.60801
145	1.59359
146	1.57897
147	1.56408
148	1.5492
149	1.53433
150	1.51965
151	1.50523
152	1.49073
153	1.47586
154	1.46138
155	1.44657
156	1.43146
157	1.4169
158	1.40321
159	1.39016
160	1.37772
161	1.36625
162	1.3556
163	1.34588
164	1.33724
165	1.32818
166	1.31816
167	1.30821
168	1.29762
169	1.28631
170	1.27492
171	1.26356
172	1.2519
173	1.24008
174	1.22815
175	1.21607
176	1.20423
177	1.19224
178	1.18044
179	1.16908
180	1.15727
181	1.14478
182	1.1325
183	1.12051
184	1.10899
185	1.09772
186	1.08714
187	1.07696
188	1.06686
189	1.05726
190	1.0477
191	1.03813
192	1.02845
193	1.01899
194	1.01044
195	1.00355
196	0.999516
197	0.998235
198	0.992772
199	0.983635
200	0.974667
201	0.966269
202	0.958411
203	0.950391
204	0.942666
205	0.934867
206	0.926578
207	0.918159
208	0.90965
209	0.901449
210	0.893419
211	0.886229
212	0.87911
213	0.872206
214	0.865327
215	0.857879
216	0.849958
217	0.841462
218	0.833217
219	0.825296
220	0.817454
221	0.809886
222	0.802373
223	0.795061
224	0.787947
225	0.781413
226	0.774488
227	0.767456
228	0.760372
229	0.753477
230	0.747095
231	0.741505
232	0.73688
233	0.732414
234	0.727428
235	0.722341
236	0.717621
237	0.712262
238	0.706602
239	0.701167
240	0.69679
241	0.693588
242	0.690715
243	0.688292
244	0.685593
245	0.681994
246	0.677275
247	0.672191
248	0.666407
249	0.660518
250	0.6547
251	0.649148
252	0.64297
253	0.636602
254	0.63028
255	0.623877
256	0.617865
257	0.612724
258	0.607773
259	0.603219
260	0.59887
261	0.594191
262	0.588865
263	0.583707
264	0.578957
265	0.574145
266	0.569127
267	0.564032
268	0.558735
269	0.553823
270	0.548861
271	0.543812
272	0.539011
273	0.534444
274	0.530173
275	0.525777
276	0.520693
277	0.515606
278	0.511074
279	0.506841
280	0.503079
281	0.498904
282	0.495087
283	0.491113
284	0.486899
285	0.482476
286	0.478102
287	0.473674
288	0.468916
289	0.464022
290	0.459703
291	0.455524
292	0.450914
293	0.446616
294	0.442195
295	0.437965
296	0.433719
297	0.429864
298	0.427073
299	0.425183
300	0.423309
301	0.421364
302	0.419392
303	0.417128
304	0.414824
305	0.412169
306	0.408815
307	0.405586
308	0.401794
309	0.397461
310	0.393441
311	0.389657
312	0.386572
313	0.383814
314	0.380734
315	0.378006
316	0.375479
317	0.372712
318	0.369886
319	0.366897
320	0.363654
321	0.360433
322	0.357441
323	0.354582
324	0.351992
325	0.349313
326	0.345371
327	0.341324
328	0.338127
329	0.335383
330	0.333168
331	0.333424
332	0.337798
333	0.346984
334	0.350839
335	0.348083
336	0.344857
337	0.342077
338	0.340032
339	0.337978
340	0.335122
341	0.332956
342	0.330533
343	0.327948
344	0.325644
345	0.323795
346	0.322456
347	0.322886
348	0.325353
349	0.329499
350	0.333623
351	0.337496
352	0.340611
353	0.341014
354	0.338375
355	0.335875
356	0.333264
357	0.330649
358	0.327801
359	0.324864
360	0.322527
361	0.31902
362	0.315106
363	0.312024
364	0.310063
365	0.308327
366	0.30583
367	0.303572
368	0.301306
369	0.2991
370	0.296383
371	0.293679
372	0.291261
373	0.289397
374	0.287939
375	0.286565
376	0.285488
377	0.284183
378	0.283179
379	0.282412
380	0.281579
381	0.279721
382	0.277336
383	0.275353
384	0.273225
385	0.271591
386	0.27032
387	0.268596
388	0.266457
389	0.264409
390	0.262298
391	0.259622
392	0.257029
393	0.254839
394	0.253376
395	0.251834
396	0.250327
397	0.248888
398	0.247408
399	0.246178
400	0.244736
401	0.243295
402	0.241807
403	0.240656
404	0.240066
405	0.239889
406	0.240025
407	0.240313
408	0.23999
409	0.238956
410	0.237941
411	0.236674
412	0.235292
413	0.233426
414	0.231114
415	0.228695
416	0.226473
417	0.224117
418	0.222044
419	0.220393
420	0.219055
421	0.218016
422	0.216283
423	0.214411
424	0.212975
425	0.211634
426	0.210094
427	0.208383
428	0.206463
429	0.204978
430	0.204012
431	0.203207
432	0.202399
433	0.201855
434	0.200234
435	0.198773
436	0.197296
437	0.195677
438	0.193648
439	0.191904
440	0.190024
441	0.188406
442	0.187614
443	0.186883
444	0.18574
445	0.185079
446	0.184524
447	0.183942
448	0.182669
449	0.181624
450	0.180248
451	0.178716
452	0.178477
453	0.179747
454	0.182598
455	0.187761
456	0.195631
457	0.204298
458	0.203019
459	0.201999
460	0.201281
461	0.200266
462	0.199154
463	0.197951
464	0.196058
465	0.194445
466	0.192905
467	0.192258
468	0.191678
469	0.191142
470	0.191142
471	0.190808
472	0.190019
473	0.188599
474	0.187
475	0.18595
476	0.185512
477	0.185017
478	0.183931
479	0.182791
480	0.180691
481	0.179116
482	0.177909
483	0.176728
484	0.174876
485	0.173415
486	0.171842
487	0.170297
488	0.168869
489	0.167827
490	0.166696
491	0.165208
492	0.163573
493	0.161949
494	0.160611
495	0.160137
496	0.159343
497	0.158282
498	0.15714
499	0.156177
500	0.155665
501	0.154961
502	0.154101
503	0.152629
504	0.150614
505	0.149012
506	0.148568
507	0.148497
508	0.147415
509	0.145908
510	0.144874
511	0.144006
512	0.143158
513	0.142437
514	0.140957
515	0.139564
516	0.138191
517	0.1372
518	0.136352
519	0.135865
520	0.135255
521	0.134513
522	0.134399
523	0.134352
524	0.13451
525	0.134627
526	0.134358
527	0.13426
528	0.13395
529	0.133661
530	0.132965
531	0.132304
532	0.131515
533	0.129641
534	0.127794
535	0.125887
536	0.124353
537	0.123101
538	0.122323
539	0.121075
540	0.119029
541	0.117147
542	0.116026
543	0.114854
544	0.113793
545	0.112476
546	0.111731
547	0.111587
548	0.110648
549	0.109691
550	0.108589
551	0.10808
552	0.107716
553	0.107743
554	0.107942
555	0.107623
556	0.106913
557	0.106772
558	0.106231
559	0.105055
560	0.103799
561	0.103034
562	0.102384
563	0.10162
564	0.101579
565	0.10175
566	0.101244
567	0.100679
568	0.100284
569	0.0997727
570	0.0995252
571	0.0996204
572	0.0989947
573	0.0979365
574	0.0975312
575	0.0972456
576	0.0965383
577	0.0954584
578	0.094335
579	0.0931707
580	0.09205
581	0.0913699
582	0.0912693
583	0.0907524
584	0.0900968
585	0.0900071
586	0.0908911
587	0.0924662
588	0.0941989
589	0.0951701
590	0.0961303
591	0.0972918
592	0.0977733
593	0.0982276
594	0.0995904
595	0.102621
596	0.106092
597	0.108915
598	0.111048
599	0.113224
600	0.115319
601	0.117802
602	0.120351
603	0.122497
604	0.123186
605	0.123033
606	0.122672
607	0.122024
608	0.120814
609	0.119584
610	0.118172
611	0.116401
612	0.114693
613	0.114168
614	0.116429
615	0.121094
616	0.127388
617	0.134622
618	0.139436
619	0.137995
620	0.137124
621	0.136365
622	0.135818
623	0.135364
624	0.134379
625	0.133506
626	0.132576
627	0.131763
628	0.130849
629	0.130049
630	0.129858
631	0.129445
632	0.128085
633	0.126069
634	0.124608
635	0.124543
636	0.124894
637	0.125014
638	0.124929
639	0.126009
640	0.127592
641	0.128651
642	0.129216
643	0.129469
644	0.129325
645	0.129861
646	0.130509
647	0.130443
648	0.129314
649	0.128275
650	0.127269
651	0.126638
652	0.1267
653	0.126934
654	0.12698
655	0.126809
656	0.126366
657	0.126287
658	0.126164
659	0.125895
660	0.125454
661	0.124451
662	0.123139
663	0.121388
664	0.120022
665	0.1195
666	0.120057
667	0.120014
668	0.118833
669	0.118091
670	0.118112
671	0.1182
672	0.117952
673	0.117781
674	0.117827
675	0.117256
676	0.116121
677	0.114696
678	0.113605
679	0.112911
680	0.112533
681	0.111655
682	0.111013
683	0.110224
684	0.109914
685	0.109693
686	0.109538
687	0.110061
688	0.110825
689	0.111598
690	0.111252
691	0.110235
692	0.109478
693	0.108907
694	0.108309
695	0.108197
696	0.107618
697	0.106957
698	0.108252
699	0.115487
700	0.130389
701	0.131621
702	0.130536
703	0.12945
704	0.129048
705	0.129834
706	0.131654
707	0.134241
708	0.136319
709	0.137826
710	0.139374
711	0.139801
712	0.139156
713	0.138346
714	0.137812
715	0.136811
716	0.135544
717	0.133922
718	0.132323
719	0.131406
720	0.130484
721	0.129918
722	0.129056
723	0.127029
724	0.125283
725	0.124837
726	0.124549
727	0.123928
728	0.123012
729	0.121856
730	0.12083
731	0.120147
732	0.119304
733	0.118254
734	0.117408
735	0.116777
736	0.116249
737	0.115281
738	0.114418
739	0.11391
740	0.113382
741	0.112631
742	0.112003
743	0.111369
744	0.111064
745	0.110292
746	0.109307
747	0.108399
748	0.107417
749	0.106674
750	0.106927
751	0.107085
752	0.106794
753	0.106951
754	0.107286
755	0.107329
756	0.106848
757	0.106541
758	0.105964
759	0.105262
760	0.10524
761	0.106826
762	0.110792
763	0.116916
764	0.125822
765	0.137317
766	0.149819
767	0.159653
768	0.161147
769	0.160768
770	0.160107
771	0.159487
772	0.15909
773	0.158579
774	0.158293
775	0.159115
776	0.163355
777	0.171016
778	0.18256
779	0.187231
780	0.186932
781	0.186344
782	0.185416
783	0.185335
784	0.185079
785	0.183915
786	0.182653
787	0.182364
788	0.182155
789	0.181442
790	0.180316
791	0.179116
792	0.177909
793	0.177103
794	0.176929
795	0.176573
796	0.176151
797	0.17577
798	0.175882
799	0.17678
800	0.1786
801	0.181314
802	0.184774
803	0.187851
804	0.190313
805	0.191061
806	0.19043
807	0.189837
808	0.189195
809	0.188931
810	0.188659
811	0.188289
812	0.187827
813	0.187136
814	0.18617
815	0.185506
816	0.184666
817	0.183784
818	0.183257
819	0.182917
820	0.182819
821	0.183118
822	0.183276
823	0.184282
824	0.185294
825	0.185416
826	0.185463
827	0.185354
828	0.185471
829	0.185656
830	0.185852
831	0.185528
832	0.184592
833	0.183885
834	0.183115
835	0.181769
836	0.181102
837	0.180373
838	0.179342
839	0.178575
840	0.178148
841	0.178404
842	0.179388
843	0.179524
844	0.179391
845	0.179029
846	0.178491
847	0.177794
848	0.177525
849	0.178205
850	0.179639
851	0.180468
852	0.180547
853	0.180604
854	0.18105
855	0.183033
856	0.185512
857	0.187291
858	0.188705
859	0.190775
860	0.19256
861	0.193797
862	0.19423
863	0.192862
864	0.190955
865	0.189315
866	0.187603
867	0.185593
868	0.183493
869	0.181875
870	0.180487
871	0.179105
872	0.177775
873	0.175923
874	0.174174
875	0.173159
876	0.17231
877	0.171282
878	0.170559
879	0.169857
880	0.168222
881	0.16666
882	0.165687
883	0.165757
884	0.164928
885	0.163497
886	0.162066
887	0.160972
888	0.159778
889	0.158372
890	0.157126
891	0.156003
892	0.154923
893	0.153078
894	0.151231
895	0.14998
896	0.149226
897	0.148288
898	0.147344
899	0.145981
900	0.144744
901	0.144058
902	0.143239
903	0.142105
904	0.140916
905	0.139173
906	0.13698
907	0.135386
908	0.134665
909	0.134638
910	0.134728
911	0.134798
912	0.135144
913	0.135791
914	0.136082
915	0.136104
916	0.13562
917	0.135038
918	0.134072
919	0.132149
920	0.130473
921	0.12945
922	0.128409
923	0.127367
924	0.125884
925	0.124641
926	0.124127
927	0.124081
928	0.123613
929	0.122963
930	0.122141
931	0.120909
932	0.11922
933	0.118148
934	0.116992
935	0.115953
936	0.115784
937	0.118784
938	0.124962
939	0.133215
940	0.14226
941	0.150957
942	0.157246
943	0.158045
944	0.157866
945	0.157096
946	0.156204
947	0.155426
948	0.154561
949	0.152989
950	0.151112
951	0.149817
952	0.149221
953	0.148884
954	0.149139
955	0.148157
956	0.146895
957	0.145611
958	0.144754
959	0.144039
960	0.143193
961	0.14161
962	0.140274
963	0.139156
964	0.137636
965	0.1363
966	0.13513
967	0.133504
968	0.131994
969	0.130957
970	0.130522
971	0.129973
972	0.129382
973	0.128311
974	0.126586
975	0.125324
976	0.124331
977	0.123947
978	0.123319
979	0.124051
980	0.129902
981	0.14433
982	0.149447
983	0.148111
984	0.146825
985	0.145617
986	0.143879
987	0.142216
988	0.140734
989	0.138531
990	0.136732
991	0.135587
992	0.134412
993	0.133517
994	0.134034
995	0.135128
996	0.13596
997	0.13624
998	0.136882
999	0.137034
1000	0.136226
1001	0.134173
1002	0.133144
1003	0.133169
1004	0.134181
1005	0.136314
1006	0.140258
1007	0.14507
1008	0.151027
1009	0.156884
1010	0.156321
1011	0.155793
1012	0.154545
1013	0.153127
1014	0.152398
1015	0.152415
1016	0.151822
1017	0.150633
1018	0.149575
1019	0.148565
1020	0.147458
1021	0.146406
1022	0.145965
1023	0.145736
