0	0.000703062
1	0.000645937
2	0.000569771
3	0.000409277
4	0.000178058
5	0.000199819
6	0.00067858
7	0.000909799
8	0.00122535
9	0.00104037
10	0.00091524
11	0.000934281
12	0.000926121
13	0.000760187
14	0.000624175
15	0.000640497
16	0.000392956
17	0.000186218
18	8.01292e-05
19	0.000126373
20	0.000262385
21	5.56472e-05
22	-1.50788e-05
23	-7.22036e-05
24	-0.000104846
25	-0.000431274
26	-0.0007441
27	-0.000605369
28	-0.000409512
29	-0.00049928
30	-0.0007441
31	-0.00111949
32	-0.00113309
33	-0.0010134
34	-0.000945397
35	-0.000684255
36	-0.000477518
37	-0.000306143
38	-0.000289822
39	-0.000281661
40	-0.000276221
41	-0.000306143
42	-0.00062441
43	-0.000474798
44	-0.000338786
45	-0.000104846
46	-0.000118448
47	-0.000238138
48	-0.000306143
49	0.000199819
50	0.000390235
51	0.000186218
52	0.000167177
53	2.02842e-05
54	-8.8525e-05
55	-0.000300703
56	-0.000393191
57	-0.000578166
58	-0.000205495
59	0.000966924
60	0.00475076
61	0.0173373
62	0.0567208
63	0.157647
64	0.362322
65	0.690072
66	1.1153
67	1.57514
68	2.00623
69	2.37271
70	2.66147
71	2.86929
72	3.00071
73	3.06812
74	3.0869
75	3.07135
76	3.03362
77	2.98292
78	2.9251
79	2.86641
80	2.8106
81	2.75958
82	2.71348
83	2.67307
84	2.63836
85	2.60928
86	2.58434
87	2.56189
88	2.54086
89	2.52172
90	2.50517
91	2.49404
92	2.487
93	2.47644
94	2.46004
95	2.44012
96	2.41966
97	2.4
98	2.38131
99	2.36187
100	2.34143
101	2.32043
102	2.29932
103	2.27837
104	2.25767
105	2.23712
106	2.21691
107	2.19748
108	2.17826
109	2.15867
110	2.13895
111	2.12153
112	2.10959
113	2.10396
114	2.08821
115	2.06933
116	2.05072
117	2.03224
118	2.0133
119	1.99454
120	1.97638
121	1.95895
122	1.94196
123	1.9252
124	1.90823
125	1.8909
126	1.87292
127	1.85487
128	1.83678
129	1.81902
130	1.80088
131	1.78235
132	1.76392
133	1.74589
134	1.72886
135	1.7126
136	1.69673
137	1.68073
138	1.66461
139	1.64872
140	1.63312
141	1.61772
142	1.60239
143	1.58708
144	1.57182
145	1.55662
146	1.54216
147	1.52786
148	1.51347
149	1.49981
150	1.48703
151	1.47403
152	1.46087
153	1.44745
154	1.43383
155	1.42055
156	1.40723
157	1.39373
158	1.38006
159	1.36658
160	1.3533
161	1.34043
162	1.3281
163	1.31665
164	1.30618
165	1.29561
166	1.28442
167	1.27306
168	1.26136
169	1.24888
170	1.23586
171	1.22299
172	1.21106
173	1.19889
174	1.18682
175	1.17467
176	1.16261
177	1.15105
178	1.13994
179	1.12914
180	1.1182
181	1.10797
182	1.09774
183	1.08702
184	1.07598
185	1.06541
186	1.05536
187	1.04493
188	1.03484
189	1.02505
190	1.01523
191	1.00495
192	0.994229
193	0.984039
194	0.975595
195	0.969241
196	0.964198
197	0.960055
198	0.956255
199	0.951366
200	0.941636
201	0.932093
202	0.922962
203	0.914453
204	0.906795
205	0.899565
206	0.892588
207	0.886111
208	0.87857
209	0.870176
210	0.861868
211	0.853898
212	0.846523
213	0.838719
214	0.831948
215	0.825444
216	0.818804
217	0.811789
218	0.804808
219	0.798136
220	0.791158
221	0.783523
222	0.775541
223	0.767898
224	0.759579
225	0.751421
226	0.74347
227	0.735611
228	0.728335
229	0.720734
230	0.712881
231	0.705501
232	0.698657
233	0.692041
234	0.68557
235	0.679966
236	0.674577
237	0.669444
238	0.664891
239	0.660941
240	0.657484
241	0.654421
242	0.651526
243	0.648645
244	0.646211
245	0.643382
246	0.639421
247	0.634359
248	0.628731
249	0.62329
250	0.617529
251	0.611327
252	0.605358
253	0.599608
254	0.593806
255	0.58796
256	0.582313
257	0.577095
258	0.572335
259	0.567664
260	0.563282
261	0.559147
262	0.554629
263	0.550013
264	0.545386
265	0.540282
266	0.535179
267	0.529665
268	0.524051
269	0.518885
270	0.513543
271	0.508222
272	0.5032
273	0.498233
274	0.493805
275	0.489297
276	0.484996
277	0.480761
278	0.476931
279	0.472372
280	0.467402
281	0.462837
282	0.458608
283	0.454976
284	0.451472
285	0.447593
286	0.443499
287	0.438924
288	0.434259
289	0.429925
290	0.425932
291	0.422132
292	0.418457
293	0.414679
294	0.411262
295	0.407756
296	0.404298
297	0.40108
298	0.398354
299	0.396448
300	0.395218
301	0.393991
302	0.392101
303	0.389639
304	0.387109
305	0.384405
306	0.381652
307	0.378831
308	0.375981
309	0.372975
310	0.369615
311	0.365918
312	0.362034
313	0.358209
314	0.354858
315	0.351882
316	0.34896
317	0.346325
318	0.344219
319	0.342067
320	0.339434
321	0.336447
322	0.333276
323	0.330604
324	0.328137
325	0.325749
326	0.323048
327	0.319917
328	0.316584
329	0.313345
330	0.310467
331	0.307153
332	0.304259
333	0.303715
334	0.307583
335	0.31737
336	0.325262
337	0.322601
338	0.319827
339	0.317185
340	0.314792
341	0.312637
342	0.31029
343	0.307757
344	0.305823
345	0.304218
346	0.303674
347	0.304662
348	0.307001
349	0.310216
350	0.313257
351	0.315594
352	0.316421
353	0.316089
354	0.314971
355	0.31292
356	0.310567
357	0.30785
358	0.305271
359	0.302134
360	0.299104
361	0.295979
362	0.292932
363	0.290258
364	0.287668
365	0.285133
366	0.282859
367	0.280816
368	0.278947
369	0.2766
370	0.274744
371	0.272525
372	0.270446
373	0.268774
374	0.267128
375	0.265468
376	0.264005
377	0.262982
378	0.262525
379	0.261791
380	0.260822
381	0.259974
382	0.258929
383	0.257523
384	0.256214
385	0.2549
386	0.253266
387	0.251642
388	0.250037
389	0.248179
390	0.246383
391	0.24461
392	0.242885
393	0.241237
394	0.239213
395	0.23729
396	0.235541
397	0.234012
398	0.232883
399	0.23146
400	0.230193
401	0.228857
402	0.227252
403	0.225995
404	0.225084
405	0.224657
406	0.224608
407	0.224371
408	0.223803
409	0.223027
410	0.221847
411	0.220732
412	0.218966
413	0.217402
414	0.215321
415	0.213251
416	0.211423
417	0.209592
418	0.207685
419	0.205925
420	0.204399
421	0.202805
422	0.200917
423	0.199253
424	0.197599
425	0.19607
426	0.194778
427	0.193682
428	0.192449
429	0.191073
430	0.189571
431	0.188717
432	0.188113
433	0.186775
434	0.185317
435	0.183758
436	0.182268
437	0.181073
438	0.179433
439	0.177899
440	0.175965
441	0.174866
442	0.173405
443	0.17168
444	0.170331
445	0.169444
446	0.16809
447	0.166547
448	0.165187
449	0.163824
450	0.162682
451	0.162296
452	0.162053
453	0.16244
454	0.164363
455	0.168941
456	0.176174
457	0.184732
458	0.192515
459	0.193132
460	0.19162
461	0.189955
462	0.188581
463	0.187319
464	0.185513
465	0.18347
466	0.181906
467	0.180788
468	0.179428
469	0.177834
470	0.176593
471	0.175467
472	0.173952
473	0.172192
474	0.170807
475	0.169798
476	0.168936
477	0.168218
478	0.167061
479	0.165835
480	0.164834
481	0.163522
482	0.162135
483	0.161227
484	0.160378
485	0.159165
486	0.158128
487	0.157089
488	0.156093
489	0.154981
490	0.153411
491	0.152106
492	0.151058
493	0.149989
494	0.148632
495	0.147283
496	0.145716
497	0.144372
498	0.142753
499	0.141709
500	0.140678
501	0.139584
502	0.138654
503	0.13755
504	0.135869
505	0.134789
506	0.133423
507	0.131935
508	0.130836
509	0.129955
510	0.129441
511	0.129049
512	0.128573
513	0.128015
514	0.127512
515	0.126772
516	0.12594
517	0.125132
518	0.124406
519	0.123848
520	0.123258
521	0.122428
522	0.121699
523	0.121362
524	0.120866
525	0.120589
526	0.120347
527	0.120075
528	0.119506
529	0.118622
530	0.117357
531	0.116063
532	0.114836
533	0.113791
534	0.1126
535	0.11208
536	0.11131
537	0.11057
538	0.109276
539	0.108125
540	0.107181
541	0.106466
542	0.105666
543	0.104567
544	0.103476
545	0.102592
546	0.10155
547	0.100639
548	0.100356
549	0.100223
550	0.100179
551	0.100212
552	0.100296
553	0.100223
554	0.0998391
555	0.0991047
556	0.0985987
557	0.0980846
558	0.0973936
559	0.0967517
560	0.0959029
561	0.094668
562	0.0939063
563	0.0933895
564	0.0928128
565	0.0924755
566	0.0920865
567	0.0914989
568	0.0910745
569	0.0905087
570	0.0902748
571	0.0897933
572	0.0892629
573	0.0888712
574	0.0882781
575	0.0875165
576	0.0865535
577	0.0859442
578	0.0853349
579	0.0842984
580	0.0833545
581	0.0824732
582	0.081143
583	0.0802725
584	0.0793558
585	0.0787546
586	0.0783955
587	0.0785996
588	0.0793313
589	0.0802399
590	0.0818394
591	0.0834089
592	0.0853593
593	0.0884713
594	0.0922034
595	0.0961614
596	0.0995916
597	0.102706
598	0.104956
599	0.10634
600	0.10742
601	0.10887
602	0.11029
603	0.111435
604	0.111873
605	0.111348
606	0.110549
607	0.109719
608	0.108598
609	0.107597
610	0.106403
611	0.105203
612	0.104191
613	0.104404
614	0.107257
615	0.112404
616	0.119436
617	0.126364
618	0.130567
619	0.129628
620	0.129035
621	0.128668
622	0.12866
623	0.128363
624	0.127602
625	0.126748
626	0.126002
627	0.125012
628	0.124484
629	0.12375
630	0.12285
631	0.12162
632	0.120605
633	0.119626
634	0.118535
635	0.117776
636	0.117453
637	0.117899
638	0.118943
639	0.120148
640	0.121291
641	0.121892
642	0.121903
643	0.121677
644	0.121737
645	0.12187
646	0.121664
647	0.121103
648	0.120233
649	0.119188
650	0.118364
651	0.117961
652	0.118315
653	0.118701
654	0.119123
655	0.119003
656	0.118756
657	0.118451
658	0.118163
659	0.117542
660	0.116977
661	0.116171
662	0.11514
663	0.113862
664	0.112684
665	0.111648
666	0.110453
667	0.10961
668	0.109175
669	0.108914
670	0.108419
671	0.107902
672	0.107494
673	0.10754
674	0.107491
675	0.106991
676	0.106278
677	0.105739
678	0.104793
679	0.104055
680	0.103571
681	0.102614
682	0.102007
683	0.101558
684	0.100987
685	0.100473
686	0.100351
687	0.100081
688	0.0999262
689	0.0998663
690	0.0996242
691	0.0994284
692	0.0994692
693	0.0991536
694	0.0984926
695	0.0972875
696	0.0961097
697	0.0950379
698	0.0945809
699	0.0959628
700	0.10167
701	0.114705
702	0.124468
703	0.123965
704	0.124022
705	0.124751
706	0.126138
707	0.127577
708	0.129098
709	0.130287
710	0.131497
711	0.132049
712	0.132003
713	0.131146
714	0.13027
715	0.129419
716	0.12829
717	0.126631
718	0.125314
719	0.124065
720	0.123026
721	0.121878
722	0.120807
723	0.120276
724	0.119991
725	0.119784
726	0.118962
727	0.118372
728	0.117882
729	0.117295
730	0.116337
731	0.11529
732	0.114409
733	0.113557
734	0.112651
735	0.111531
736	0.110802
737	0.110097
738	0.109354
739	0.10877
740	0.108204
741	0.108035
742	0.107426
743	0.106982
744	0.10671
745	0.106544
746	0.106052
747	0.105375
748	0.104768
749	0.103985
750	0.10328
751	0.102731
752	0.102323
753	0.102576
754	0.103239
755	0.103892
756	0.104216
757	0.104474
758	0.104553
759	0.104969
760	0.106215
761	0.108742
762	0.113174
763	0.119457
764	0.128703
765	0.140273
766	0.152701
767	0.164368
768	0.164657
769	0.164543
770	0.16427
771	0.16346
772	0.162744
773	0.164627
774	0.169871
775	0.178573
776	0.18847
777	0.187439
778	0.186361
779	0.185608
780	0.184844
781	0.184479
782	0.183921
783	0.183269
784	0.182341
785	0.181381
786	0.180478
787	0.179776
788	0.179351
789	0.178805
790	0.178127
791	0.177287
792	0.176444
793	0.175845
794	0.1756
795	0.175328
796	0.174773
797	0.174692
798	0.175404
799	0.177249
800	0.179406
801	0.181446
802	0.182967
803	0.184096
804	0.184803
805	0.184727
806	0.184332
807	0.183396
808	0.182624
809	0.182265
810	0.181908
811	0.181669
812	0.181468
813	0.181299
814	0.180717
815	0.179841
816	0.178783
817	0.178013
818	0.178225
819	0.179191
820	0.180018
821	0.180717
822	0.181239
823	0.182319
824	0.183519
825	0.184517
826	0.18501
827	0.185178
828	0.185309
829	0.185488
830	0.184686
831	0.183758
832	0.182749
833	0.181563
834	0.180437
835	0.179599
836	0.17859
837	0.177363
838	0.176131
839	0.175002
840	0.17359
841	0.171865
842	0.170437
843	0.169798
844	0.16936
845	0.169414
846	0.169145
847	0.16871
848	0.168636
849	0.168378
850	0.168601
851	0.169398
852	0.170459
853	0.171667
854	0.17276
855	0.17393
856	0.175236
857	0.177736
858	0.180524
859	0.182553
860	0.184191
861	0.184901
862	0.184786
863	0.184022
864	0.182858
865	0.181881
866	0.180418
867	0.178587
868	0.176348
869	0.17415
870	0.172322
871	0.170804
872	0.169145
873	0.167344
874	0.165655
875	0.16414
876	0.162339
877	0.16019
878	0.158531
879	0.157728
880	0.156488
881	0.154829
882	0.153237
883	0.151627
884	0.150283
885	0.148373
886	0.146733
887	0.145283
888	0.143937
889	0.142631
890	0.141431
891	0.140523
892	0.139402
893	0.138211
894	0.136755
895	0.135575
896	0.134854
897	0.133804
898	0.132708
899	0.131364
900	0.130153
901	0.129019
902	0.127852
903	0.126802
904	0.12567
905	0.124245
906	0.122801
907	0.121457
908	0.120053
909	0.118911
910	0.118089
911	0.118008
912	0.118628
913	0.119164
914	0.119128
915	0.11921
916	0.118949
917	0.118076
918	0.117077
919	0.115989
920	0.114716
921	0.113476
922	0.1123
923	0.110932
924	0.109501
925	0.108683
926	0.10816
927	0.107458
928	0.10717
929	0.106797
930	0.106079
931	0.10562
932	0.104823
933	0.103939
934	0.103106
935	0.102021
936	0.10177
937	0.103082
938	0.106574
939	0.112192
940	0.119107
941	0.126399
942	0.13304
943	0.138306
944	0.141929
945	0.14385
946	0.144464
947	0.143939
948	0.142549
949	0.140749
950	0.138942
951	0.137101
952	0.135028
953	0.132743
954	0.130706
955	0.128946
956	0.127545
957	0.125793
958	0.12387
959	0.122205
960	0.120937
961	0.119816
962	0.118685
963	0.117907
964	0.117091
965	0.116277
966	0.115154
967	0.114237
968	0.113535
969	0.112934
970	0.112181
971	0.111425
972	0.110742
973	0.109727
974	0.109338
975	0.108963
976	0.108536
977	0.10828
978	0.107586
979	0.107331
980	0.11109
981	0.122431
982	0.135795
983	0.135504
984	0.135281
985	0.13456
986	0.133494
987	0.132351
988	0.131201
989	0.130284
990	0.129936
991	0.129862
992	0.129944
993	0.130281
994	0.130711
995	0.130825
996	0.130512
997	0.130409
998	0.130224
999	0.129998
1000	0.129849
1001	0.129441
1002	0.12894
1003	0.12838
1004	0.128154
1005	0.128257
1006	0.130162
1007	0.133967
1008	0.139141
1009	0.144633
1010	0.148969
1011	0.152348
1012	0.154567
1013	0.154897
1014	0.154015
1015	0.153118
1016	0.152051
1017	0.149758
1018	0.147362
1019	0.145115
1020	0.143425
1021	0.142041
1022	0.140697
1023	0.139603
