0	-1.52345e-05
1	-0.000162127
2	-0.000284537
3	-0.000322621
4	-0.000262775
5	-0.000349823
6	-0.000406948
7	-0.000371585
8	-0.000344382
9	-0.000344382
10	-0.000243734
11	-0.000366144
12	-0.000330781
13	-0.000352543
14	-0.000333501
15	-0.000377025
16	-0.000265496
17	-0.000134925
18	-9.95617e-05
19	-9.1401e-05
20	3.64498e-05
21	0.00015342
22	1.74082e-05
23	-8.86808e-05
24	0.00015886
25	0.000186062
26	0.000330235
27	0.000221425
28	0.000240467
29	0.000235027
30	0.000115336
31	0.000313913
32	0.000360157
33	0.000360157
34	0.000142539
35	0.000112616
36	7.72533e-05
37	0.000210545
38	0.000349276
39	0.000256788
40	0.000289431
41	0.000126217
42	0.000164301
43	0.000305753
44	2.01284e-05
45	0.000186062
46	0.000224146
47	9.08544e-05
48	6.09319e-05
49	0.000202384
50	0.000303032
51	0.000357437
52	0.000164301
53	-1.79548e-05
54	-2.61155e-05
55	9.90151e-05
56	0.000800834
57	0.0034449
58	0.0115104
59	0.0343141
60	0.0871409
61	0.179444
62	0.305306
63	0.447903
64	0.590832
65	0.724526
66	0.845299
67	0.951709
68	1.04333
69	1.12033
70	1.18349
71	1.23396
72	1.27339
73	1.30349
74	1.32577
75	1.34214
76	1.35344
77	1.36123
78	1.36622
79	1.36938
80	1.3723
81	1.37728
82	1.38491
83	1.39473
84	1.40527
85	1.4154
86	1.42437
87	1.43169
88	1.43692
89	1.44052
90	1.44229
91	1.44224
92	1.44031
93	1.43716
94	1.43266
95	1.42709
96	1.4206
97	1.41362
98	1.40561
99	1.39758
100	1.38936
101	1.38102
102	1.37284
103	1.36486
104	1.3575
105	1.35009
106	1.34264
107	1.3353
108	1.32751
109	1.31941
110	1.31086
111	1.30226
112	1.29355
113	1.28447
114	1.27526
115	1.26594
116	1.2563
117	1.2468
118	1.23734
119	1.22776
120	1.21798
121	1.20796
122	1.19826
123	1.18842
124	1.17847
125	1.16855
126	1.15866
127	1.14879
128	1.13892
129	1.1291
130	1.11926
131	1.10926
132	1.09962
133	1.08981
134	1.08016
135	1.07047
136	1.06077
137	1.05095
138	1.04105
139	1.03141
140	1.0215
141	1.01156
142	1.0016
143	0.991577
144	0.981814
145	0.972135
146	0.96266
147	0.953433
148	0.943948
149	0.934433
150	0.924955
151	0.915494
152	0.906314
153	0.897345
154	0.888257
155	0.879277
156	0.870567
157	0.861903
158	0.853288
159	0.844651
160	0.836202
161	0.827911
162	0.819685
163	0.81172
164	0.803707
165	0.795712
166	0.78794
167	0.780266
168	0.77259
169	0.764894
170	0.757055
171	0.749343
172	0.741468
173	0.7335
174	0.725685
175	0.71794
176	0.710207
177	0.70256
178	0.695207
179	0.687702
180	0.6802
181	0.672798
182	0.665494
183	0.658272
184	0.65133
185	0.644323
186	0.637386
187	0.630341
188	0.623467
189	0.616566
190	0.609781
191	0.603057
192	0.596553
193	0.589992
194	0.583705
195	0.577403
196	0.571192
197	0.56521
198	0.559234
199	0.553124
200	0.54696
201	0.540829
202	0.534638
203	0.52846
204	0.522696
205	0.516731
206	0.510964
207	0.505061
208	0.499076
209	0.493176
210	0.487178
211	0.481463
212	0.475873
213	0.470375
214	0.464905
215	0.459279
216	0.454002
217	0.448643
218	0.443333
219	0.43807
220	0.433249
221	0.428658
222	0.424022
223	0.419229
224	0.414534
225	0.409961
226	0.405381
227	0.400854
228	0.396532
229	0.392119
230	0.387539
231	0.382914
232	0.378314
233	0.373753
234	0.369406
235	0.365279
236	0.361294
237	0.357175
238	0.353062
239	0.34905
240	0.345326
241	0.341646
242	0.337892
243	0.334462
244	0.330928
245	0.327443
246	0.323937
247	0.32027
248	0.316821
249	0.313499
250	0.31023
251	0.306612
252	0.303152
253	0.299787
254	0.296482
255	0.293141
256	0.289714
257	0.286264
258	0.282764
259	0.279633
260	0.27627
261	0.273063
262	0.269957
263	0.266565
264	0.263382
265	0.26021
266	0.256965
267	0.25382
268	0.250812
269	0.247844
270	0.244863
271	0.242131
272	0.239166
273	0.236356
274	0.233536
275	0.230706
276	0.22779
277	0.225144
278	0.222323
279	0.219613
280	0.216719
281	0.214127
282	0.211602
283	0.209051
284	0.206619
285	0.204179
286	0.201641
287	0.199032
288	0.19675
289	0.194473
290	0.192242
291	0.190047
292	0.187789
293	0.185445
294	0.183279
295	0.181258
296	0.179427
297	0.177877
298	0.17619
299	0.174471
300	0.172844
301	0.171231
302	0.169409
303	0.16757
304	0.165916
305	0.163952
306	0.162002
307	0.160193
308	0.158329
309	0.1563
310	0.154622
311	0.152957
312	0.151238
313	0.14932
314	0.147527
315	0.145735
316	0.14404
317	0.14222
318	0.140278
319	0.138483
320	0.136625
321	0.134769
322	0.132941
323	0.131124
324	0.129375
325	0.12786
326	0.126405
327	0.124824
328	0.123238
329	0.121802
330	0.120407
331	0.118995
332	0.117428
333	0.115872
334	0.114183
335	0.112423
336	0.110823
337	0.109591
338	0.108231
339	0.106765
340	0.10538
341	0.103898
342	0.102641
343	0.101248
344	0.100097
345	0.0987862
346	0.0973717
347	0.0961231
348	0.0951901
349	0.0942625
350	0.0932424
351	0.0922604
352	0.0910989
353	0.0899482
354	0.0888764
355	0.0876442
356	0.0863303
357	0.0849076
358	0.083621
359	0.0822581
360	0.0809497
361	0.0797392
362	0.0784471
363	0.0771604
364	0.0758465
365	0.0747149
366	0.0736295
367	0.0724326
368	0.0712439
369	0.0703462
370	0.0693588
371	0.0680612
372	0.0669541
373	0.0659939
374	0.0649819
375	0.0637252
376	0.0628003
377	0.0620332
378	0.0610757
379	0.0600148
380	0.0590437
381	0.0582466
382	0.057319
383	0.0567179
384	0.0561357
385	0.0554067
386	0.0547103
387	0.0539541
388	0.0530673
389	0.0525396
390	0.0516855
391	0.0510163
392	0.050222
393	0.0493461
394	0.0485381
395	0.047839
396	0.0468679
397	0.0459784
398	0.0451243
399	0.0443055
400	0.0433969
401	0.0424557
402	0.0415036
403	0.040538
404	0.0397137
405	0.0387508
406	0.0379837
407	0.037173
408	0.0362808
409	0.035209
410	0.0343794
411	0.0336177
412	0.0328751
413	0.0321651
414	0.0315503
415	0.0308485
416	0.0301929
417	0.0296298
418	0.0289253
419	0.0283132
420	0.0276767
421	0.0268987
422	0.0262921
423	0.025642
424	0.0249374
425	0.0241567
426	0.0234712
427	0.0228673
428	0.0223859
429	0.0217276
430	0.021159
431	0.0204817
432	0.019837
433	0.0191542
434	0.0184796
435	0.0177941
436	0.0170678
437	0.0163769
438	0.0158464
439	0.0151419
440	0.014742
441	0.0142007
442	0.013537
443	0.0129739
444	0.0125713
445	0.0121959
446	0.0118531
447	0.0115893
448	0.0112764
449	0.0110507
450	0.0108276
451	0.0105474
452	0.0105257
453	0.0102863
454	0.0100143
455	0.00945933
456	0.00909754
457	0.00866774
458	0.00838484
459	0.00802304
460	0.00764493
461	0.00714713
462	0.00677718
463	0.00637187
464	0.00604
465	0.00552043
466	0.00524841
467	0.00485126
468	0.00433713
469	0.00388285
470	0.00373052
471	0.00324088
472	0.00272948
473	0.00240305
474	0.0020739
475	0.00189709
476	0.00172299
477	0.00169851
478	0.00172299
479	0.00172027
480	0.00178556
481	0.00198413
482	0.00203854
483	0.00191613
484	0.00193789
485	0.00173115
486	0.00137208
487	0.000969489
488	0.000613139
489	0.000243187
490	-0.0003199
491	-0.000605524
492	-0.000948273
493	-0.00138623
494	-0.00179426
495	-0.00224854
496	-0.00250424
497	-0.00266202
498	-0.00297756
499	-0.00316798
500	-0.00362226
501	-0.00371475
502	-0.0040575
503	-0.0042996
504	-0.0048246
505	-0.00516191
506	-0.00551554
507	-0.00578212
508	-0.00616023
509	-0.00655195
510	-0.00694638
511	-0.00714496
512	-0.00737074
513	-0.0076346
514	-0.00791478
515	-0.00826841
516	-0.00844795
517	-0.00872541
518	-0.00931842
519	-0.0097455
520	-0.010129
521	-0.0103249
522	-0.0104691
523	-0.0109805
524	-0.0111709
525	-0.0117557
526	-0.0121067
527	-0.0126017
528	-0.0127432
529	-0.0130887
530	-0.0134178
531	-0.0137198
532	-0.0138503
533	-0.0142094
534	-0.0144977
535	-0.0148269
536	-0.0151397
537	-0.0156239
538	-0.0160211
539	-0.0163121
540	-0.0168399
541	-0.017101
542	-0.0175498
543	-0.0178219
544	-0.0182435
545	-0.0183768
546	-0.0186679
547	-0.0192391
548	-0.0196335
549	-0.0201912
550	-0.0204034
551	-0.0206808
552	-0.0209637
553	-0.0212004
554	-0.0215812
555	-0.021856
556	-0.0221334
557	-0.0223755
558	-0.0225959
559	-0.0229359
560	-0.0232297
561	-0.0234011
562	-0.0236622
563	-0.0239342
564	-0.0241872
565	-0.0243395
566	-0.0247503
567	-0.0248917
568	-0.025229
569	-0.0256588
570	-0.0259744
571	-0.02626
572	-0.0264259
573	-0.0265946
574	-0.0268421
575	-0.027019
576	-0.0271876
577	-0.0274732
578	-0.0277153
579	-0.028039
580	-0.0282104
581	-0.0283328
582	-0.0283927
583	-0.0287545
584	-0.0288279
585	-0.0289748
586	-0.0292577
587	-0.0295107
588	-0.0298317
589	-0.0298698
590	-0.0299568
591	-0.0302724
592	-0.0304709
593	-0.0305825
594	-0.0304356
595	-0.0301635
596	-0.029712
597	-0.0292414
598	-0.0287953
599	-0.0284906
600	-0.0280118
601	-0.0277126
602	-0.0275494
603	-0.0273699
604	-0.0271985
605	-0.0270842
606	-0.0272665
607	-0.0272883
608	-0.0275195
609	-0.0276147
610	-0.0276773
611	-0.0277289
612	-0.0276528
613	-0.0273236
614	-0.0268177
615	-0.0264586
616	-0.0263906
617	-0.0259499
618	-0.0255664
619	-0.0256099
620	-0.0255419
621	-0.0256588
622	-0.0255908
623	-0.0257785
624	-0.0258003
625	-0.0258574
626	-0.0260315
627	-0.0263688
628	-0.0266272
629	-0.0268285
630	-0.0269129
631	-0.0269156
632	-0.0272475
633	-0.0273726
634	-0.0274624
635	-0.0277126
636	-0.0277235
637	-0.0275412
638	-0.0275902
639	-0.027612
640	-0.0276528
641	-0.0277752
642	-0.0279738
643	-0.0280173
644	-0.0281968
645	-0.0284471
646	-0.0282104
647	-0.0267932
648	-0.0239261
649	-0.0199708
650	-0.0158198
651	-0.0118782
652	-0.00822761
653	-0.00502862
654	-0.00250425
655	-0.00132095
656	-0.0010598
657	-0.000801382
658	-0.000371585
659	3.91694e-05
660	0.000362877
661	0.000512489
662	0.000542412
663	0.000376478
664	0.000215984
665	4.73301e-05
666	-0.00019477
667	-0.000461353
668	-0.000355264
669	-0.000357984
670	-0.00030902
671	-0.000281818
672	-0.00030358
673	-0.000415109
674	-0.000510317
675	-0.000755138
676	-0.000948274
677	-0.00110333
678	-0.00121758
679	-0.00152224
680	-0.00163377
681	-0.00169362
682	-0.00188403
683	-0.00219958
684	-0.00243352
685	-0.00232199
686	-0.00264298
687	-0.00276267
688	-0.00279259
689	-0.00271642
690	-0.00295308
691	-0.00311902
692	-0.00324959
693	-0.00323599
694	-0.00330127
695	-0.00333392
696	-0.00355697
697	-0.00363586
698	-0.00365762
699	-0.00359506
700	-0.00363858
701	-0.00359506
702	-0.00376371
703	-0.00367666
704	-0.00348353
705	-0.00351073
706	-0.00352977
707	-0.0036277
708	-0.00378547
709	-0.00388884
710	-0.00403301
711	-0.00404934
712	-0.00426695
713	-0.00425335
714	-0.00443833
715	-0.00468587
716	-0.00488989
717	-0.0048518
718	-0.00511295
719	-0.00530608
720	-0.00552642
721	-0.00571956
722	-0.0059535
723	-0.00611671
724	-0.00639417
725	-0.00671244
726	-0.00700351
727	-0.00727553
728	-0.00749315
729	-0.0076618
730	-0.00809976
731	-0.00835546
732	-0.00863564
733	-0.00907088
734	-0.00936467
735	-0.00953332
736	-0.00971013
737	-0.010159
738	-0.0104528
739	-0.0107792
740	-0.0110022
741	-0.0113668
742	-0.0116061
743	-0.0117149
744	-0.0118537
745	-0.0121094
746	-0.0123161
747	-0.0124929
748	-0.0124222
749	-0.0125501
750	-0.0123243
751	-0.0122971
752	-0.0122182
753	-0.0122916
754	-0.0122291
755	-0.0123161
756	-0.0124739
757	-0.0127187
758	-0.0129826
759	-0.0129581
760	-0.0130914
761	-0.0133308
762	-0.0136844
763	-0.014038
764	-0.0141305
765	-0.013766
766	-0.0135593
767	-0.0129608
768	-0.0113396
769	-0.00887502
770	-0.00607863
771	-0.00320334
772	-0.000513037
773	0.00202222
774	0.00430177
775	0.00645891
776	0.00829507
777	0.0100659
778	0.0113744
779	0.0125604
780	0.0134336
781	0.0143068
782	0.014587
783	0.01481
784	0.0149515
785	0.0149678
786	0.0149868
787	0.0146658
788	0.0146223
789	0.0145244
790	0.0144863
791	0.0143802
792	0.0144428
793	0.0143884
794	0.0143666
795	0.0145326
796	0.0149052
797	0.0153459
798	0.0155608
799	0.0159661
800	0.0161239
801	0.0161103
802	0.0161348
803	0.016064
804	0.016045
805	0.0160205
806	0.0157675
807	0.015539
808	0.0154819
809	0.0154112
810	0.015131
811	0.0150168
812	0.0147828
813	0.0144809
814	0.014081
815	0.0135778
816	0.0130664
817	0.0129956
818	0.0127535
819	0.012525
820	0.0125114
821	0.0124081
822	0.0123101
823	0.0121333
824	0.0119701
825	0.011728
826	0.0115512
827	0.0113363
828	0.0111622
829	0.0110425
830	0.0107406
831	0.0103543
832	0.0099
833	0.00968238
834	0.00928795
835	0.00882823
836	0.00833859
837	0.00783807
838	0.00742459
839	0.00704104
840	0.00664661
841	0.00635554
842	0.00588766
843	0.00555036
844	0.00527017
845	0.00499543
846	0.00467988
847	0.00419024
848	0.00379309
849	0.00341226
850	0.00291445
851	0.00245745
852	0.00206574
853	0.00162778
854	0.00110006
855	0.000760031
856	0.00050705
857	0.000224146
858	-0.000303578
859	-0.000638167
860	-0.0010462
861	-0.00141343
862	-0.0016909
863	-0.0019602
864	-0.0024716
865	-0.00298028
866	-0.00332303
867	-0.0038698
868	-0.00445737
869	-0.00497693
870	-0.00531152
871	-0.00571956
872	-0.00634793
873	-0.00668796
874	-0.00709871
875	-0.00750131
876	-0.0079175
877	-0.00842618
878	-0.00895935
879	-0.00930754
880	-0.00972917
881	-0.009974
882	-0.0104256
883	-0.01082
884	-0.0111627
885	-0.0113831
886	-0.0117204
887	-0.0122916
888	-0.0126235
889	-0.0130125
890	-0.013377
891	-0.0135565
892	-0.0140027
893	-0.0146337
894	-0.0150907
895	-0.0156511
896	-0.0160564
897	-0.0163557
898	-0.0168045
899	-0.0170765
900	-0.0175417
901	-0.017879
902	-0.0181945
903	-0.0185101
904	-0.0188882
905	-0.0192418
906	-0.0195111
907	-0.0198267
908	-0.0201667
909	-0.0203925
910	-0.02064
911	-0.02098
912	-0.0213772
913	-0.0215758
914	-0.0218396
915	-0.0221416
916	-0.0224843
917	-0.0229658
918	-0.0235126
919	-0.0237003
920	-0.0239179
921	-0.0242797
922	-0.0246306
923	-0.0249597
924	-0.0253188
925	-0.0256724
926	-0.0257704
927	-0.0259445
928	-0.0261403
929	-0.0263851
930	-0.026853
931	-0.0270543
932	-0.0272828
933	-0.0274433
934	-0.0276664
935	-0.0275902
936	-0.027359
937	-0.0268911
938	-0.0263226
939	-0.0257268
940	-0.0252182
941	-0.0246061
942	-0.0243042
943	-0.0239913
944	-0.0238254
945	-0.023635
946	-0.0235996
947	-0.0235534
948	-0.0236132
949	-0.0236649
950	-0.0235942
951	-0.0239614
952	-0.0240104
953	-0.0241138
954	-0.0242579
955	-0.0245272
956	-0.0246388
957	-0.0250114
958	-0.0252454
959	-0.0253623
960	-0.0255854
961	-0.0257296
962	-0.025988
963	-0.0262927
964	-0.0263335
965	-0.0265184
966	-0.0267605
967	-0.0268775
968	-0.027019
969	-0.0272366
970	-0.0274868
971	-0.0278377
972	-0.027903
973	-0.0281152
974	-0.0282811
975	-0.0286375
976	-0.0288796
977	-0.0291407
978	-0.0292441
979	-0.0293039
980	-0.029255
981	-0.0295324
982	-0.0296902
983	-0.0297691
984	-0.0298072
985	-0.0298752
986	-0.0297854
987	-0.0300874
988	-0.030101
989	-0.0301962
990	-0.03049
991	-0.0307511
992	-0.0309987
993	-0.0311727
994	-0.0314638
995	-0.0316569
996	-0.0316923
997	-0.0318256
998	-0.0318365
999	-0.0319371
1000	-0.0323479
1001	-0.0326063
1002	-0.0328919
1003	-0.0331232
1004	-0.0334605
1005	-0.0336971
1006	-0.0339202
1007	-0.0343364
1008	-0.0346818
1009	-0.0349702
1010	-0.0350953
1011	-0.0352613
1012	-0.0353265
1013	-0.035487
1014	-0.0355197
1015	-0.0356448
1016	-0.0357645
1017	-0.0359413
1018	-0.0359903
1019	-0.0363004
1020	-0.0363657
1021	-0.0365126
1022	-0.0368145
1023	-0.0367819
