0	0.000220936
1	0.000318864
2	7.94837e-05
3	3.32398e-05
4	2.23589e-05
5	8.22039e-05
6	0.000337906
7	0.000169251
8	5.77219e-05
9	0.00015837
10	0.00015565
11	0.000191013
12	0.000139329
13	-0.000135414
14	-0.000146295
15	-0.000260545
16	-0.000168057
17	-0.000227902
18	-0.000304069
19	-0.000211581
20	-4.02064e-05
21	0.000106686
22	2.77993e-05
23	-0.0002007
24	-0.00031495
25	-0.000497205
26	-0.000363914
27	-0.000353033
28	-0.000222462
29	-0.00020614
30	-0.000173498
31	-0.000274146
32	-0.000380235
33	-0.000355753
34	-0.000189819
35	-0.000265985
36	-0.0002007
37	-0.000132694
38	3.31727e-06
39	0.000191013
40	0.000288941
41	0.000460316
42	0.000348786
43	0.000384149
44	0.000378709
45	0.000492959
46	0.000299822
47	0.000264459
48	0.000182852
49	0.000229096
50	0.000185573
51	0.000359667
52	0.000430393
53	0.000634411
54	0.000435834
55	0.000180132
56	8.76444e-05
57	0.00027806
58	0.000166531
59	0.000218215
60	0.0021523
61	0.0113848
62	0.0415521
63	0.113219
64	0.244971
65	0.44148
66	0.68712
67	0.948898
68	1.18948
69	1.38456
70	1.52415
71	1.61196
72	1.65682
73	1.67091
74	1.66465
75	1.64729
76	1.62533
77	1.6026
78	1.58183
79	1.56365
80	1.54864
81	1.53607
82	1.52536
83	1.51551
84	1.50613
85	1.49721
86	1.48863
87	1.48029
88	1.47176
89	1.46327
90	1.4541
91	1.44498
92	1.43617
93	1.42745
94	1.41851
95	1.40906
96	1.39987
97	1.39067
98	1.38077
99	1.37074
100	1.3606
101	1.35071
102	1.34085
103	1.33144
104	1.32208
105	1.31263
106	1.3029
107	1.29291
108	1.28271
109	1.273
110	1.26376
111	1.2548
112	1.24564
113	1.23628
114	1.22643
115	1.21656
116	1.20675
117	1.19718
118	1.18802
119	1.1788
120	1.16927
121	1.15934
122	1.14911
123	1.13877
124	1.12837
125	1.1179
126	1.10739
127	1.09722
128	1.08745
129	1.07791
130	1.06852
131	1.05896
132	1.04924
133	1.03953
134	1.02968
135	1.02018
136	1.01041
137	1.00038
138	0.990208
139	0.979846
140	0.970247
141	0.961153
142	0.952429
143	0.943501
144	0.934002
145	0.92456
146	0.915216
147	0.905973
148	0.896591
149	0.887582
150	0.878852
151	0.87005
152	0.861375
153	0.853046
154	0.844814
155	0.836659
156	0.82833
157	0.820158
158	0.811739
159	0.803619
160	0.795445
161	0.787306
162	0.779322
163	0.771665
164	0.76373
165	0.755901
166	0.748077
167	0.740175
168	0.732567
169	0.724961
170	0.717581
171	0.710206
172	0.702943
173	0.695727
174	0.6886
175	0.6815
176	0.674588
177	0.667575
178	0.660402
179	0.653318
180	0.646305
181	0.639521
182	0.633218
183	0.627092
184	0.620877
185	0.614588
186	0.608214
187	0.601745
188	0.595092
189	0.588748
190	0.5829
191	0.577171
192	0.571948
193	0.567683
194	0.56456
195	0.56246
196	0.560953
197	0.55904
198	0.556211
199	0.552341
200	0.547463
201	0.541949
202	0.535853
203	0.529608
204	0.523574
205	0.517834
206	0.512291
207	0.506932
208	0.501535
209	0.496323
210	0.491402
211	0.48647
212	0.481729
213	0.477211
214	0.472578
215	0.467959
216	0.463427
217	0.45902
218	0.454575
219	0.44997
220	0.44564
221	0.441456
222	0.437177
223	0.432925
224	0.428701
225	0.424626
226	0.420306
227	0.415937
228	0.41177
229	0.407298
230	0.40282
231	0.398414
232	0.394012
233	0.389663
234	0.385357
235	0.381292
236	0.377544
237	0.374051
238	0.370782
239	0.367944
240	0.365314
241	0.36292
242	0.360749
243	0.358494
244	0.356163
245	0.353584
246	0.350497
247	0.347499
248	0.34451
249	0.341419
250	0.33853
251	0.33541
252	0.332502
253	0.329246
254	0.325884
255	0.322536
256	0.319113
257	0.31592
258	0.312892
259	0.309628
260	0.306478
261	0.303328
262	0.300439
263	0.297645
264	0.294977
265	0.29236
266	0.289596
267	0.286707
268	0.283786
269	0.281085
270	0.278133
271	0.275326
272	0.272766
273	0.27031
274	0.26769
275	0.265084
276	0.26244
277	0.259818
278	0.257242
279	0.25496
280	0.252789
281	0.250556
282	0.248339
283	0.245931
284	0.24366
285	0.241212
286	0.23906
287	0.237088
288	0.235015
289	0.23301
290	0.230837
291	0.228707
292	0.226509
293	0.224281
294	0.222107
295	0.220084
296	0.217983
297	0.215848
298	0.214121
299	0.21291
300	0.212124
301	0.211409
302	0.210642
303	0.209719
304	0.20849
305	0.206871
306	0.204997
307	0.202935
308	0.20086
309	0.198961
310	0.197206
311	0.195275
312	0.19308
313	0.191007
314	0.189176
315	0.187566
316	0.185594
317	0.183396
318	0.181489
319	0.179585
320	0.177781
321	0.175904
322	0.174229
323	0.172667
324	0.171013
325	0.169278
326	0.167659
327	0.166299
328	0.16483
329	0.163478
330	0.162175
331	0.160962
332	0.159575
333	0.158285
334	0.157075
335	0.156142
336	0.155386
337	0.155048
338	0.155143
339	0.155318
340	0.155405
341	0.155228
342	0.154578
343	0.153696
344	0.152497
345	0.151006
346	0.149368
347	0.147878
348	0.146422
349	0.145133
350	0.143969
351	0.143188
352	0.142421
353	0.141227
354	0.140158
355	0.138806
356	0.137375
357	0.136066
358	0.134834
359	0.133662
360	0.132416
361	0.131099
362	0.129761
363	0.128491
364	0.127269
365	0.12611
366	0.124764
367	0.123521
368	0.122476
369	0.121296
370	0.120175
371	0.119269
372	0.118072
373	0.116941
374	0.115997
375	0.115009
376	0.11452
377	0.113872
378	0.113023
379	0.112414
380	0.11171
381	0.111092
382	0.110385
383	0.109547
384	0.108957
385	0.108162
386	0.10736
387	0.106702
388	0.105703
389	0.104632
390	0.103682
391	0.102654
392	0.10177
393	0.101003
394	0.10011
395	0.0991883
396	0.0979561
397	0.0970094
398	0.096226
399	0.0955432
400	0.0947843
401	0.0939873
402	0.093212
403	0.0924503
404	0.0916859
405	0.0909433
406	0.0903041
407	0.0896947
408	0.0891126
409	0.0886175
410	0.0878722
411	0.0869582
412	0.0862428
413	0.0854593
414	0.0849126
415	0.0843413
416	0.0838571
417	0.0831091
418	0.0825133
419	0.0817979
420	0.0811831
421	0.0806554
422	0.0800325
423	0.0792518
424	0.0784928
425	0.0778917
426	0.0771055
427	0.0762459
428	0.0755795
429	0.0750164
430	0.0743091
431	0.0737324
432	0.0732156
433	0.0726362
434	0.0720105
435	0.0713577
436	0.0707021
437	0.0702124
438	0.069429
439	0.0688904
440	0.0681804
441	0.0674514
442	0.0670923
443	0.0667958
444	0.0663579
445	0.065822
446	0.0653813
447	0.0650086
448	0.0645081
449	0.0643286
450	0.0642606
451	0.0645816
452	0.0650794
453	0.0654085
454	0.0662817
455	0.0672311
456	0.0681532
457	0.06941
458	0.0703376
459	0.0710911
460	0.0715508
461	0.0717467
462	0.0716895
463	0.0713549
464	0.0709524
465	0.0705307
466	0.070052
467	0.0694861
468	0.0690237
469	0.0686374
470	0.0682702
471	0.0677071
472	0.0673997
473	0.0671141
474	0.0670325
475	0.0667197
476	0.066415
477	0.06626
478	0.0659036
479	0.0656289
480	0.0651175
481	0.0645272
482	0.0640457
483	0.0637057
484	0.0631834
485	0.0626883
486	0.0620735
487	0.0617825
488	0.0616165
489	0.0615159
490	0.0609174
491	0.060406
492	0.0598511
493	0.0593642
494	0.0589561
495	0.0584447
496	0.0580476
497	0.0576586
498	0.0575579
499	0.0573811
500	0.0570846
501	0.0565759
502	0.0560537
503	0.0556619
504	0.0552485
505	0.0547833
506	0.0542882
507	0.0538883
508	0.0535157
509	0.0531484
510	0.0525636
511	0.0518944
512	0.0515544
513	0.0512198
514	0.0510158
515	0.0506404
516	0.0502052
517	0.0501453
518	0.0498107
519	0.0492476
520	0.0488777
521	0.0485404
522	0.0483636
523	0.0478549
524	0.0473272
525	0.0467586
526	0.0465056
527	0.0459806
528	0.0458201
529	0.0454148
530	0.0450422
531	0.0449225
532	0.0447103
533	0.0442995
534	0.0440194
535	0.0437365
536	0.0433964
537	0.0432495
538	0.0428415
539	0.0426429
540	0.0423002
541	0.0417996
542	0.0413753
543	0.0411114
544	0.0410815
545	0.0407469
546	0.040532
547	0.0404259
548	0.0403525
549	0.0404477
550	0.0402899
551	0.0403606
552	0.0404069
553	0.0404015
554	0.0401376
555	0.0397513
556	0.0394466
557	0.0392399
558	0.0391665
559	0.0389135
560	0.0384293
561	0.0379505
562	0.0375098
563	0.0371181
564	0.0368162
565	0.0369386
566	0.0367699
567	0.036468
568	0.0364
569	0.0359403
570	0.035641
571	0.0354153
572	0.0350671
573	0.0348386
574	0.0346917
575	0.0341857
576	0.0337586
577	0.0334241
578	0.0334322
579	0.0335356
580	0.0334431
581	0.0333316
582	0.0331357
583	0.0330296
584	0.0329099
585	0.0326325
586	0.0323496
587	0.0320503
588	0.0319878
589	0.0319905
590	0.0321619
591	0.0323577
592	0.0326379
593	0.0328147
594	0.0329018
595	0.0332336
596	0.0334431
597	0.0336934
598	0.0337015
599	0.0336852
600	0.0336634
601	0.0335846
602	0.0336906
603	0.0337967
604	0.0337206
605	0.0337042
606	0.03359
607	0.0333697
608	0.0333941
609	0.0333561
610	0.0334268
611	0.0332309
612	0.0331765
613	0.0330432
614	0.0330568
615	0.0334322
616	0.0347352
617	0.0369304
618	0.0396588
619	0.0425912
620	0.0449796
621	0.0467586
622	0.0480399
623	0.0484642
624	0.0480263
625	0.0476318
626	0.0469681
627	0.0464703
628	0.0457875
629	0.0450694
630	0.044509
631	0.0440302
632	0.043712
633	0.0435977
634	0.043731
635	0.0436494
636	0.0437065
637	0.0436603
638	0.0435624
639	0.0436113
640	0.0436276
641	0.0438507
642	0.044071
643	0.044305
644	0.044188
645	0.0441499
646	0.0441282
647	0.0440357
648	0.0438589
649	0.0436576
650	0.0436276
651	0.0437337
652	0.0439922
653	0.0444628
654	0.0450666
655	0.045491
656	0.045676
657	0.0455481
658	0.0454203
659	0.0452244
660	0.0448191
661	0.0444845
662	0.0444165
663	0.0443213
664	0.0443349
665	0.0441309
666	0.0437555
667	0.0435896
668	0.0434808
669	0.0435188
670	0.0438725
671	0.0442506
672	0.0442642
673	0.0440955
674	0.0438235
675	0.0434699
676	0.043051
677	0.0430238
678	0.0429122
679	0.0427898
680	0.0425912
681	0.0423192
682	0.0419737
683	0.0415276
684	0.041378
685	0.0411794
686	0.0410706
687	0.0411713
688	0.0413426
689	0.0410761
690	0.0410516
691	0.0407388
692	0.0403906
693	0.0399036
694	0.0394494
695	0.0392018
696	0.0388863
697	0.0384674
698	0.0381518
699	0.0380076
700	0.0386224
701	0.0407007
702	0.0438153
703	0.0479392
704	0.0523569
705	0.0558279
706	0.0580177
707	0.0589453
708	0.05888
709	0.0582788
710	0.0571853
711	0.0560781
712	0.0550744
713	0.0539781
714	0.0532001
715	0.0523922
716	0.0514401
717	0.0506214
718	0.0501671
719	0.049653
720	0.0491606
721	0.0487743
722	0.0484152
723	0.0481949
724	0.0479963
725	0.0477325
726	0.0474496
727	0.0469273
728	0.0462853
729	0.0458555
730	0.045355
731	0.0448327
732	0.0442968
733	0.0438534
734	0.0433067
735	0.0427599
736	0.0424552
737	0.0422893
738	0.0423111
739	0.0423165
740	0.0421206
741	0.0416827
742	0.0412311
743	0.0411468
744	0.0409482
745	0.0404096
746	0.0402654
747	0.0402437
748	0.0401049
749	0.0397867
750	0.0395609
751	0.0395555
752	0.0393514
753	0.0392998
754	0.0392726
755	0.0392644
756	0.0395772
757	0.0401077
758	0.0405701
759	0.0412937
760	0.0423301
761	0.0436004
762	0.0447103
763	0.0457984
764	0.0468702
765	0.0501127
766	0.057373
767	0.0678513
768	0.0792735
769	0.0850975
770	0.0846677
771	0.0843876
772	0.084208
773	0.0840965
774	0.0841373
775	0.0844229
776	0.0853206
777	0.0892024
778	0.097189
779	0.107743
780	0.118135
781	0.119576
782	0.118932
783	0.118203
784	0.117553
785	0.117109
786	0.11663
787	0.116241
788	0.115725
789	0.115194
790	0.114367
791	0.113867
792	0.113559
793	0.113516
794	0.11418
795	0.115526
796	0.117615
797	0.120028
798	0.122022
799	0.123298
800	0.124165
801	0.124677
802	0.124995
803	0.125014
804	0.124729
805	0.124258
806	0.123959
807	0.123526
808	0.12317
809	0.122852
810	0.122354
811	0.122125
812	0.122259
813	0.122104
814	0.122041
815	0.121894
816	0.121897
817	0.121712
818	0.12169
819	0.121859
820	0.122019
821	0.122256
822	0.122982
823	0.123728
824	0.124495
825	0.125099
826	0.125765
827	0.126225
828	0.126249
829	0.125953
830	0.125738
831	0.125224
832	0.125011
833	0.124609
834	0.124168
835	0.123537
836	0.123034
837	0.122822
838	0.122509
839	0.122207
840	0.121968
841	0.121774
842	0.121538
843	0.121293
844	0.121252
845	0.121388
846	0.121505
847	0.12156
848	0.121394
849	0.121451
850	0.121706
851	0.122283
852	0.123064
853	0.123581
854	0.123907
855	0.124008
856	0.123921
857	0.123766
858	0.123744
859	0.123611
860	0.123613
861	0.123241
862	0.123309
863	0.123023
864	0.122732
865	0.12265
866	0.122699
867	0.122596
868	0.122484
869	0.122471
870	0.122381
871	0.122411
872	0.122378
873	0.122044
874	0.121628
875	0.121655
876	0.121391
877	0.120822
878	0.120216
879	0.119533
880	0.118845
881	0.118154
882	0.117185
883	0.116416
884	0.115795
885	0.114963
886	0.114329
887	0.113693
888	0.112925
889	0.11243
890	0.111799
891	0.111427
892	0.110978
893	0.110812
894	0.110417
895	0.110058
896	0.10983
897	0.109381
898	0.109101
899	0.108753
900	0.108225
901	0.107539
902	0.107044
903	0.106432
904	0.105736
905	0.105148
906	0.10461
907	0.104177
908	0.103603
909	0.103141
910	0.102948
911	0.102521
912	0.10227
913	0.101783
914	0.101541
915	0.1014
916	0.101125
917	0.100859
918	0.100285
919	0.0998004
920	0.0992101
921	0.0985219
922	0.0980241
923	0.0975508
924	0.0971318
925	0.0967701
926	0.0965198
927	0.0963511
928	0.095954
929	0.0958153
930	0.0955732
931	0.0951842
932	0.0947462
933	0.0942566
934	0.0937288
935	0.0935303
936	0.0931277
937	0.0926734
938	0.092113
939	0.0919335
940	0.092279
941	0.0929536
942	0.0939138
943	0.0948822
944	0.0955269
945	0.0960492
946	0.0961553
947	0.0960165
948	0.0956711
949	0.0952739
950	0.0952222
951	0.0948795
952	0.0945639
953	0.0941886
954	0.0935874
955	0.0931304
956	0.0925292
957	0.0923034
958	0.09189
959	0.0915363
960	0.0910222
961	0.0904918
962	0.0895832
963	0.088691
964	0.0879456
965	0.0868603
966	0.0859191
967	0.0852526
968	0.0845644
969	0.083936
970	0.0834001
971	0.0830247
972	0.0827554
973	0.0824943
974	0.0822821
975	0.081885
976	0.0813681
977	0.0810444
978	0.0807452
979	0.0803399
980	0.0800434
981	0.0803181
982	0.0815259
983	0.0835443
984	0.0859299
985	0.0879075
986	0.0894635
987	0.0905897
988	0.0911283
989	0.090995
990	0.0904074
991	0.0897791
992	0.0888814
993	0.0878395
994	0.087048
995	0.0861938
996	0.085677
997	0.0846868
998	0.0838299
999	0.0829159
1000	0.082293
1001	0.0818659
1002	0.0810825
1003	0.0803317
1004	0.0802664
1005	0.0818142
1006	0.0848554
1007	0.0887209
1008	0.0925183
1009	0.0956983
1010	0.0975807
1011	0.0981274
1012	0.0977221
1013	0.0966694
1014	0.0952467
1015	0.0943055
1016	0.0932174
1017	0.0920885
1018	0.091112
1019	0.0900946
1020	0.0893547
1021	0.0887699
1022	0.088302
1023	0.0876654
