0	-0.000138802
1	-0.000119045
2	-0.00035613
3	-0.000347663
4	-0.000629906
5	-0.000692
6	-0.000793607
7	-0.000660953
8	-0.000590392
9	-0.000533943
10	-0.000299681
11	-0.000212186
12	0.000120862
13	0.000182955
14	1.07867e-05
15	-0.00024041
16	-0.000469027
17	-0.000596037
18	-0.00076256
19	-0.000756916
20	-0.000610149
21	4.74784e-05
22	0.000631722
23	0.000724863
24	0.000747442
25	0.000758732
26	0.000707928
27	0.000301498
28	3.90111e-05
29	-5.41293e-05
30	-9.92882e-05
31	-0.0001134
32	0.000151908
33	0.000267628
34	0.000609143
35	0.00086034
36	0.000922433
37	0.000651479
38	0.000693816
39	0.000544227
40	0.000250694
41	-0.000206541
42	-0.000511364
43	-0.00056499
44	-0.000536766
45	-0.000288391
46	1.64316e-05
47	0.000493423
48	0.00075591
49	0.000693816
50	0.000764377
51	0.000882919
52	0.000620433
53	0.00029303
54	-0.000277102
55	-0.00022912
56	0.000476488
57	0.00229414
58	0.00758902
59	0.0230052
60	0.0600355
61	0.133512
62	0.245983
63	0.385299
64	0.537154
65	0.68906
66	0.833555
67	0.965817
68	1.08366
69	1.18521
70	1.27031
71	1.33892
72	1.3918
73	1.43031
74	1.45675
75	1.47436
76	1.48601
77	1.49448
78	1.50107
79	1.50576
80	1.50846
81	1.5099
82	1.51074
83	1.51109
84	1.51096
85	1.51056
86	1.50976
87	1.50847
88	1.50773
89	1.5077
90	1.5072
91	1.50472
92	1.49922
93	1.49065
94	1.48036
95	1.46968
96	1.46024
97	1.45305
98	1.44714
99	1.44169
100	1.43504
101	1.42692
102	1.41767
103	1.40705
104	1.39556
105	1.3837
106	1.37213
107	1.36116
108	1.35117
109	1.34227
110	1.33378
111	1.32494
112	1.31515
113	1.30448
114	1.29316
115	1.28198
116	1.27169
117	1.26172
118	1.25145
119	1.24017
120	1.22801
121	1.21473
122	1.20159
123	1.18916
124	1.17797
125	1.16812
126	1.15985
127	1.15233
128	1.14502
129	1.13683
130	1.12621
131	1.11296
132	1.09762
133	1.08168
134	1.06634
135	1.05344
136	1.04315
137	1.03544
138	1.02921
139	1.02358
140	1.01773
141	1.01074
142	1.00121
143	0.988964
144	0.974281
145	0.95829
146	0.942196
147	0.928448
148	0.918118
149	0.911025
150	0.90606
151	0.901993
152	0.897726
153	0.892166
154	0.884576
155	0.87459
156	0.861635
157	0.84638
158	0.831026
159	0.817151
160	0.806657
161	0.800312
162	0.796925
163	0.79419
164	0.79051
165	0.784687
166	0.776344
167	0.765946
168	0.754405
169	0.742224
170	0.730045
171	0.718752
172	0.709184
173	0.701355
174	0.695659
175	0.691434
176	0.687801
177	0.683706
178	0.678177
179	0.671175
180	0.662947
181	0.653721
182	0.644203
183	0.634161
184	0.624305
185	0.61551
186	0.608404
187	0.603981
188	0.602242
189	0.60222
190	0.601813
191	0.599313
192	0.593315
193	0.584331
194	0.572934
195	0.560402
196	0.548274
197	0.538227
198	0.531924
199	0.529302
200	0.529508
201	0.530276
202	0.529833
203	0.52644
204	0.519381
205	0.50928
206	0.497482
207	0.485842
208	0.47519
209	0.467144
210	0.462416
211	0.460649
212	0.460209
213	0.459596
214	0.457615
215	0.453999
216	0.44853
217	0.440714
218	0.431112
219	0.421211
220	0.41225
221	0.404909
222	0.400043
223	0.397274
224	0.395702
225	0.394725
226	0.393131
227	0.391192
228	0.388146
229	0.383464
230	0.377136
231	0.369583
232	0.3615
233	0.353876
234	0.347938
235	0.343888
236	0.341977
237	0.341537
238	0.341444
239	0.341113
240	0.339547
241	0.33614
242	0.331167
243	0.324619
244	0.317343
245	0.310321
246	0.304501
247	0.300654
248	0.298506
249	0.298469
250	0.299765
251	0.300394
252	0.299513
253	0.29655
254	0.291057
255	0.284052
256	0.276465
257	0.269102
258	0.263519
259	0.260067
260	0.258805
261	0.259336
262	0.260465
263	0.261529
264	0.261253
265	0.258574
266	0.25359
267	0.246923
268	0.239768
269	0.233133
270	0.228162
271	0.225235
272	0.224826
273	0.225916
274	0.227968
275	0.229638
276	0.230019
277	0.228487
278	0.22536
279	0.22118
280	0.21628
281	0.212063
282	0.209232
283	0.208004
284	0.208213
285	0.209416
286	0.211369
287	0.21317
288	0.213401
289	0.212543
290	0.210133
291	0.206105
292	0.201123
293	0.196266
294	0.192357
295	0.189825
296	0.188482
297	0.188047
298	0.18851
299	0.188809
300	0.188998
301	0.18858
302	0.186805
303	0.183765
304	0.179656
305	0.174375
306	0.169176
307	0.165214
308	0.162992
309	0.162388
310	0.162671
311	0.163495
312	0.163986
313	0.16341
314	0.161575
315	0.158584
316	0.154909
317	0.151025
318	0.147017
319	0.143608
320	0.141765
321	0.141443
322	0.142259
323	0.143122
324	0.14358
325	0.14284
326	0.141031
327	0.138451
328	0.134982
329	0.131356
330	0.127828
331	0.125112
332	0.12367
333	0.123131
334	0.123379
335	0.123549
336	0.123368
337	0.122541
338	0.12093
339	0.118372
340	0.115285
341	0.112019
342	0.109022
343	0.1066
344	0.105226
345	0.104334
346	0.104523
347	0.105183
348	0.105496
349	0.105228
350	0.104283
351	0.102443
352	0.100117
353	0.0976388
354	0.0953555
355	0.0934277
356	0.0927532
357	0.0927899
358	0.0933798
359	0.0942491
360	0.0951184
361	0.0954825
362	0.0947317
363	0.0928999
364	0.0903598
365	0.0873426
366	0.0844326
367	0.0821154
368	0.0809752
369	0.0809131
370	0.0816074
371	0.0827392
372	0.0840093
373	0.0844665
374	0.0836706
375	0.0818868
376	0.0791857
377	0.0763577
378	0.0735691
379	0.0714579
380	0.0697503
381	0.0693383
382	0.0699507
383	0.0707692
384	0.071345
385	0.0711841
386	0.0702612
387	0.0684407
388	0.0659005
389	0.0632023
390	0.060806
391	0.0591747
392	0.0581812
393	0.0578848
394	0.0579102
395	0.0582715
396	0.0586017
397	0.0583731
398	0.0575348
399	0.0558555
400	0.0537528
401	0.0516952
402	0.0498183
403	0.0480091
404	0.0465217
405	0.0459092
406	0.0454322
407	0.045404
408	0.0454294
409	0.0455875
410	0.0454068
411	0.0445065
412	0.0431489
413	0.0411534
414	0.0391269
415	0.0371145
416	0.0357682
417	0.0347183
418	0.0341707
419	0.0343993
420	0.0351134
421	0.0358726
422	0.0363101
423	0.0358444
424	0.0347945
425	0.0328301
426	0.0302729
427	0.0278908
428	0.0262002
429	0.0254776
430	0.0254974
431	0.026488
432	0.0274872
433	0.028492
434	0.0285682
435	0.0281364
436	0.0270187
437	0.02528
438	0.023533
439	0.0224209
440	0.0221838
441	0.0227681
442	0.0238434
443	0.0254635
444	0.0268917
445	0.0279557
446	0.0282182
447	0.0280235
448	0.0275267
449	0.0268042
450	0.0260111
451	0.0252236
452	0.0247607
453	0.024439
454	0.024041
455	0.0239733
456	0.0240212
457	0.0241003
458	0.0242527
459	0.023818
460	0.0230531
461	0.0218197
462	0.0203295
463	0.0189578
464	0.0176764
465	0.0170837
466	0.0170611
467	0.0172389
468	0.0173095
469	0.0174619
470	0.0176454
471	0.0170075
472	0.0158644
473	0.0143967
474	0.0126722
475	0.0109618
476	0.00984697
477	0.00953933
478	0.00983286
479	0.010403
480	0.0109308
481	0.0114699
482	0.011642
483	0.0113372
484	0.0103183
485	0.00921475
486	0.00804061
487	0.00701043
488	0.00623143
489	0.00593226
490	0.0058871
491	0.00595201
492	0.00622014
493	0.00635562
494	0.00634715
495	0.00571493
496	0.00485126
497	0.00383519
498	0.00239292
499	0.00101275
500	-9.64658e-05
501	-0.0005537
502	-0.000412579
503	0.000112394
504	0.000623255
505	0.00103251
506	0.00127242
507	0.000976059
508	0.000166021
509	-0.000869813
510	-0.00204959
511	-0.00318421
512	-0.00418617
513	-0.00493976
514	-0.00502726
515	-0.00491436
516	-0.0043273
517	-0.00380232
518	-0.00355677
519	-0.0036612
520	-0.0045418
521	-0.00555223
522	-0.00652597
523	-0.00719207
524	-0.007511
525	-0.00832669
526	-0.00871618
527	-0.00912261
528	-0.00919035
529	-0.00931172
530	-0.00920446
531	-0.00912544
532	-0.0090831
533	-0.00946413
534	-0.0104012
535	-0.0113523
536	-0.0122414
537	-0.0127636
538	-0.0131446
539	-0.0133196
540	-0.0130402
541	-0.0126761
542	-0.0125688
543	-0.0125434
544	-0.0127438
545	-0.0133139
546	-0.0140365
547	-0.0152925
548	-0.015984
549	-0.016238
550	-0.0163085
551	-0.0160799
552	-0.0158428
553	-0.0156594
554	-0.0155126
555	-0.0157045
556	-0.0163904
557	-0.0171581
558	-0.017731
559	-0.0179851
560	-0.0177423
561	-0.0172174
562	-0.0170395
563	-0.0170649
564	-0.0170649
565	-0.0174121
566	-0.0176435
567	-0.0178693
568	-0.0179568
569	-0.0181798
570	-0.018335
571	-0.0183576
572	-0.0181572
573	-0.01816
574	-0.0184621
575	-0.0187951
576	-0.0191846
577	-0.0196475
578	-0.0196842
579	-0.0199721
580	-0.0201132
581	-0.0202374
582	-0.02037
583	-0.0206946
584	-0.0210276
585	-0.0212196
586	-0.021451
587	-0.0216034
588	-0.0216062
589	-0.0216034
590	-0.0220465
591	-0.0228368
592	-0.0235509
593	-0.0241239
594	-0.0246319
595	-0.0248831
596	-0.0250919
597	-0.0247222
598	-0.0245359
599	-0.0243722
600	-0.0245585
601	-0.0249311
602	-0.0251823
603	-0.0256028
604	-0.0262774
605	-0.0269689
606	-0.0272596
607	-0.0274063
608	-0.027285
609	-0.0272765
610	-0.0270705
611	-0.0267769
612	-0.026602
613	-0.0269237
614	-0.0272426
615	-0.0275729
616	-0.0277761
617	-0.0259584
618	-0.0143272
619	0.00447588
620	-0.036997
621	-0.0370732
622	-0.0366414
623	-0.0362095
624	-0.0360345
625	-0.0361418
626	-0.0366075
627	-0.0371522
628	-0.0377986
629	-0.0384844
630	-0.0390658
631	-0.0392775
632	-0.0392239
633	-0.0389783
634	-0.0389303
635	-0.0388203
636	-0.0388259
637	-0.0390969
638	-0.0396275
639	-0.0404262
640	-0.0409032
641	-0.0410585
642	-0.0410669
643	-0.0407254
644	-0.0400791
645	-0.0393057
646	-0.0389501
647	-0.0389586
648	-0.0390743
649	-0.0390856
650	-0.0396952
651	-0.04035
652	-0.0406944
653	-0.0407113
654	-0.0406803
655	-0.0406012
656	-0.0405871
657	-0.0403895
658	-0.03989
659	-0.0396472
660	-0.0394243
661	-0.0395174
662	-0.0398646
663	-0.0405645
664	-0.0411883
665	-0.0418826
666	-0.0420774
667	-0.0420463
668	-0.0414423
669	-0.0407367
670	-0.0399238
671	-0.0390658
672	-0.0383969
673	-0.0381316
674	-0.0383122
675	-0.0385126
676	-0.0391731
677	-0.0395569
678	-0.0393876
679	-0.0389162
680	-0.0382163
681	-0.0373667
682	-0.036599
683	-0.0362236
684	-0.0364805
685	-0.0371268
686	-0.0378014
687	-0.038682
688	-0.0397573
689	-0.0402795
690	-0.0406153
691	-0.0404686
692	-0.0400847
693	-0.039444
694	-0.0388795
695	-0.0385296
696	-0.0381006
697	-0.0383517
698	-0.0387977
699	-0.0390235
700	-0.0391759
701	-0.0392098
702	-0.0391928
703	-0.0384336
704	-0.0376179
705	-0.0370026
706	-0.0364127
707	-0.0355293
708	-0.0352301
709	-0.0354277
710	-0.0358313
711	-0.036393
712	-0.0370054
713	-0.0375925
714	-0.038126
715	-0.0381006
716	-0.0375558
717	-0.0364833
718	-0.035645
719	-0.035391
720	-0.0351737
721	-0.0351539
722	-0.0353233
723	-0.0358454
724	-0.0365341
725	-0.0371974
726	-0.0379453
727	-0.0381993
728	-0.0382276
729	-0.0381034
730	-0.0378635
731	-0.0372905
732	-0.0369744
733	-0.0369377
734	-0.0372736
735	-0.0375361
736	-0.0381288
737	-0.038634
738	-0.0392323
739	-0.0396896
740	-0.0400509
741	-0.0397601
742	-0.0393114
743	-0.0385042
744	-0.0381147
745	-0.0378268
746	-0.0377393
747	-0.0381485
748	-0.0387554
749	-0.0392916
750	-0.0395852
751	-0.0394723
752	-0.0392465
753	-0.03884
754	-0.0381344
755	-0.0375445
756	-0.0371014
757	-0.0368841
758	-0.0368361
759	-0.0372397
760	-0.0377675
761	-0.0382219
762	-0.0384138
763	-0.0386876
764	-0.038538
765	-0.0383828
766	-0.0379651
767	-0.0376094
768	-0.0370986
769	-0.037045
770	-0.0368982
771	-0.0365821
772	-0.0368022
773	-0.0369349
774	-0.0370704
775	-0.037203
776	-0.0373103
777	-0.0372962
778	-0.0372284
779	-0.0369123
780	-0.036393
781	-0.0359753
782	-0.0361615
783	-0.0362406
784	-0.0364551
785	-0.0368079
786	-0.0371325
787	-0.0373837
788	-0.037282
789	-0.0371889
790	-0.0372002
791	-0.0372877
792	-0.0372369
793	-0.0372933
794	-0.037457
795	-0.0369434
796	-0.0362942
797	-0.0356648
798	-0.0351934
799	-0.0346769
800	-0.0341661
801	-0.0336016
802	-0.0333419
803	-0.0332798
804	-0.0333419
805	-0.0334943
806	-0.0335
807	-0.0335875
808	-0.0336552
809	-0.0337794
810	-0.0337625
811	-0.03385
812	-0.0342169
813	-0.0344765
814	-0.034533
815	-0.0344935
816	-0.0345951
817	-0.0345866
818	-0.0343778
819	-0.0343919
820	-0.0345048
821	-0.0344935
822	-0.0343298
823	-0.0340362
824	-0.0335959
825	-0.0329637
826	-0.0324331
827	-0.0318714
828	-0.0313211
829	-0.030988
830	-0.0308921
831	-0.0307735
832	-0.0303812
833	-0.0297377
834	-0.0295486
835	-0.0291958
836	-0.0288909
837	-0.0286087
838	-0.0291958
839	-0.0298195
840	-0.0301864
841	-0.0301921
842	-0.0304038
843	-0.030511
844	-0.0304546
845	-0.0301244
846	-0.0299607
847	-0.0300651
848	-0.030003
849	-0.0297885
850	-0.0298336
851	-0.0302288
852	-0.0308441
853	-0.0309767
854	-0.0311037
855	-0.0313634
856	-0.0316428
857	-0.03164
858	-0.0315469
859	-0.0318206
860	-0.0317585
861	-0.031417
862	-0.0311489
863	-0.0314735
864	-0.0322384
865	-0.0329496
866	-0.0331444
867	-0.0334972
868	-0.0339544
869	-0.0341717
870	-0.034104
871	-0.0339008
872	-0.0338387
873	-0.033881
874	-0.0341887
875	-0.0347108
876	-0.0356874
877	-0.0365256
878	-0.0371804
879	-0.0373978
880	-0.0375417
881	-0.0376264
882	-0.0376264
883	-0.0372679
884	-0.0369349
885	-0.0367655
886	-0.0369038
887	-0.0369716
888	-0.037474
889	-0.0376377
890	-0.000584746
891	-0.0122527
892	-0.0247053
893	-0.0361615
894	-0.0344624
895	-0.0322948
896	-0.0299861
897	-0.0281571
898	-0.0267798
899	-0.0258032
900	-0.0248351
901	-0.0240335
902	-0.0238585
903	-0.0241464
904	-0.0240787
905	-0.0239771
906	-0.0237287
907	-0.0235255
908	-0.0234436
909	-0.0233505
910	-0.023407
911	-0.0237344
912	-0.023994
913	-0.0241775
914	-0.0246601
915	-0.0251145
916	-0.0251879
917	-0.0251936
918	-0.0250468
919	-0.024996
920	-0.0247391
921	-0.0246883
922	-0.0247674
923	-0.0249537
924	-0.0253629
925	-0.0257834
926	-0.0262012
927	-0.0263282
928	-0.0259951
929	-0.0247137
930	-0.0223401
931	-0.0194301
932	-0.0161138
933	-0.0131333
934	-0.0101838
935	-0.00750536
936	-0.000429514
937	0.00844704
938	0.0148145
939	0.0196916
940	0.0231773
941	0.025551
942	0.0269142
943	0.0276227
944	0.0277356
945	0.0274392
946	0.027157
947	0.0263667
948	0.0251643
949	0.0238152
950	0.0218762
951	0.0201235
952	0.0189409
953	0.0183735
954	0.018032
955	0.0178345
956	0.0175296
957	0.0172982
958	0.0170301
959	0.0165587
960	0.0162341
961	0.0159999
962	0.0152406
963	0.0143967
964	0.0132452
965	0.0123815
966	0.0117493
967	0.0109788
968	0.0103917
969	0.010132
970	0.00992882
971	0.00955062
972	0.00913007
973	0.00874905
974	0.00870106
975	0.00857688
976	0.00814787
977	0.00773297
978	0.0077866
979	0.00806319
980	0.00813375
981	0.0081648
982	0.00831721
983	0.00833979
984	0.00822689
985	0.00756362
986	0.00714308
987	0.00664069
988	0.00622579
989	0.00588145
990	0.00566977
991	0.00553994
992	0.00547502
993	0.00520407
994	0.00473554
995	0.004617
996	0.00460853
997	0.00458313
998	0.0042021
999	0.00363197
1000	0.00317756
1001	0.00239857
1002	0.00198085
1003	0.00147563
1004	0.00124419
1005	0.000659947
1006	9.54598e-05
1007	-5.97742e-05
1008	-0.000457737
1009	-0.000948841
1010	-0.00126495
1011	-0.00167421
1012	-0.00206935
1013	-0.00256327
1014	-0.00325477
1015	-0.00414102
1016	-0.0048184
1017	-0.00540829
1018	-0.00612801
1019	-0.00661629
1020	-0.00700579
1021	-0.0070453
1022	-0.00721465
1023	-0.00718924
