0	0.000298784
1	0.000293139
2	0.000216933
3	0.000383457
4	0.000273382
5	0.000343943
6	0.000310074
7	0.000358055
8	0.000304429
9	0.00025927
10	0.000188709
11	0.000216933
12	2.50078e-05
13	0.000273382
14	0.000214111
15	0.000163307
16	0.000177419
17	8.07316e-06
18	5.60546e-05
19	0.000104036
20	5.32321e-05
21	-2.01512e-05
22	-8.86145e-06
23	-0.000102002
24	-3.42634e-05
25	5.32321e-05
26	8.14565e-05
27	2.78302e-05
28	-2.29736e-05
29	-0.000110469
30	-0.000291105
31	5.25072e-06
32	5.32321e-05
33	-7.37775e-05
34	-0.000178208
35	-0.000172563
36	-4.27307e-05
37	-9.35345e-05
38	-0.000234656
39	-0.000288283
40	-0.000370133
41	-0.000293927
42	-0.000291105
43	-0.000336264
44	-0.000336264
45	-0.000288283
46	-0.000350376
47	-0.000240301
48	-0.000186675
49	-0.000375778
50	-0.000361666
51	-0.000339086
52	-0.000183852
53	-0.000164095
54	-3.42634e-05
55	0.00015484
56	0.0010185
57	0.00406391
58	0.0142106
59	0.0421498
60	0.102285
61	0.199616
62	0.322957
63	0.454564
64	0.58244
65	0.700311
66	0.806101
67	0.899549
68	0.980172
69	1.0482
70	1.10408
71	1.14948
72	1.18526
73	1.21303
74	1.23467
75	1.2511
76	1.26317
77	1.27194
78	1.27846
79	1.2843
80	1.29089
81	1.29984
82	1.31081
83	1.32265
84	1.33396
85	1.34427
86	1.35274
87	1.35964
88	1.36458
89	1.36769
90	1.36913
91	1.36887
92	1.36711
93	1.36428
94	1.3604
95	1.35542
96	1.34981
97	1.34364
98	1.33677
99	1.32963
100	1.32236
101	1.31502
102	1.30812
103	1.30123
104	1.2944
105	1.28739
106	1.28049
107	1.27348
108	1.26616
109	1.25872
110	1.25083
111	1.24291
112	1.23462
113	1.22615
114	1.21718
115	1.20834
116	1.19909
117	1.18965
118	1.18034
119	1.17101
120	1.16151
121	1.15181
122	1.14213
123	1.1323
124	1.12254
125	1.11259
126	1.10301
127	1.09352
128	1.08383
129	1.07393
130	1.0639
131	1.05378
132	1.0435
133	1.03335
134	1.02352
135	1.0136
136	1.00354
137	0.993895
138	0.983824
139	0.973909
140	0.963898
141	0.954087
142	0.944719
143	0.935428
144	0.925801
145	0.916557
146	0.907523
147	0.898558
148	0.889657
149	0.880851
150	0.872296
151	0.863515
152	0.855113
153	0.846547
154	0.837856
155	0.828921
156	0.820515
157	0.812088
158	0.803606
159	0.795238
160	0.78679
161	0.778235
162	0.769576
163	0.761112
164	0.752715
165	0.74447
166	0.7363
167	0.728515
168	0.720683
169	0.712783
170	0.705174
171	0.697756
172	0.690314
173	0.683032
174	0.675609
175	0.668211
176	0.660808
177	0.653577
178	0.646566
179	0.639476
180	0.632406
181	0.62518
182	0.618169
183	0.611054
184	0.604286
185	0.597422
186	0.590687
187	0.583976
188	0.577532
189	0.570916
190	0.564568
191	0.558339
192	0.552127
193	0.546197
194	0.540101
195	0.534174
196	0.528362
197	0.52248
198	0.516488
199	0.51046
200	0.504456
201	0.49832
202	0.49199
203	0.485783
204	0.479647
205	0.473596
206	0.467581
207	0.461948
208	0.456339
209	0.450844
210	0.445292
211	0.439986
212	0.434748
213	0.429862
214	0.424934
215	0.420077
216	0.415307
217	0.41087
218	0.406391
219	0.401895
220	0.397652
221	0.393503
222	0.389016
223	0.384508
224	0.380193
225	0.375815
226	0.371189
227	0.366654
228	0.362107
229	0.357687
230	0.353408
231	0.349118
232	0.344774
233	0.340397
234	0.336341
235	0.332429
236	0.328508
237	0.324676
238	0.320702
239	0.316804
240	0.313109
241	0.30913
242	0.305379
243	0.301867
244	0.298291
245	0.294738
246	0.291396
247	0.287874
248	0.284126
249	0.280623
250	0.277222
251	0.27392
252	0.270375
253	0.267225
254	0.264024
255	0.260728
256	0.257414
257	0.254304
258	0.251244
259	0.248086
260	0.245066
261	0.24206
262	0.239193
263	0.236057
264	0.232944
265	0.229735
266	0.226791
267	0.223717
268	0.220889
269	0.218019
270	0.215315
271	0.212684
272	0.210234
273	0.207542
274	0.205089
275	0.202755
276	0.200398
277	0.198349
278	0.196393
279	0.19444
280	0.192399
281	0.190537
282	0.188482
283	0.186633
284	0.18468
285	0.182501
286	0.180249
287	0.178039
288	0.175939
289	0.17385
290	0.171686
291	0.169718
292	0.167714
293	0.165476
294	0.163469
295	0.161375
296	0.15932
297	0.156986
298	0.154807
299	0.152913
300	0.151039
301	0.149202
302	0.147401
303	0.145524
304	0.143794
305	0.142163
306	0.140292
307	0.138398
308	0.136625
309	0.134895
310	0.133111
311	0.131469
312	0.129674
313	0.12791
314	0.126261
315	0.124748
316	0.123114
317	0.121342
318	0.119798
319	0.118048
320	0.11634
321	0.114856
322	0.113366
323	0.11183
324	0.110255
325	0.108816
326	0.107639
327	0.106352
328	0.105214
329	0.104111
330	0.103287
331	0.102381
332	0.10126
333	0.100015
334	0.0989062
335	0.0979663
336	0.0966454
337	0.0955136
338	0.0944778
339	0.0934476
340	0.0921662
341	0.0910288
342	0.0898292
343	0.0888611
344	0.0876503
345	0.0865637
346	0.0852117
347	0.0842182
348	0.0832276
349	0.0821184
350	0.0808398
351	0.079835
352	0.0786665
353	0.0774218
354	0.0764142
355	0.0753078
356	0.0742099
357	0.0731543
358	0.0719068
359	0.0707468
360	0.0697279
361	0.0685566
362	0.0673316
363	0.0659938
364	0.0651047
365	0.0636399
366	0.0622061
367	0.0610263
368	0.0600667
369	0.0590224
370	0.0579131
371	0.0568914
372	0.0558895
373	0.0547492
374	0.0537839
375	0.0528356
376	0.0518873
377	0.0508599
378	0.0496716
379	0.04876
380	0.0478314
381	0.0469621
382	0.0460194
383	0.0449666
384	0.0440832
385	0.0430333
386	0.0419749
387	0.0409136
388	0.0399427
389	0.0390198
390	0.0378795
391	0.0369227
392	0.0358445
393	0.0350486
394	0.0340777
395	0.0332507
396	0.0322459
397	0.0313992
398	0.0309476
399	0.0309166
400	0.0311113
401	0.0314782
402	0.0318959
403	0.031927
404	0.0321895
405	0.0322403
406	0.032404
407	0.0321217
408	0.0322064
409	0.0319919
410	0.0315939
411	0.0311988
412	0.0305553
413	0.0300868
414	0.0296352
415	0.0291356
416	0.0284187
417	0.0277329
418	0.0269539
419	0.0264882
420	0.0258277
421	0.0252773
422	0.0248342
423	0.0242189
424	0.0236149
425	0.0227851
426	0.0221473
427	0.0214021
428	0.0207953
429	0.0203127
430	0.0197058
431	0.0191216
432	0.0184837
433	0.0179334
434	0.0173915
435	0.0168665
436	0.0164516
437	0.0160621
438	0.0161101
439	0.0162314
440	0.0167395
441	0.0171515
442	0.0175664
443	0.0179192
444	0.0182043
445	0.0183624
446	0.0185797
447	0.0186757
448	0.0184188
449	0.0181225
450	0.0177922
451	0.0174592
452	0.0171177
453	0.0167931
454	0.0165532
455	0.0160395
456	0.0155399
457	0.0152746
458	0.0149754
459	0.0147186
460	0.0142529
461	0.0138747
462	0.0135388
463	0.0132425
464	0.012932
465	0.012407
466	0.0120006
467	0.0113994
468	0.0108914
469	0.0105075
470	0.0098499
471	0.00934469
472	0.00869553
473	0.00816773
474	0.00763994
475	0.00709521
476	0.00659281
477	0.00604526
478	0.00569246
479	0.00530014
480	0.00499532
481	0.00497556
482	0.00501225
483	0.00526062
484	0.00515619
485	0.00505459
486	0.00502918
487	0.00499814
488	0.00482879
489	0.00474694
490	0.00444776
491	0.00410343
492	0.00358128
493	0.00327363
494	0.00290671
495	0.00252851
496	0.00192733
497	0.00149267
498	0.000914075
499	0.000651588
500	0.000208466
501	-0.000183852
502	-0.000691891
503	-0.0009572
504	-0.00139468
505	-0.00187731
506	-0.00207206
507	-0.00236559
508	-0.00272969
509	-0.00288492
510	-0.00326877
511	-0.00350304
512	-0.0037119
513	-0.00414091
514	-0.00458967
515	-0.00504973
516	-0.00535738
517	-0.00567631
518	-0.00608274
519	-0.00637345
520	-0.00692947
521	-0.00739235
522	-0.00771129
523	-0.00798224
524	-0.00838585
525	-0.00879228
526	-0.00915637
527	-0.0093483
528	-0.00987327
529	-0.0103728
530	-0.0109006
531	-0.0110333
532	-0.0113917
533	-0.0117558
534	-0.0123119
535	-0.0126054
536	-0.0128114
537	-0.0131953
538	-0.0136412
539	-0.0140815
540	-0.0144908
541	-0.014852
542	-0.0151399
543	-0.0154052
544	-0.0157101
545	-0.0160008
546	-0.0164129
547	-0.0165314
548	-0.0167318
549	-0.0171777
550	-0.017539
551	-0.0178438
552	-0.018095
553	-0.0183236
554	-0.0188204
555	-0.0192776
556	-0.0194357
557	-0.0197264
558	-0.0203191
559	-0.0207707
560	-0.0210304
561	-0.0213465
562	-0.021719
563	-0.0221876
564	-0.022467
565	-0.0229214
566	-0.0233306
567	-0.0237766
568	-0.0240673
569	-0.0244511
570	-0.0248519
571	-0.0253148
572	-0.0255858
573	-0.0256902
574	-0.0261728
575	-0.0265002
576	-0.02652
577	-0.0266188
578	-0.0270506
579	-0.0273554
580	-0.0274796
581	-0.0277252
582	-0.028061
583	-0.0283264
584	-0.0283772
585	-0.0284731
586	-0.0286114
587	-0.0286509
588	-0.0289021
589	-0.0291561
590	-0.02919
591	-0.0293198
592	-0.029636
593	-0.0297799
594	-0.0299069
595	-0.0301779
596	-0.0304178
597	-0.0305674
598	-0.0307367
599	-0.0309597
600	-0.031098
601	-0.0311939
602	-0.0313379
603	-0.0316117
604	-0.0318459
605	-0.0319701
606	-0.0320463
607	-0.0323286
608	-0.0325346
609	-0.0325769
610	-0.0327632
611	-0.0328874
612	-0.0331019
613	-0.0333446
614	-0.0335845
615	-0.0337962
616	-0.034039
617	-0.0338978
618	-0.0341857
619	-0.0342648
620	-0.0342563
621	-0.0346288
622	-0.0347756
623	-0.0350014
624	-0.0351256
625	-0.0353316
626	-0.0354925
627	-0.0356675
628	-0.035786
629	-0.0361784
630	-0.0364267
631	-0.0364888
632	-0.0367175
633	-0.0369037
634	-0.0369122
635	-0.0369969
636	-0.0370928
637	-0.0372989
638	-0.0369715
639	-0.0366666
640	-0.0363195
641	-0.0359328
642	-0.0356647
643	-0.0352639
644	-0.0350946
645	-0.0350494
646	-0.0348575
647	-0.0348264
648	-0.0348857
649	-0.0349929
650	-0.0350042
651	-0.0351877
652	-0.0351538
653	-0.0353034
654	-0.0356816
655	-0.0358651
656	-0.0361247
657	-0.0362489
658	-0.0363308
659	-0.0364183
660	-0.036438
661	-0.0365933
662	-0.0366328
663	-0.0367062
664	-0.036757
665	-0.0369432
666	-0.03709
667	-0.0374259
668	-0.0376799
669	-0.0376347
670	-0.0378126
671	-0.0380525
672	-0.0381146
673	-0.0380779
674	-0.0381033
675	-0.0381428
676	-0.0381879
677	-0.0382529
678	-0.0377533
679	-0.0370053
680	-0.035786
681	-0.0344426
682	-0.0332713
683	-0.0320858
684	-0.0309569
685	-0.0301101
686	-0.0294581
687	-0.0287836
688	-0.0282417
689	-0.0280921
690	-0.027824
691	-0.0275276
692	-0.0274147
693	-0.027076
694	-0.027076
695	-0.0270563
696	-0.0270845
697	-0.0271042
698	-0.0271692
699	-0.026997
700	-0.0269405
701	-0.0269462
702	-0.0271438
703	-0.0273244
704	-0.0273695
705	-0.027378
706	-0.0274796
707	-0.0278183
708	-0.0279594
709	-0.0281429
710	-0.0280893
711	-0.0282135
712	-0.0282671
713	-0.0283659
714	-0.0285409
715	-0.0287412
716	-0.0286904
717	-0.0286989
718	-0.0286594
719	-0.0286933
720	-0.0287892
721	-0.0285945
722	-0.0282812
723	-0.0279199
724	-0.0275982
725	-0.0272115
726	-0.0269095
727	-0.0265821
728	-0.0264946
729	-0.0263252
730	-0.0262575
731	-0.0262039
732	-0.0263478
733	-0.02652
734	-0.0265539
735	-0.0267401
736	-0.0269292
737	-0.0270167
738	-0.0271663
739	-0.0274401
740	-0.0275953
741	-0.0277167
742	-0.0278437
743	-0.0278691
744	-0.0280667
745	-0.0281965
746	-0.0283122
747	-0.0282699
748	-0.0283518
749	-0.0285663
750	-0.0288005
751	-0.0289642
752	-0.0291477
753	-0.0297263
754	-0.0296924
755	-0.0299775
756	-0.0301976
757	-0.0303387
758	-0.0305984
759	-0.030796
760	-0.0310415
761	-0.031098
762	-0.0314451
763	-0.0316032
764	-0.0316258
765	-0.0318346
766	-0.032131
767	-0.0321846
768	-0.0323257
769	-0.032354
770	-0.0325036
771	-0.0325656
772	-0.0325967
773	-0.0325769
774	-0.0327943
775	-0.032766
776	-0.0328479
777	-0.0327971
778	-0.0328705
779	-0.0330624
780	-0.0331414
781	-0.0333334
782	-0.0333785
783	-0.0337398
784	-0.0338668
785	-0.0339853
786	-0.0342337
787	-0.0344821
788	-0.034722
789	-0.0350183
790	-0.0351877
791	-0.0353627
792	-0.0356111
793	-0.0356675
794	-0.0357268
795	-0.0358114
796	-0.0359836
797	-0.0361022
798	-0.0362574
799	-0.0364747
800	-0.0364606
801	-0.0366864
802	-0.0366892
803	-0.0368896
804	-0.0368924
805	-0.0368812
806	-0.0372057
807	-0.0373892
808	-0.0374033
809	-0.0374908
810	-0.0375444
811	-0.0375698
812	-0.0378718
813	-0.0380073
814	-0.0380948
815	-0.0381654
816	-0.0384053
817	-0.0383573
818	-0.0383686
819	-0.0383432
820	-0.0383234
821	-0.0382811
822	-0.0379255
823	-0.0372763
824	-0.0367344
825	-0.036184
826	-0.0356139
827	-0.0351369
828	-0.0346853
829	-0.0342563
830	-0.0337934
831	-0.0335309
832	-0.0334829
833	-0.0333898
834	-0.033435
835	-0.0333559
836	-0.0332995
837	-0.0332261
838	-0.0333192
839	-0.033387
840	-0.0335027
841	-0.0333136
842	-0.0334237
843	-0.0336495
844	-0.0338978
845	-0.0338499
846	-0.0340615
847	-0.0340813
848	-0.0343748
849	-0.0344539
850	-0.0343381
851	-0.0344821
852	-0.0347305
853	-0.0347784
854	-0.0347361
855	-0.035024
856	-0.0349845
857	-0.0350494
858	-0.0350804
859	-0.0354417
860	-0.0355603
861	-0.0357945
862	-0.0358312
863	-0.0361134
864	-0.0360852
865	-0.036263
866	-0.0366243
867	-0.0367852
868	-0.036788
869	-0.0369969
870	-0.0372227
871	-0.0374541
872	-0.0374936
873	-0.0373835
874	-0.0372537
875	-0.0373158
876	-0.0374569
877	-0.0373412
878	-0.0373412
879	-0.0374569
880	-0.0375839
881	-0.0379255
882	-0.0378097
883	-0.0378069
884	-0.0380073
885	-0.0379593
886	-0.0379706
887	-0.0382472
888	-0.0385831
889	-0.0386198
890	-0.0387044
891	-0.0388653
892	-0.038854
893	-0.0388371
894	-0.0389331
895	-0.0389782
896	-0.0391843
897	-0.0393
898	-0.0393028
899	-0.0394242
900	-0.039475
901	-0.0395709
902	-0.0397262
903	-0.0398108
904	-0.0401044
905	-0.0401411
906	-0.0403076
907	-0.0406068
908	-0.0408128
909	-0.0408636
910	-0.0410922
911	-0.0411176
912	-0.041287
913	-0.0415353
914	-0.0416059
915	-0.041668
916	-0.0416511
917	-0.0416652
918	-0.0418458
919	-0.0416567
920	-0.0416821
921	-0.0415466
922	-0.0412842
923	-0.0411656
924	-0.0411797
925	-0.0411459
926	-0.0412249
927	-0.0412729
928	-0.0412729
929	-0.0412277
930	-0.041191
931	-0.0410866
932	-0.0407507
933	-0.0402173
934	-0.039856
935	-0.039458
936	-0.0391955
937	-0.0388315
938	-0.0384787
939	-0.0381371
940	-0.0377956
941	-0.037567
942	-0.0371606
943	-0.0370533
944	-0.0370053
945	-0.0366723
946	-0.0366384
947	-0.0364663
948	-0.0364239
949	-0.0364211
950	-0.0362546
951	-0.0364578
952	-0.0366977
953	-0.0366751
954	-0.0364775
955	-0.0363534
956	-0.0362376
957	-0.0363788
958	-0.0363167
959	-0.0363364
960	-0.0364098
961	-0.0366441
962	-0.0366497
963	-0.0368755
964	-0.036836
965	-0.0370449
966	-0.037186
967	-0.0370449
968	-0.0371267
969	-0.0372622
970	-0.0374569
971	-0.0374089
972	-0.0374767
973	-0.0377251
974	-0.0378295
975	-0.0377872
976	-0.0380214
977	-0.0380835
978	-0.0380158
979	-0.0378944
980	-0.0379706
981	-0.0379904
982	-0.0379198
983	-0.0380073
984	-0.0381851
985	-0.0382754
986	-0.0381851
987	-0.03825
988	-0.0381795
989	-0.0382557
990	-0.0381061
991	-0.038267
992	-0.0384617
993	-0.0385633
994	-0.0386254
995	-0.0386621
996	-0.0385774
997	-0.0386226
998	-0.038854
999	-0.0389161
1000	-0.0390347
1001	-0.0390234
1002	-0.0391532
1003	-0.0392972
1004	-0.0392633
1005	-0.0391278
1006	-0.0393395
1007	-0.039729
1008	-0.0397064
1009	-0.0397092
1010	-0.0399378
1011	-0.0401806
1012	-0.0400451
1013	-0.0402257
1014	-0.0403781
1015	-0.040412
1016	-0.0404148
1017	-0.0405447
1018	-0.0405531
1019	-0.0403697
1020	-0.0402568
1021	-0.040062
1022	-0.0398983
1023	-0.0398391
