0	0.00072897
1	0.000116501
2	0.000675343
3	0.00125676
4	0.00142893
5	0.00162933
6	0.00114669
7	6.56974e-05
8	-0.000196789
9	0.000697923
10	0.00146845
11	0.00159828
12	0.0014374
13	0.00104508
14	0.00196237
15	0.00292482
16	0.00278652
17	0.00260871
18	0.00293611
19	0.00244501
20	0.00142047
21	0.00103944
22	0.000576558
23	0.000903961
24	0.00141764
25	0.00129346
26	0.000429792
27	-0.000368958
28	-0.000840304
29	-0.00124109
30	-0.00165599
31	-0.00195799
32	-0.0018338
33	-0.00155438
34	-0.00156003
35	-0.00194105
36	-0.0021979
37	-0.00143584
38	-0.000933445
39	-0.00190718
40	-0.00243498
41	-0.00245756
42	-0.00238135
43	-0.00133141
44	-0.000845949
45	-0.000933445
46	-0.00135963
47	-0.0016193
48	-0.00162494
49	-0.00142737
50	-0.00148664
51	-0.00231079
52	-0.00288939
53	-0.00251683
54	-0.00147535
55	-0.000888286
56	-0.000806435
57	0.00018424
58	0.00247606
59	0.00852736
60	0.0198989
61	0.0429498
62	0.0918964
63	0.188881
64	0.377795
65	0.678619
66	1.07658
67	1.52352
68	1.96198
69	2.34569
70	2.6491
71	2.8664
72	3.00426
73	3.07572
74	3.09561
75	3.07898
76	3.03923
77	2.98616
78	2.92784
79	2.86939
80	2.81387
81	2.76316
82	2.71852
83	2.68111
84	2.65003
85	2.62388
86	2.60086
87	2.57943
88	2.55981
89	2.54267
90	2.52834
91	2.51315
92	2.49328
93	2.4708
94	2.44953
95	2.42974
96	2.41045
97	2.39041
98	2.37013
99	2.34967
100	2.32916
101	2.30943
102	2.29037
103	2.27171
104	2.25424
105	2.23791
106	2.22222
107	2.20632
108	2.19008
109	2.17369
110	2.15685
111	2.13985
112	2.1228
113	2.10555
114	2.08795
115	2.06955
116	2.05018
117	2.0303
118	2.00937
119	1.98762
120	1.96599
121	1.94429
122	1.92359
123	1.90335
124	1.88481
125	1.8673
126	1.85086
127	1.83478
128	1.81887
129	1.80312
130	1.78712
131	1.7709
132	1.75475
133	1.73891
134	1.72304
135	1.70709
136	1.69026
137	1.6735
138	1.65762
139	1.64172
140	1.62583
141	1.61016
142	1.59453
143	1.579
144	1.56417
145	1.5497
146	1.53535
147	1.52043
148	1.50475
149	1.49006
150	1.47571
151	1.46107
152	1.44658
153	1.43234
154	1.41852
155	1.4042
156	1.39005
157	1.37616
158	1.36281
159	1.34956
160	1.33614
161	1.32219
162	1.30868
163	1.29572
164	1.28304
165	1.27003
166	1.2564
167	1.2426
168	1.22842
169	1.21458
170	1.20133
171	1.18831
172	1.1752
173	1.16276
174	1.15065
175	1.13852
176	1.12665
177	1.11605
178	1.10955
179	1.10951
180	1.10814
181	1.09815
182	1.08842
183	1.0789
184	1.06903
185	1.05924
186	1.0499
187	1.04073
188	1.03203
189	1.0238
190	1.01513
191	1.00664
192	0.99879
193	0.991268
194	0.983337
195	0.974796
196	0.966637
197	0.958604
198	0.950182
199	0.941526
200	0.932593
201	0.923521
202	0.914814
203	0.90655
204	0.897826
205	0.888777
206	0.879714
207	0.870824
208	0.862286
209	0.854008
210	0.846345
211	0.839091
212	0.831326
213	0.82328
214	0.815809
215	0.808357
216	0.801502
217	0.795273
218	0.789046
219	0.782696
220	0.776503
221	0.770596
222	0.764454
223	0.757779
224	0.751251
225	0.744785
226	0.738048
227	0.731514
228	0.725304
229	0.719005
230	0.712753
231	0.706236
232	0.699809
233	0.693586
234	0.688057
235	0.682705
236	0.677501
237	0.672756
238	0.668001
239	0.662948
240	0.657312
241	0.651478
242	0.646048
243	0.640225
244	0.633914
245	0.627326
246	0.621289
247	0.615723
248	0.610581
249	0.605179
250	0.599613
251	0.59392
252	0.588337
253	0.583102
254	0.578069
255	0.572944
256	0.567776
257	0.562724
258	0.557466
259	0.552309
260	0.547164
261	0.541942
262	0.536856
263	0.531592
264	0.526439
265	0.521432
266	0.516165
267	0.511104
268	0.506777
269	0.502877
270	0.499425
271	0.496848
272	0.494537
273	0.492301
274	0.490069
275	0.488271
276	0.486377
277	0.484017
278	0.48332
279	0.488914
280	0.500929
281	0.496893
282	0.492606
283	0.48842
284	0.484161
285	0.479476
286	0.475098
287	0.471522
288	0.468539
289	0.465121
290	0.461974
291	0.458666
292	0.455516
293	0.452629
294	0.449733
295	0.446829
296	0.443637
297	0.440292
298	0.436871
299	0.433631
300	0.430484
301	0.427058
302	0.423606
303	0.420829
304	0.417543
305	0.414106
306	0.410863
307	0.407442
308	0.403795
309	0.400072
310	0.396844
311	0.394072
312	0.391419
313	0.388506
314	0.386107
315	0.38412
316	0.381738
317	0.378803
318	0.376099
319	0.37324
320	0.370364
321	0.366996
322	0.363736
323	0.360798
324	0.357987
325	0.355659
326	0.353299
327	0.35147
328	0.350045
329	0.350423
330	0.353768
331	0.359534
332	0.36696
333	0.368766
334	0.365791
335	0.363454
336	0.362495
337	0.361569
338	0.360335
339	0.358935
340	0.357265
341	0.355955
342	0.354462
343	0.3523
344	0.350516
345	0.348763
346	0.346765
347	0.344112
348	0.341394
349	0.340406
350	0.343517
351	0.354727
352	0.359788
353	0.357242
354	0.354643
355	0.352224
356	0.349726
357	0.347395
358	0.345721
359	0.344281
360	0.342913
361	0.341312
362	0.339469
363	0.337087
364	0.334425
365	0.332422
366	0.330714
367	0.329131
368	0.32746
369	0.325492
370	0.323404
371	0.321629
372	0.319627
373	0.317629
374	0.315278
375	0.312848
376	0.310248
377	0.308171
378	0.30597
379	0.303779
380	0.301965
381	0.300054
382	0.297429
383	0.294542
384	0.291524
385	0.289052
386	0.287505
387	0.286371
388	0.284765
389	0.282467
390	0.280257
391	0.277706
392	0.275391
393	0.273241
394	0.271454
395	0.269854
396	0.268197
397	0.266887
398	0.265945
399	0.264799
400	0.262276
401	0.259405
402	0.257291
403	0.255222
404	0.253673
405	0.25133
406	0.249541
407	0.24807
408	0.246532
409	0.245697
410	0.245753
411	0.24531
412	0.244364
413	0.24356
414	0.242948
415	0.242773
416	0.241686
417	0.239874
418	0.237986
419	0.236718
420	0.235488
421	0.233794
422	0.232242
423	0.230944
424	0.229908
425	0.229112
426	0.227608
427	0.2259
428	0.224503
429	0.224785
430	0.22649
431	0.229772
432	0.233619
433	0.237085
434	0.239995
435	0.243241
436	0.245395
437	0.245973
438	0.245138
439	0.243746
440	0.243774
441	0.246179
442	0.250955
443	0.256179
444	0.262329
445	0.26358
446	0.261542
447	0.259174
448	0.256727
449	0.25446
450	0.25271
451	0.251375
452	0.249673
453	0.2484
454	0.247576
455	0.246574
456	0.244788
457	0.242787
458	0.241048
459	0.240111
460	0.23925
461	0.238203
462	0.237492
463	0.237407
464	0.237255
465	0.235872
466	0.234133
467	0.232555
468	0.231556
469	0.231011
470	0.230453
471	0.228782
472	0.227743
473	0.226766
474	0.225575
475	0.2243
476	0.222835
477	0.22128
478	0.220893
479	0.222555
480	0.227097
481	0.233868
482	0.240791
483	0.24503
484	0.243848
485	0.244477
486	0.246518
487	0.249414
488	0.252787
489	0.255795
490	0.25833
491	0.259916
492	0.260599
493	0.260337
494	0.258719
495	0.25632
496	0.254277
497	0.252707
498	0.251454
499	0.250212
500	0.248022
501	0.246196
502	0.244412
503	0.24306
504	0.241635
505	0.239527
506	0.237427
507	0.235318
508	0.233241
509	0.231178
510	0.229634
511	0.228291
512	0.226606
513	0.22378
514	0.221065
515	0.219502
516	0.21822
517	0.216733
518	0.21513
519	0.213168
520	0.210913
521	0.209806
522	0.209197
523	0.209171
524	0.209321
525	0.209914
526	0.210024
527	0.209293
528	0.208158
529	0.206688
530	0.20559
531	0.204808
532	0.204066
533	0.202615
534	0.201946
535	0.201777
536	0.201777
537	0.201415
538	0.200301
539	0.199773
540	0.199547
541	0.198791
542	0.197608
543	0.196516
544	0.195579
545	0.193501
546	0.191602
547	0.190241
548	0.188937
549	0.187255
550	0.185748
551	0.184924
552	0.184591
553	0.183445
554	0.181675
555	0.179951
556	0.17883
557	0.178438
558	0.177724
559	0.176248
560	0.174106
561	0.172488
562	0.171766
563	0.171314
564	0.170244
565	0.168686
566	0.167196
567	0.165864
568	0.164227
569	0.162164
570	0.160304
571	0.159372
572	0.15821
573	0.156186
574	0.153434
575	0.151306
576	0.150183
577	0.149528
578	0.148833
579	0.147213
580	0.145342
581	0.143973
582	0.14307
583	0.14206
584	0.139858
585	0.137868
586	0.136426
587	0.135591
588	0.135139
589	0.133668
590	0.131761
591	0.130857
592	0.129869
593	0.128549
594	0.127897
595	0.12659
596	0.125006
597	0.124095
598	0.123527
599	0.12296
600	0.122099
601	0.121538
602	0.12099
603	0.120189
604	0.118605
605	0.116807
606	0.115433
607	0.114992
608	0.115122
609	0.115548
610	0.115433
611	0.115433
612	0.115311
613	0.11434
614	0.112983
615	0.112207
616	0.111699
617	0.11033
618	0.109074
619	0.108021
620	0.106714
621	0.105097
622	0.103971
623	0.103432
624	0.102991
625	0.102667
626	0.10219
627	0.1014
628	0.101137
629	0.10055
630	0.0995678
631	0.098834
632	0.0983485
633	0.0981284
634	0.0980268
635	0.0976599
636	0.0972647
637	0.097149
638	0.09602
639	0.0939117
640	0.0928081
641	0.0929238
642	0.0936435
643	0.0956757
644	0.098436
645	0.102602
646	0.107152
647	0.110567
648	0.113502
649	0.115715
650	0.117482
651	0.117109
652	0.11615
653	0.115495
654	0.114453
655	0.11344
656	0.112619
657	0.110824
658	0.109051
659	0.107558
660	0.106192
661	0.105676
662	0.105444
663	0.104411
664	0.102864
665	0.10134
666	0.101196
667	0.104281
668	0.110711
669	0.120572
670	0.133073
671	0.134143
672	0.135359
673	0.136756
674	0.138021
675	0.138675
676	0.138952
677	0.139683
678	0.139672
679	0.138822
680	0.137005
681	0.135139
682	0.133968
683	0.133183
684	0.132492
685	0.131117
686	0.129435
687	0.128904
688	0.128557
689	0.128481
690	0.128232
691	0.128091
692	0.127696
693	0.126948
694	0.125348
695	0.124445
696	0.124174
697	0.123657
698	0.122554
699	0.121436
700	0.120417
701	0.121097
702	0.12272
703	0.123629
704	0.123045
705	0.122526
706	0.122698
707	0.122573
708	0.121357
709	0.11948
710	0.117606
711	0.116621
712	0.115879
713	0.114803
714	0.114053
715	0.113149
716	0.112407
717	0.111656
718	0.110527
719	0.109539
720	0.108766
721	0.108408
722	0.108617
723	0.109348
724	0.108574
725	0.106773
726	0.106017
727	0.105938
728	0.105568
729	0.104832
730	0.103875
731	0.102915
732	0.102314
733	0.102997
734	0.103804
735	0.104801
736	0.105357
737	0.105772
738	0.106378
739	0.106217
740	0.105247
741	0.104775
742	0.105055
743	0.104964
744	0.104809
745	0.104183
746	0.102822
747	0.102362
748	0.102644
749	0.10265
750	0.101857
751	0.100606
752	0.0996102
753	0.0986703
754	0.0975836
755	0.0965252
756	0.0958874
757	0.0949023
758	0.0931694
759	0.091888
760	0.0912586
761	0.0906969
762	0.0900336
763	0.0890881
764	0.0874652
765	0.0862036
766	0.0854556
767	0.0853851
768	0.0853061
769	0.0859467
770	0.0892208
771	0.0956475
772	0.103209
773	0.110587
774	0.117075
775	0.117626
776	0.116113
777	0.115368
778	0.115385
779	0.115664
780	0.115523
781	0.114973
782	0.114377
783	0.114197
784	0.114484
785	0.114199
786	0.114084
787	0.113705
788	0.112512
789	0.111284
790	0.10959
791	0.108413
792	0.108021
793	0.107389
794	0.105794
795	0.104036
796	0.102977
797	0.10263
798	0.10254
799	0.101823
800	0.100875
801	0.100011
802	0.0997231
803	0.0990824
804	0.098261
805	0.098151
806	0.0989412
807	0.099915
808	0.100626
809	0.101151
810	0.100511
811	0.0998134
812	0.100113
813	0.0996299
814	0.0989808
815	0.0981566
816	0.097245
817	0.096195
818	0.094987
819	0.094081
820	0.0948713
821	0.100849
822	0.115896
823	0.128159
824	0.130437
825	0.13412
826	0.138972
827	0.143714
828	0.148266
829	0.151803
830	0.154444
831	0.15679
832	0.158297
833	0.157724
834	0.155822
835	0.15456
836	0.153482
837	0.152311
838	0.150962
839	0.149533
840	0.148114
841	0.146618
842	0.145209
843	0.143857
844	0.142037
845	0.141283
846	0.140866
847	0.140214
848	0.140039
849	0.139542
850	0.138896
851	0.13793
852	0.136657
853	0.135162
854	0.133956
855	0.133169
856	0.132974
857	0.133042
858	0.1325
859	0.131044
860	0.129271
861	0.128399
862	0.12882
863	0.129237
864	0.128413
865	0.126801
866	0.125627
867	0.124321
868	0.122946
869	0.121687
870	0.120956
871	0.119929
872	0.119215
873	0.118701
874	0.118611
875	0.118193
876	0.116957
877	0.115774
878	0.114753
879	0.113976
880	0.113183
881	0.112785
882	0.113451
883	0.113782
884	0.113268
885	0.113412
886	0.11324
887	0.112427
888	0.111693
889	0.111388
890	0.111075
891	0.110084
892	0.108639
893	0.107612
894	0.10696
895	0.106539
896	0.106136
897	0.105453
898	0.105608
899	0.106709
900	0.108735
901	0.111092
902	0.112794
903	0.113282
904	0.113561
905	0.113519
906	0.113141
907	0.112565
908	0.111783
909	0.110273
910	0.109088
911	0.108574
912	0.107781
913	0.105997
914	0.104225
915	0.102712
916	0.101783
917	0.101467
918	0.100999
919	0.0994493
920	0.0983485
921	0.0982977
922	0.0995904
923	0.101067
924	0.103082
925	0.105611
926	0.108775
927	0.112359
928	0.115117
929	0.117202
930	0.118233
931	0.118701
932	0.119215
933	0.119029
934	0.117129
935	0.115777
936	0.115148
937	0.115213
938	0.114744
939	0.115001
940	0.11613
941	0.118817
942	0.12259
943	0.127256
944	0.133084
945	0.139768
946	0.14705
947	0.153519
948	0.157442
949	0.159576
950	0.161309
951	0.16174
952	0.161176
953	0.160764
954	0.159787
955	0.158478
956	0.156299
957	0.153905
958	0.152336
959	0.150437
960	0.148938
961	0.147665
962	0.146415
963	0.145825
964	0.144916
965	0.143231
966	0.142226
967	0.141089
968	0.14027
969	0.139565
970	0.138695
971	0.137284
972	0.135735
973	0.134326
974	0.133764
975	0.13368
976	0.133135
977	0.132686
978	0.132712
979	0.133014
980	0.133014
981	0.132681
982	0.131975
983	0.131828
984	0.131481
985	0.131315
986	0.131676
987	0.13259
988	0.13309
989	0.132387
990	0.131882
991	0.131769
992	0.131969
993	0.131278
994	0.130448
995	0.129796
996	0.128966
997	0.127276
998	0.125204
999	0.124589
1000	0.124617
1001	0.124527
1002	0.123657
1003	0.121933
1004	0.120719
1005	0.120138
1006	0.120722
1007	0.121515
1008	0.120702
1009	0.119243
1010	0.118337
1011	0.117685
1012	0.11602
1013	0.114267
1014	0.113243
1015	0.112605
1016	0.112046
1017	0.11173
1018	0.110705
1019	0.110827
1020	0.114784
1021	0.126423
1022	0.140129
1023	0.139288
