0	0.000716221
1	0.000419865
2	-5.14812e-05
3	-0.000353482
4	-0.000370416
5	-2.60793e-05
6	4.7304e-05
7	-3.45466e-05
8	0.000230762
9	0.000577922
10	0.00056381
11	0.000323903
12	-0.000192603
13	1.34348e-05
14	-7.40607e-05
15	-2.04344e-05
16	5.01265e-05
17	0.00010093
18	-1.47895e-05
19	-2.89017e-05
20	-1.7612e-05
21	-0.000234939
22	-0.000325257
23	-0.000463557
24	-0.000517183
25	-0.000426865
26	2.7547e-05
27	0.000306968
28	0.000188426
29	0.00034366
30	0.000278744
31	8.96406e-05
32	-0.000325257
33	-0.000573632
34	-0.000438155
35	3.03694e-05
36	4.96751e-06
37	0.000199716
38	0.000211005
39	0.00023923
40	2.19021e-05
41	-0.000370416
42	-0.000367594
43	-0.000257519
44	-1.7612e-05
45	8.39957e-05
46	-1.19671e-05
47	8.96406e-05
48	0.000242052
49	0.00011222
50	-5.71261e-05
51	2.7547e-05
52	0.000182781
53	0.000213828
54	0.000287211
55	0.000544053
56	0.000944838
57	0.00237864
58	0.00785416
59	0.0229373
60	0.0589487
61	0.127113
62	0.228766
63	0.352798
64	0.484453
65	0.61242
66	0.731131
67	0.83763
68	0.930776
69	1.00991
70	1.07478
71	1.12631
72	1.16528
73	1.1934
74	1.21209
75	1.22433
76	1.23293
77	1.24036
78	1.24782
79	1.25578
80	1.26449
81	1.27276
82	1.2788
83	1.28171
84	1.282
85	1.27999
86	1.27709
87	1.275
88	1.27444
89	1.27538
90	1.27705
91	1.27797
92	1.27677
93	1.27222
94	1.26509
95	1.25566
96	1.24575
97	1.23726
98	1.23093
99	1.22719
100	1.22488
101	1.22236
102	1.21772
103	1.20949
104	1.19807
105	1.18527
106	1.17203
107	1.16068
108	1.15212
109	1.14619
110	1.14172
111	1.13733
112	1.1312
113	1.12178
114	1.10926
115	1.09469
116	1.08036
117	1.06859
118	1.05986
119	1.05407
120	1.04976
121	1.04451
122	1.03677
123	1.02591
124	1.01231
125	0.998043
126	0.984944
127	0.974674
128	0.967632
129	0.963181
130	0.959492
131	0.954795
132	0.946619
133	0.934747
134	0.920601
135	0.905775
136	0.893173
137	0.884449
138	0.879902
139	0.877715
140	0.875654
141	0.87133
142	0.862981
143	0.850105
144	0.834291
145	0.818316
146	0.804594
147	0.795314
148	0.790936
149	0.789522
150	0.788788
151	0.785604
152	0.778534
153	0.766815
154	0.751631
155	0.735486
156	0.721614
157	0.712221
158	0.707417
159	0.706387
160	0.706209
161	0.703999
162	0.698191
163	0.688061
164	0.674262
165	0.65945
166	0.646441
167	0.636907
168	0.631293
169	0.62916
170	0.628533
171	0.627161
172	0.622699
173	0.614172
174	0.602888
175	0.590495
176	0.578508
177	0.569183
178	0.563586
179	0.561071
180	0.560205
181	0.55916
182	0.555762
183	0.549542
184	0.541122
185	0.530823
186	0.520679
187	0.512212
188	0.50666
189	0.5039
190	0.502342
191	0.500761
192	0.498038
193	0.492994
194	0.485362
195	0.47622
196	0.466824
197	0.45838
198	0.451747
199	0.447705
200	0.44589
201	0.444615
202	0.442249
203	0.438213
204	0.432444
205	0.425061
206	0.416661
207	0.408519
208	0.402603
209	0.398951
210	0.397209
211	0.396568
212	0.395676
213	0.393348
214	0.38877
215	0.381652
216	0.373549
217	0.365945
218	0.359834
219	0.355567
220	0.353758
221	0.3536
222	0.353538
223	0.352284
224	0.348912
225	0.343261
226	0.336462
227	0.32883
228	0.322259
229	0.317631
230	0.315491
231	0.314983
232	0.314958
233	0.313795
234	0.311114
235	0.306482
236	0.300162
237	0.293346
238	0.287529
239	0.283567
240	0.281718
241	0.281184
242	0.281046
243	0.280278
244	0.278097
245	0.274157
246	0.268723
247	0.263121
248	0.258371
249	0.255353
250	0.253937
251	0.253835
252	0.254024
253	0.252974
254	0.250394
255	0.246006
256	0.240476
257	0.234637
258	0.229706
259	0.226861
260	0.226011
261	0.226353
262	0.226517
263	0.225757
264	0.223398
265	0.219305
266	0.213926
267	0.208385
268	0.204118
269	0.201741
270	0.201355
271	0.202055
272	0.203048
273	0.203209
274	0.201786
275	0.198848
276	0.195323
277	0.191485
278	0.188857
279	0.187739
280	0.18816
281	0.189695
282	0.191507
283	0.192797
284	0.192357
285	0.189752
286	0.185882
287	0.181648
288	0.177742
289	0.175363
290	0.174578
291	0.175301
292	0.176187
293	0.176833
294	0.176376
295	0.174623
296	0.171702
297	0.168208
298	0.164973
299	0.162453
300	0.16116
301	0.1605
302	0.160017
303	0.159543
304	0.158567
305	0.15665
306	0.153695
307	0.15063
308	0.147683
309	0.14518
310	0.143506
311	0.142436
312	0.141502
313	0.140751
314	0.139484
315	0.137511
316	0.135183
317	0.132544
318	0.130266
319	0.128313
320	0.12689
321	0.125609
322	0.124364
323	0.12299
324	0.121531
325	0.119702
326	0.117943
327	0.116182
328	0.114537
329	0.113021
330	0.111776
331	0.110822
332	0.109961
333	0.108911
334	0.107181
335	0.105302
336	0.103388
337	0.101593
338	0.100328
339	0.0990922
340	0.0980168
341	0.0973366
342	0.0962669
343	0.0948106
344	0.0934276
345	0.0924256
346	0.0910398
347	0.0895157
348	0.0884516
349	0.0875908
350	0.087046
351	0.0867073
352	0.0864928
353	0.0860554
354	0.0854316
355	0.0848333
356	0.0843167
357	0.0837438
358	0.0830354
359	0.0824116
360	0.0816213
361	0.080879
362	0.079815
363	0.0786267
364	0.0772973
365	0.0758918
366	0.074616
367	0.0732726
368	0.0724315
369	0.0719121
370	0.0715593
371	0.0707803
372	0.0697586
373	0.0686325
374	0.0671422
375	0.0652794
376	0.0638513
377	0.0628521
378	0.0623102
379	0.0616441
380	0.06117
381	0.0605801
382	0.0598434
383	0.0587003
384	0.057227
385	0.0556041
386	0.0537978
387	0.0519886
388	0.0505971
389	0.0500411
390	0.0499903
391	0.0499621
392	0.0496488
393	0.0491972
394	0.048198
395	0.0465469
396	0.044399
397	0.0425899
398	0.0411363
399	0.0404476
400	0.0397533
401	0.0398182
402	0.039934
403	0.0398832
404	0.0392199
405	0.0380683
406	0.0367531
407	0.035006
408	0.033448
409	0.0324489
410	0.0322767
411	0.0325956
412	0.0331291
413	0.0332758
414	0.0327763
415	0.0315852
416	0.0301091
417	0.0281446
418	0.0262621
419	0.0249496
420	0.0242666
421	0.0245093
422	0.0250089
423	0.0254266
424	0.0255791
425	0.0248001
426	0.0236626
427	0.0220567
428	0.0205833
429	0.0195898
430	0.0190366
431	0.0190508
432	0.0196209
433	0.0201289
434	0.0204422
435	0.0201289
436	0.018904
437	0.0173488
438	0.0158896
439	0.0149526
440	0.014659
441	0.015328
442	0.0162029
443	0.0174702
444	0.0181222
445	0.0183762
446	0.0175295
447	0.0162763
448	0.0148764
449	0.0143345
450	0.0144756
451	0.0150739
452	0.0158473
453	0.0166771
454	0.0168549
455	0.0163638
456	0.0152038
457	0.0136486
458	0.0122233
459	0.01121
460	0.0109165
461	0.0113596
462	0.011862
463	0.0123955
464	0.0127737
465	0.0122854
466	0.011385
467	0.0101008
468	0.00903111
469	0.00790214
470	0.00728967
471	0.00750135
472	0.00794448
473	0.00817027
474	0.00795294
475	0.00734894
476	0.00640907
477	0.00510793
478	0.00395638
479	0.00301086
480	0.00285845
481	0.0029403
482	0.00299675
483	0.0031548
484	0.003104
485	0.00252258
486	0.00171536
487	0.00104362
488	0.000905324
489	0.000919436
490	0.00114805
491	0.00136538
492	0.00148392
493	0.0014811
494	0.000882745
495	-0.000153089
496	-0.00131593
497	-0.00198485
498	-0.00210339
499	-0.00181833
500	-0.00166309
501	-0.00153044
502	-0.00154173
503	-0.00210057
504	-0.00280336
505	-0.00357106
506	-0.00425973
507	-0.00498228
508	-0.00520807
509	-0.00476213
510	-0.0042174
511	-0.00395773
512	-0.00404805
513	-0.00456455
514	-0.00517702
515	-0.00590521
516	-0.00684508
517	-0.007514
518	-0.0074886
519	-0.00749424
520	-0.00733901
521	-0.00700878
522	-0.00691
523	-0.00683944
524	-0.00745191
525	-0.00810671
526	-0.00862604
527	-0.00901836
528	-0.00915101
529	-0.00907763
530	-0.00892522
531	-0.00869378
532	-0.00889135
533	-0.00931471
534	-0.00967316
535	-0.010153
536	-0.0105961
537	-0.0108614
538	-0.0110957
539	-0.0107739
540	-0.0107683
541	-0.0106723
542	-0.0108388
543	-0.0111606
544	-0.011265
545	-0.0117081
546	-0.0121174
547	-0.0124843
548	-0.0127327
549	-0.0125633
550	-0.0125379
551	-0.0125803
552	-0.0128089
553	-0.0130911
554	-0.0137121
555	-0.0141354
556	-0.0142596
557	-0.0146294
558	-0.0147366
559	-0.014683
560	-0.0147112
561	-0.0146406
562	-0.0147479
563	-0.0150809
564	-0.0154225
565	-0.0160378
566	-0.0162861
567	-0.0171526
568	-0.0174998
569	-0.0175732
570	-0.0172486
571	-0.0169692
572	-0.0167857
573	-0.0166587
574	-0.0168958
575	-0.0175844
576	-0.0183634
577	-0.0189787
578	-0.0193456
579	-0.0195235
580	-0.0196985
581	-0.0194924
582	-0.0191594
583	-0.0190098
584	-0.0189336
585	-0.0190324
586	-0.0195432
587	-0.0199638
588	-0.0203787
589	-0.0209008
590	-0.0208161
591	-0.0204323
592	-0.0203307
593	-0.0203448
594	-0.0203533
595	-0.020771
596	-0.0211859
597	-0.0217024
598	-0.0223713
599	-0.0224023
600	-0.0224419
601	-0.0224757
602	-0.0222556
603	-0.0221257
604	-0.0221003
605	-0.0223318
606	-0.0229076
607	-0.0233817
608	-0.0236724
609	-0.0237994
610	-0.0238757
611	-0.0240083
612	-0.0237938
613	-0.0238361
614	-0.024347
615	-0.024982
616	-0.0252389
617	-0.0256594
618	-0.0257413
619	-0.024172
620	-0.0156144
621	0.00160811
622	-0.0331276
623	-0.0333393
624	-0.033407
625	-0.0337711
626	-0.0342876
627	-0.0349565
628	-0.0353545
629	-0.0354392
630	-0.0351908
631	-0.0350327
632	-0.0349142
633	-0.0348549
634	-0.0349735
635	-0.0353122
636	-0.0360121
637	-0.0364863
638	-0.0365427
639	-0.0366161
640	-0.0366077
641	-0.0365173
642	-0.0358795
643	-0.0353799
644	-0.0355549
645	-0.0359698
646	-0.0362069
647	-0.0363198
648	-0.0363311
649	-0.0362944
650	-0.0361674
651	-0.036077
652	-0.0361448
653	-0.0360545
654	-0.0361278
655	-0.036269
656	-0.0363367
657	-0.0367544
658	-0.0371355
659	-0.0374967
660	-0.0375955
661	-0.0375221
662	-0.0372992
663	-0.0365681
664	-0.035998
665	-0.0355718
666	-0.0352868
667	-0.0355859
668	-0.0356311
669	-0.0351964
670	-0.0347618
671	-0.0340759
672	-0.0332913
673	-0.0329103
674	-0.0326083
675	-0.0325631
676	-0.0323147
677	-0.0320748
678	-0.0321059
679	-0.0321341
680	-0.0319676
681	-0.0314962
682	-0.0315301
683	-0.0315216
684	-0.0319676
685	-0.032247
686	-0.0323204
687	-0.0326958
688	-0.0332236
689	-0.0331784
690	-0.0328256
691	-0.0327296
692	-0.0325603
693	-0.0323966
694	-0.032024
695	-0.0321172
696	-0.0326506
697	-0.0328962
698	-0.0328792
699	-0.0324813
700	-0.0317926
701	-0.031118
702	-0.030164
703	-0.0296645
704	-0.0293258
705	-0.029481
706	-0.0295629
707	-0.0300907
708	-0.0306608
709	-0.0307624
710	-0.0304152
711	-0.0301951
712	-0.0301302
713	-0.0304181
714	-0.0304717
715	-0.0305705
716	-0.0308414
717	-0.031437
718	-0.0317757
719	-0.0317615
720	-0.0316599
721	-0.0316345
722	-0.0312225
723	-0.0308442
724	-0.030864
725	-0.0311829
726	-0.0315329
727	-0.0318801
728	-0.0320918
729	-0.0322442
730	-0.0324474
731	-0.0323825
732	-0.032295
733	-0.0321934
734	-0.0321623
735	-0.0320466
736	-0.0321905
737	-0.032374
738	-0.0323797
739	-0.0323147
740	-0.0320777
741	-0.0321962
742	-0.032374
743	-0.0325857
744	-0.0324446
745	-0.0322329
746	-0.0321877
747	-0.0323684
748	-0.0322639
749	-0.0321341
750	-0.032072
751	-0.0320551
752	-0.0320353
753	-0.0318998
754	-0.0320551
755	-0.0322555
756	-0.0324248
757	-0.0322526
758	-0.0323909
759	-0.032772
760	-0.0329724
761	-0.0330796
762	-0.0330175
763	-0.0329752
764	-0.0326506
765	-0.0321793
766	-0.0319055
767	-0.0319055
768	-0.0320353
769	-0.0322329
770	-0.0323232
771	-0.0321623
772	-0.0319027
773	-0.0314567
774	-0.030943
775	-0.0304124
776	-0.0301499
777	-0.0298959
778	-0.0299072
779	-0.0299721
780	-0.0305592
781	-0.0307934
782	-0.0308188
783	-0.0305394
784	-0.0302205
785	-0.0298253
786	-0.029783
787	-0.0302685
788	-0.0305056
789	-0.0307257
790	-0.0309233
791	-0.0311152
792	-0.0311999
793	-0.03107
794	-0.0311124
795	-0.031214
796	-0.0312845
797	-0.0311547
798	-0.0309176
799	-0.0305987
800	-0.0302374
801	-0.0295798
802	-0.0288939
803	-0.0280641
804	-0.0275392
805	-0.0269408
806	-0.0264074
807	-0.0262578
808	-0.0262239
809	-0.0261364
810	-0.0259106
811	-0.025936
812	-0.0258711
813	-0.0254675
814	-0.0252078
815	-0.0253828
816	-0.0256058
817	-0.0257469
818	-0.0259897
819	-0.0261082
820	-0.026238
821	-0.0263171
822	-0.0261957
823	-0.0258316
824	-0.0257554
825	-0.0254026
826	-0.0247196
827	-0.0241523
828	-0.0236866
829	-0.0233027
830	-0.0228455
831	-0.0222669
832	-0.0219677
833	-0.0220637
834	-0.0217729
835	-0.0221935
836	-0.0224588
837	-0.0225632
838	-0.0224729
839	-0.0223036
840	-0.0224447
841	-0.022614
842	-0.0226197
843	-0.0225406
844	-0.022312
845	-0.0221907
846	-0.0224165
847	-0.0227806
848	-0.0228709
849	-0.0230487
850	-0.0233168
851	-0.0232858
852	-0.0231531
853	-0.0233055
854	-0.023362
855	-0.0236188
856	-0.0239801
857	-0.0240365
858	-0.0243442
859	-0.02468
860	-0.0246405
861	-0.0248127
862	-0.0249425
863	-0.0251712
864	-0.0252389
865	-0.0253603
866	-0.0257723
867	-0.0262663
868	-0.0265598
869	-0.0265316
870	-0.026667
871	-0.0268703
872	0.012291
873	-0.0017393
874	-0.0168873
875	-0.0279456
876	-0.0281319
877	-0.0281996
878	-0.0279795
879	-0.0282871
880	-0.0286286
881	-0.0286258
882	-0.028623
883	-0.028654
884	-0.0287415
885	-0.0289532
886	-0.029052
887	-0.0297802
888	-0.0299298
889	-0.0301923
890	-0.0303729
891	-0.0299467
892	-0.0290238
893	-0.0279682
894	-0.0270848
895	-0.0262888
896	-0.0254788
897	-0.0247478
898	-0.0239688
899	-0.0233987
900	-0.0228172
901	-0.0222499
902	-0.0219028
903	-0.0217588
904	-0.0216205
905	-0.0216177
906	-0.0217193
907	-0.0220806
908	-0.0222923
909	-0.0224785
910	-0.0223177
911	-0.022487
912	-0.0223882
913	-0.0223826
914	-0.0223572
915	-0.0224165
916	-0.0225717
917	-0.0225435
918	-0.0137911
919	-0.00610278
920	-5.99492e-05
921	0.0050035
922	0.00902265
923	0.0117322
924	0.0132619
925	0.0139337
926	0.0139393
927	0.0141115
928	0.0143937
929	0.0147211
930	0.0152715
931	0.0155142
932	0.0155792
933	0.0152631
934	0.0152518
935	0.0156356
936	0.0154211
937	0.0149582
938	0.014803
939	0.0147832
940	0.0150175
941	0.0155199
942	0.0163666
943	0.0176565
944	0.0187318
945	0.0193753
946	0.0198015
947	0.0199822
948	0.0200245
949	0.0200979
950	0.0203942
951	0.0213087
952	0.0218788
953	0.0218534
954	0.0212974
955	0.0205128
956	0.0199991
957	0.0191693
958	0.0185258
959	0.0181194
960	0.0179754
961	0.0179303
962	0.0176141
963	0.017013
964	0.0168916
965	0.0166319
966	0.0159489
967	0.0149215
968	0.0143796
969	0.0142865
970	0.0141256
971	0.0142724
972	0.014676
973	0.0156413
974	0.016536
975	0.016886
976	0.0167843
977	0.0164767
978	0.0163271
979	0.0159489
980	0.015661
981	0.0154352
982	0.0153449
983	0.0150796
984	0.0144361
985	0.013976
986	0.0138039
987	0.0135442
988	0.0128866
989	0.012641
990	0.0126664
991	0.0131829
992	0.0137813
993	0.0147211
994	0.0150909
995	0.0149244
996	0.0146421
997	0.0142442
998	0.0137248
999	0.013626
1000	0.0137982
1001	0.0137333
1002	0.0135498
1003	0.0134087
1004	0.0133184
1005	0.012737
1006	0.0120878
1007	0.0115487
1008	0.011275
1009	0.0108601
1010	0.0106427
1011	0.0106766
1012	0.0106709
1013	0.0103577
1014	0.00999074
1015	0.00970568
1016	0.00942061
1017	0.00912425
1018	0.00881943
1019	0.00841865
1020	0.00841865
1021	0.00854283
1022	0.00866702
1023	0.00846945
