0	0.00118993
1	0.00120122
2	0.00119275
3	0.00122662
4	0.000918975
5	0.000543591
6	0.000608507
7	0.000933087
8	0.000975423
9	0.000887928
10	0.000772208
11	0.000712937
12	0.000865349
13	0.000631086
14	0.000729872
15	0.000837124
16	0.000964134
17	0.000622619
18	0.000518189
19	0.000467385
20	0.000202076
21	-9.42794e-05
22	-0.000122504
23	-8.01672e-05
24	-0.000305962
25	-0.000845047
26	-0.00092972
27	-0.000766019
28	-0.000475308
29	-0.000557159
30	-0.000949477
31	-0.00126559
32	-0.00107931
33	-0.000658766
34	-0.000483775
35	-0.000393457
36	-0.000644654
37	-0.000596673
38	-0.00070957
39	-0.00050071
40	-0.000540224
41	-0.00059385
42	-0.000867627
43	-0.000907141
44	-0.000774486
45	-0.000520467
46	-0.000235401
47	-0.000263625
48	-0.000492243
49	-0.000348299
50	-0.000201532
51	-0.000215644
52	-0.00028056
53	-0.000238224
54	-6.7839e-06
55	0.000298039
56	0.00167539
57	0.00564373
58	0.0122652
59	0.0204502
60	0.0308848
61	0.0468343
62	0.0802125
63	0.167172
64	0.34343
65	0.627065
66	1.00495
67	1.4367
68	1.86867
69	2.25162
70	2.55676
71	2.77562
72	2.91568
73	2.99045
74	3.01582
75	3.00552
76	2.9713
77	2.92161
78	2.86335
79	2.80259
80	2.74433
81	2.69154
82	2.64487
83	2.60472
84	2.56988
85	2.53904
86	2.50993
87	2.48288
88	2.45874
89	2.43587
90	2.41182
91	2.39163
92	2.38369
93	2.38106
94	2.37045
95	2.34987
96	2.32396
97	2.29887
98	2.27604
99	2.25407
100	2.23199
101	2.20929
102	2.18629
103	2.16331
104	2.14237
105	2.12268
106	2.10353
107	2.08497
108	2.06647
109	2.04769
110	2.02881
111	2.01042
112	1.9924
113	1.97423
114	1.95513
115	1.93567
116	1.91645
117	1.89771
118	1.8788
119	1.85978
120	1.84039
121	1.82147
122	1.80289
123	1.78441
124	1.76582
125	1.74779
126	1.73031
127	1.71325
128	1.69632
129	1.68002
130	1.66431
131	1.64847
132	1.63263
133	1.61701
134	1.60057
135	1.58493
136	1.5691
137	1.55304
138	1.53615
139	1.5192
140	1.50255
141	1.48615
142	1.46978
143	1.45296
144	1.43681
145	1.42206
146	1.40758
147	1.39348
148	1.37984
149	1.36643
150	1.35322
151	1.34011
152	1.32705
153	1.31346
154	1.30017
155	1.28724
156	1.27474
157	1.2622
158	1.24894
159	1.2358
160	1.22292
161	1.20969
162	1.19693
163	1.1846
164	1.17294
165	1.16109
166	1.14921
167	1.13734
168	1.12539
169	1.11361
170	1.10125
171	1.08905
172	1.07712
173	1.06492
174	1.05293
175	1.04199
176	1.03267
177	1.02632
178	1.02611
179	1.03194
180	1.02258
181	1.01318
182	1.00331
183	0.993346
184	0.983705
185	0.974526
186	0.965873
187	0.957524
188	0.949472
189	0.942466
190	0.935038
191	0.926943
192	0.918891
193	0.910598
194	0.902292
195	0.894426
196	0.887101
197	0.879645
198	0.871479
199	0.862225
200	0.853258
201	0.845075
202	0.836413
203	0.828262
204	0.820114
205	0.812417
206	0.805333
207	0.798164
208	0.789787
209	0.780975
210	0.771892
211	0.763414
212	0.755232
213	0.74725
214	0.739672
215	0.731947
216	0.724992
217	0.718729
218	0.712746
219	0.706976
220	0.702026
221	0.697394
222	0.692331
223	0.686867
224	0.681168
225	0.675396
226	0.669622
227	0.663291
228	0.656593
229	0.650037
230	0.643339
231	0.636831
232	0.630147
233	0.623667
234	0.617723
235	0.612258
236	0.607161
237	0.602673
238	0.598265
239	0.594093
240	0.589857
241	0.585654
242	0.581945
243	0.577994
244	0.573029
245	0.568333
246	0.56391
247	0.558897
248	0.55354
249	0.548466
250	0.543433
251	0.538649
252	0.533645
253	0.528489
254	0.523657
255	0.518599
256	0.513829
257	0.50955
258	0.504935
259	0.500349
260	0.495864
261	0.490578
262	0.485446
263	0.481278
264	0.47694
265	0.472903
266	0.468732
267	0.464552
268	0.460471
269	0.456302
270	0.452243
271	0.449271
272	0.446844
273	0.444569
274	0.442159
275	0.439652
276	0.437259
277	0.436542
278	0.441741
279	0.455162
280	0.456824
281	0.453237
282	0.449805
283	0.446178
284	0.442297
285	0.439184
286	0.436065
287	0.4325
288	0.429559
289	0.426649
290	0.423756
291	0.420711
292	0.417934
293	0.415388
294	0.412165
295	0.409125
296	0.405905
297	0.402774
298	0.400023
299	0.397059
300	0.393723
301	0.390531
302	0.387677
303	0.384508
304	0.381174
305	0.378166
306	0.375239
307	0.372185
308	0.369199
309	0.366292
310	0.363684
311	0.361287
312	0.358809
313	0.356611
314	0.354395
315	0.352637
316	0.350675
317	0.348544
318	0.346656
319	0.344316
320	0.341889
321	0.339383
322	0.337221
323	0.33439
324	0.331378
325	0.328152
326	0.325389
327	0.322863
328	0.320046
329	0.317026
330	0.3159
331	0.317582
332	0.322798
333	0.328745
334	0.333944
335	0.337173
336	0.335702
337	0.334011
338	0.332422
339	0.331229
340	0.32991
341	0.328369
342	0.326425
343	0.324359
344	0.321988
345	0.319747
346	0.317289
347	0.315138
348	0.313298
349	0.312129
350	0.315064
351	0.325375
352	0.338194
353	0.335832
354	0.333218
355	0.330605
356	0.328375
357	0.326103
358	0.32422
359	0.322476
360	0.3205
361	0.318062
362	0.315612
363	0.313264
364	0.311339
365	0.309578
366	0.307814
367	0.305745
368	0.303529
369	0.30124
370	0.29883
371	0.29618
372	0.293628
373	0.291379
374	0.289471
375	0.287972
376	0.286171
377	0.284148
378	0.282248
379	0.279795
380	0.277374
381	0.275378
382	0.273575
383	0.271554
384	0.269338
385	0.267148
386	0.265398
387	0.264148
388	0.26233
389	0.260608
390	0.258949
391	0.257428
392	0.255949
393	0.254783
394	0.253606
395	0.252384
396	0.250648
397	0.24876
398	0.246747
399	0.245102
400	0.243313
401	0.241077
402	0.238703
403	0.236307
404	0.234405
405	0.23279
406	0.231822
407	0.23141
408	0.2311
409	0.230651
410	0.230643
411	0.230606
412	0.229991
413	0.229144
414	0.2278
415	0.22655
416	0.225463
417	0.224027
418	0.222376
419	0.220874
420	0.219581
421	0.217792
422	0.215983
423	0.214301
424	0.212867
425	0.211515
426	0.210282
427	0.208859
428	0.207516
429	0.206607
430	0.206516
431	0.208402
432	0.211871
433	0.215596
434	0.218935
435	0.221357
436	0.222404
437	0.222712
438	0.222418
439	0.221501
440	0.220219
441	0.21981
442	0.221611
443	0.225226
444	0.230219
445	0.235963
446	0.241501
447	0.243011
448	0.241709
449	0.240284
450	0.238735
451	0.237775
452	0.237284
453	0.236835
454	0.235743
455	0.23465
456	0.232951
457	0.231901
458	0.231026
459	0.229864
460	0.227699
461	0.225706
462	0.223841
463	0.222305
464	0.220863
465	0.218887
466	0.216748
467	0.21482
468	0.213115
469	0.211515
470	0.209799
471	0.208749
472	0.207456
473	0.206003
474	0.204467
475	0.203155
476	0.201837
477	0.201363
478	0.20162
479	0.203262
480	0.206765
481	0.212221
482	0.218659
483	0.224233
484	0.227436
485	0.227211
486	0.228204
487	0.230242
488	0.232726
489	0.235398
490	0.237501
491	0.238963
492	0.239166
493	0.239113
494	0.2383
495	0.237484
496	0.236398
497	0.235102
498	0.233352
499	0.231249
500	0.22885
501	0.226259
502	0.223589
503	0.220583
504	0.217736
505	0.215337
506	0.213361
507	0.211775
508	0.21027
509	0.208091
510	0.206062
511	0.203798
512	0.202102
513	0.200697
514	0.199209
515	0.197956
516	0.197152
517	0.196305
518	0.194944
519	0.19379
520	0.192607
521	0.191826
522	0.191481
523	0.190493
524	0.189353
525	0.189023
526	0.189017
527	0.188662
528	0.187948
529	0.186881
530	0.185554
531	0.183725
532	0.182198
533	0.181258
534	0.18094
535	0.180793
536	0.180206
537	0.179161
538	0.177584
539	0.176215
540	0.174744
541	0.173415
542	0.172009
543	0.17044
544	0.16891
545	0.16768
546	0.166147
547	0.164298
548	0.162828
549	0.161253
550	0.159418
551	0.157829
552	0.156192
553	0.154617
554	0.152941
555	0.151061
556	0.149464
557	0.147813
558	0.146257
559	0.144564
560	0.143209
561	0.141897
562	0.140703
563	0.139619
564	0.138332
565	0.136754
566	0.135529
567	0.134471
568	0.133212
569	0.132388
570	0.131643
571	0.130539
572	0.129374
573	0.128152
574	0.12689
575	0.125716
576	0.124158
577	0.122843
578	0.121595
579	0.12092
580	0.120184
581	0.118603
582	0.117344
583	0.116306
584	0.115705
585	0.115236
586	0.114804
587	0.114401
588	0.113768
589	0.113297
590	0.112896
591	0.1121
592	0.110887
593	0.109269
594	0.107884
595	0.107017
596	0.106306
597	0.105541
598	0.104547
599	0.103661
600	0.102939
601	0.101858
602	0.101245
603	0.100892
604	0.100737
605	0.100156
606	0.099422
607	0.0983438
608	0.0972289
609	0.096529
610	0.0960943
611	0.0960633
612	0.0959306
613	0.0955552
614	0.0951685
615	0.0948665
616	0.0945307
617	0.0937037
618	0.0927751
619	0.0915558
620	0.0909095
621	0.0901982
622	0.0896563
623	0.0891229
624	0.0884963
625	0.0879657
626	0.0875423
627	0.0869101
628	0.0860351
629	0.0850473
630	0.0842796
631	0.0834385
632	0.0825607
633	0.081793
634	0.0810564
635	0.0805004
636	0.0801532
637	0.0800008
638	0.0797665
639	0.0788831
640	0.0781323
641	0.0779009
642	0.0783468
643	0.0800572
644	0.083495
645	0.0874464
646	0.0916744
647	0.0953689
648	0.0980333
649	0.0993514
650	0.0997973
651	0.0997522
652	0.0991933
653	0.0984087
654	0.0972317
655	0.0963653
656	0.0953802
657	0.0941892
658	0.0928005
659	0.0917336
660	0.0910704
661	0.090853
662	0.0904861
663	0.0896817
664	0.0887786
665	0.0882479
666	0.0876496
667	0.087294
668	0.0889423
669	0.0936755
670	0.101547
671	0.111764
672	0.122267
673	0.124866
674	0.127443
675	0.129763
676	0.131809
677	0.13374
678	0.134931
679	0.135035
680	0.134127
681	0.133187
682	0.132106
683	0.13074
684	0.129622
685	0.128355
686	0.127048
687	0.126097
688	0.124852
689	0.124076
690	0.123243
691	0.122253
692	0.12116
693	0.119862
694	0.11871
695	0.117669
696	0.116898
697	0.11643
698	0.115349
699	0.114717
700	0.114355
701	0.114197
702	0.114217
703	0.114502
704	0.114807
705	0.114505
706	0.114138
707	0.113845
708	0.112924
709	0.112555
710	0.111702
711	0.110212
712	0.109052
713	0.10816
714	0.107054
715	0.106213
716	0.105346
717	0.104293
718	0.103077
719	0.102357
720	0.101443
721	0.100881
722	0.100091
723	0.0995631
724	0.0986514
725	0.0981095
726	0.0977652
727	0.0972938
728	0.0965431
729	0.0957782
730	0.0953633
731	0.0953802
732	0.0949597
733	0.0944883
734	0.0937573
735	0.0932352
736	0.0928203
737	0.093159
738	0.0935231
739	0.0935795
740	0.0935654
741	0.0936077
742	0.0933819
743	0.0927046
744	0.0919481
745	0.0913075
746	0.0907373
747	0.0902801
748	0.0898116
749	0.0894136
750	0.0887221
751	0.0882649
752	0.0874125
753	0.0866758
754	0.0858065
755	0.0845195
756	0.0836445
757	0.0831817
758	0.0823519
759	0.0815249
760	0.0804947
761	0.0799782
762	0.0797016
763	0.0795915
764	0.0797552
765	0.0795661
766	0.0796198
767	0.0799754
768	0.0803762
769	0.0828599
770	0.0872629
771	0.0929191
772	0.0985272
773	0.103842
774	0.108016
775	0.11004
776	0.109377
777	0.109015
778	0.108282
779	0.107212
780	0.106007
781	0.104954
782	0.104277
783	0.104008
784	0.103176
785	0.101858
786	0.100384
787	0.099024
788	0.0974801
789	0.0958657
790	0.0942908
791	0.0927949
792	0.0917647
793	0.0909603
794	0.0897608
795	0.0887729
796	0.0878246
797	0.0868339
798	0.0861819
799	0.0856936
800	0.0854114
801	0.0851094
802	0.0847538
803	0.0843558
804	0.0844094
805	0.0846804
806	0.0850332
807	0.0849937
808	0.0857162
809	0.0863146
810	0.0867944
811	0.0871472
812	0.0870823
813	0.0865093
814	0.0861029
815	0.0854086
816	0.0846832
817	0.0851489
818	0.089535
819	0.100876
820	0.117762
821	0.117782
822	0.118572
823	0.120489
824	0.123071
825	0.126915
826	0.132072
827	0.13718
828	0.141538
829	0.144431
830	0.145769
831	0.146212
832	0.145865
833	0.145456
834	0.145109
835	0.143681
836	0.141902
837	0.140147
838	0.138595
839	0.136805
840	0.135433
841	0.134141
842	0.132684
843	0.131287
844	0.129721
845	0.128524
846	0.127627
847	0.126424
848	0.125716
849	0.125126
850	0.124889
851	0.124361
852	0.123977
853	0.123125
854	0.122241
855	0.121361
856	0.120613
857	0.119803
858	0.119185
859	0.118205
860	0.116994
861	0.115727
862	0.11468
863	0.113644
864	0.112558
865	0.112442
866	0.112349
867	0.11201
868	0.111471
869	0.110819
870	0.109746
871	0.108682
872	0.107192
873	0.105764
874	0.104686
875	0.104127
876	0.103675
877	0.103427
878	0.103052
879	0.102783
880	0.102628
881	0.102854
882	0.102795
883	0.102863
884	0.102902
885	0.102916
886	0.102634
887	0.102371
888	0.101731
889	0.100653
890	0.0998905
891	0.0992639
892	0.0985668
893	0.0981152
894	0.09737
895	0.0965656
896	0.0956935
897	0.0953125
898	0.0958431
899	0.0973192
900	0.0990776
901	0.101034
902	0.102628
903	0.103438
904	0.103605
905	0.103833
906	0.104161
907	0.103941
908	0.10306
909	0.10164
910	0.100339
911	0.0991566
912	0.0981321
913	0.0973983
914	0.0970765
915	0.0969636
916	0.0967124
917	0.0963709
918	0.0958657
919	0.0956427
920	0.0954875
921	0.0947649
922	0.0944516
923	0.0942456
924	0.094192
925	0.0954
926	0.0981095
927	0.101914
928	0.10516
929	0.107872
930	0.11002
931	0.111468
932	0.112089
933	0.112117
934	0.111798
935	0.111307
936	0.110779
937	0.110249
938	0.109738
939	0.109436
940	0.109707
941	0.111446
942	0.114567
943	0.118733
944	0.124093
945	0.130353
946	0.13678
947	0.142989
948	0.14799
949	0.151521
950	0.153539
951	0.154541
952	0.154747
953	0.154028
954	0.152817
955	0.151583
956	0.150262
957	0.148817
958	0.14729
959	0.145803
960	0.14433
961	0.142416
962	0.14072
963	0.139673
964	0.138727
965	0.137748
966	0.137217
967	0.13685
968	0.135941
969	0.134637
970	0.133683
971	0.132597
972	0.131448
973	0.130243
974	0.1291
975	0.128245
976	0.127875
977	0.127838
978	0.127725
979	0.127449
980	0.127068
981	0.126763
982	0.126503
983	0.126193
984	0.125817
985	0.125781
986	0.126244
987	0.126684
988	0.127429
989	0.128149
990	0.128431
991	0.128623
992	0.128468
993	0.12851
994	0.128603
995	0.128346
996	0.127601
997	0.127039
998	0.126275
999	0.125075
1000	0.123955
1001	0.12269
1002	0.121595
1003	0.120435
1004	0.119425
1005	0.118276
1006	0.116738
1007	0.115149
1008	0.114147
1009	0.11315
1010	0.111872
1011	0.110438
1012	0.108776
1013	0.107201
1014	0.105843
1015	0.104804
1016	0.103704
1017	0.102668
1018	0.101934
1019	0.103529
1020	0.111796
1021	0.128157
1022	0.132269
1023	0.131502
