0	0.00115122
1	0.00107783
2	0.000979047
3	0.000956467
4	0.000916953
5	0.00095929
6	0.000950823
7	0.000863327
8	0.000722205
9	0.000504878
10	0.000496411
11	0.000600841
12	0.000471009
13	0.000358111
14	0.000454074
15	0.000471009
16	0.000513345
17	0.000476654
18	0.000586728
19	0.000349644
20	0.000358111
21	0.000250859
22	0.000180298
23	0.00019441
24	3.91761e-05
25	-5.39643e-05
26	-0.000172507
27	-0.000305161
28	-0.000214843
29	-0.000164039
30	-0.000344675
31	-0.000344675
32	-0.0002346
33	-0.000220488
34	-0.0002346
35	-0.000423703
36	-0.000669255
37	-0.000751106
38	-0.000731349
39	-0.000626919
40	-0.000864003
41	-0.000804732
42	-0.000776508
43	-0.000886583
44	-0.000914807
45	-0.000742638
46	-0.000937386
47	-0.00119423
48	-0.00113496
49	-0.00113496
50	-0.00111238
51	-0.00134946
52	-0.00136357
53	-0.00152163
54	-0.001468
55	-0.00147365
56	-0.00122527
57	-0.000965611
58	-0.000550713
59	0.00042585
60	0.00368576
61	0.013347
62	0.0406879
63	0.109267
64	0.256587
65	0.514386
66	0.880506
67	1.31628
68	1.76333
69	2.16529
70	2.48422
71	2.70672
72	2.83909
73	2.89961
74	2.90817
75	2.88271
76	2.83698
77	2.7812
78	2.72268
79	2.66602
80	2.61405
81	2.56835
82	2.52951
83	2.49676
84	2.46925
85	2.44597
86	2.4258
87	2.40772
88	2.39076
89	2.374
90	2.35701
91	2.34007
92	2.32342
93	2.30692
94	2.28946
95	2.27157
96	2.25374
97	2.23555
98	2.21758
99	2.1995
100	2.18124
101	2.16286
102	2.14401
103	2.12522
104	2.10671
105	2.08886
106	2.07159
107	2.05494
108	2.03892
109	2.02336
110	2.00805
111	1.99224
112	1.97539
113	1.95733
114	1.9385
115	1.92007
116	1.902
117	1.88377
118	1.86599
119	1.84874
120	1.83183
121	1.81511
122	1.7986
123	1.78244
124	1.76628
125	1.74986
126	1.73305
127	1.71576
128	1.69808
129	1.6803
130	1.66284
131	1.64533
132	1.62842
133	1.61232
134	1.59663
135	1.58072
136	1.56464
137	1.5483
138	1.53203
139	1.51639
140	1.50123
141	1.48664
142	1.4723
143	1.4583
144	1.4443
145	1.43003
146	1.41543
147	1.40063
148	1.38609
149	1.37162
150	1.35691
151	1.34262
152	1.32845
153	1.31439
154	1.30078
155	1.28752
156	1.27432
157	1.26126
158	1.24839
159	1.23587
160	1.22305
161	1.21026
162	1.19808
163	1.18603
164	1.17403
165	1.16228
166	1.15021
167	1.13785
168	1.12534
169	1.11286
170	1.10041
171	1.08833
172	1.07673
173	1.06524
174	1.05389
175	1.04257
176	1.03148
177	1.02051
178	1.01087
179	1.00428
180	1.00193
181	1.00293
182	1.00297
183	0.992833
184	0.982763
185	0.972704
186	0.962667
187	0.953127
188	0.943647
189	0.93433
190	0.925535
191	0.916862
192	0.908254
193	0.899575
194	0.891567
195	0.883873
196	0.876879
197	0.870218
198	0.863831
199	0.857365
200	0.850619
201	0.843634
202	0.836011
203	0.827741
204	0.819765
205	0.811771
206	0.803668
207	0.795458
208	0.787151
209	0.778749
210	0.771058
211	0.763669
212	0.756497
213	0.749647
214	0.742952
215	0.73604
216	0.729368
217	0.722667
218	0.716074
219	0.709647
220	0.70319
221	0.696619
222	0.690088
223	0.683464
224	0.677
225	0.670684
226	0.664581
227	0.658395
228	0.652722
229	0.647557
230	0.64251
231	0.636984
232	0.63137
233	0.625237
234	0.61925
235	0.613213
236	0.607077
237	0.600651
238	0.59432
239	0.587981
240	0.581983
241	0.576536
242	0.571292
243	0.566163
244	0.561128
245	0.556008
246	0.550911
247	0.545768
248	0.540253
249	0.534781
250	0.529483
251	0.524388
252	0.519553
253	0.514786
254	0.510048
255	0.505345
256	0.500858
257	0.496105
258	0.491301
259	0.486497
260	0.481727
261	0.476988
262	0.472478
263	0.467914
264	0.463565
265	0.459156
266	0.455162
267	0.451299
268	0.447615
269	0.443695
270	0.44083
271	0.438482
272	0.436811
273	0.435151
274	0.433393
275	0.430782
276	0.428301
277	0.425264
278	0.422171
279	0.419343
280	0.418527
281	0.422922
282	0.432267
283	0.441745
284	0.437776
285	0.433799
286	0.4298
287	0.426176
288	0.422439
289	0.418855
290	0.415679
291	0.412532
292	0.409304
293	0.406109
294	0.402894
295	0.399467
296	0.39586
297	0.39209
298	0.388392
299	0.38474
300	0.381271
301	0.37809
302	0.374763
303	0.371726
304	0.369064
305	0.366117
306	0.363038
307	0.359905
308	0.356823
309	0.353755
310	0.350442
311	0.347481
312	0.344475
313	0.341729
314	0.339245
315	0.336694
316	0.334582
317	0.332556
318	0.33049
319	0.328452
320	0.326417
321	0.324148
322	0.321546
323	0.31878
324	0.316095
325	0.313188
326	0.310563
327	0.308035
328	0.305847
329	0.303922
330	0.302446
331	0.301357
332	0.300513
333	0.299965
334	0.29942
335	0.298732
336	0.297685
337	0.296745
338	0.29565
339	0.294171
340	0.292421
341	0.290321
342	0.28799
343	0.285667
344	0.283279
345	0.280982
346	0.27852
347	0.27602
348	0.273855
349	0.272359
350	0.27224
351	0.27416
352	0.277174
353	0.280496
354	0.283096
355	0.284845
356	0.284919
357	0.283999
358	0.2825
359	0.280352
360	0.277736
361	0.274848
362	0.271868
363	0.269003
364	0.266601
365	0.264199
366	0.261665
367	0.259139
368	0.256971
369	0.254846
370	0.253093
371	0.251405
372	0.249813
373	0.247886
374	0.246006
375	0.244095
376	0.242117
377	0.240276
378	0.238357
379	0.236647
380	0.235038
381	0.233805
382	0.232436
383	0.231326
384	0.229879
385	0.228374
386	0.226757
387	0.225061
388	0.223345
389	0.221456
390	0.219752
391	0.218019
392	0.216274
393	0.214618
394	0.21291
395	0.210929
396	0.209207
397	0.20761
398	0.206133
399	0.204491
400	0.202981
401	0.201634
402	0.200424
403	0.198933
404	0.197514
405	0.196176
406	0.195275
407	0.195106
408	0.195434
409	0.196187
410	0.196901
411	0.197056
412	0.196822
413	0.196303
414	0.195812
415	0.195185
416	0.194242
417	0.192907
418	0.191434
419	0.189893
420	0.188482
421	0.186859
422	0.185428
423	0.184147
424	0.182792
425	0.181431
426	0.180232
427	0.178665
428	0.177203
429	0.175623
430	0.174113
431	0.172837
432	0.17199
433	0.17164
434	0.171502
435	0.171477
436	0.171226
437	0.171719
438	0.174759
439	0.183108
440	0.195707
441	0.20882
442	0.207395
443	0.206221
444	0.20492
445	0.203452
446	0.201855
447	0.200034
448	0.198146
449	0.196565
450	0.194872
451	0.193664
452	0.192227
453	0.190864
454	0.189278
455	0.188061
456	0.186873
457	0.185905
458	0.18459
459	0.183122
460	0.181767
461	0.18035
462	0.179072
463	0.177855
464	0.176633
465	0.175372
466	0.173958
467	0.172558
468	0.171412
469	0.170274
470	0.168987
471	0.167534
472	0.1663
473	0.164946
474	0.163608
475	0.162329
476	0.161147
477	0.160142
478	0.159123
479	0.158144
480	0.157238
481	0.156207
482	0.155313
483	0.154565
484	0.153995
485	0.15402
486	0.154864
487	0.156346
488	0.158208
489	0.160091
490	0.161471
491	0.162225
492	0.162363
493	0.161793
494	0.16087
495	0.159936
496	0.15879
497	0.157291
498	0.156168
499	0.155073
500	0.153805
501	0.152479
502	0.151437
503	0.150348
504	0.149213
505	0.148183
506	0.147266
507	0.146244
508	0.145409
509	0.144633
510	0.144251
511	0.143523
512	0.142863
513	0.141985
514	0.141234
515	0.140472
516	0.139414
517	0.138432
518	0.137692
519	0.136778
520	0.135877
521	0.134997
522	0.134204
523	0.133275
524	0.132521
525	0.131892
526	0.131325
527	0.130842
528	0.130543
529	0.130884
530	0.13126
531	0.13161
532	0.131759
533	0.131675
534	0.13144
535	0.131003
536	0.130438
537	0.129685
538	0.129408
539	0.128858
540	0.128313
541	0.127565
542	0.127009
543	0.12647
544	0.125883
545	0.125096
546	0.124235
547	0.123422
548	0.122773
549	0.121977
550	0.121545
551	0.120721
552	0.120066
553	0.119502
554	0.11881
555	0.118065
556	0.117613
557	0.116973
558	0.116606
559	0.116044
560	0.115313
561	0.114616
562	0.11397
563	0.113608
564	0.112874
565	0.112248
566	0.111579
567	0.110808
568	0.11008
569	0.109366
570	0.108915
571	0.108328
572	0.107839
573	0.106953
574	0.106214
575	0.105531
576	0.104932
577	0.104472
578	0.103713
579	0.103075
580	0.102502
581	0.101963
582	0.101305
583	0.10069
584	0.0999901
585	0.0998123
586	0.0995582
587	0.0991095
588	0.0985478
589	0.097797
590	0.0970322
591	0.0960415
592	0.0951863
593	0.094142
594	0.0932557
595	0.0921832
596	0.0911643
597	0.0903515
598	0.0896233
599	0.0889402
600	0.0881584
601	0.0873879
602	0.0864706
603	0.085638
604	0.0849267
605	0.0841562
606	0.083445
607	0.0827817
608	0.0820789
609	0.0813648
610	0.0805999
611	0.0796826
612	0.0789601
613	0.0782545
614	0.0776787
615	0.0769054
616	0.0758893
617	0.0747744
618	0.0737555
619	0.0728298
620	0.072079
621	0.0716048
622	0.0712549
623	0.070823
624	0.0707807
625	0.0708597
626	0.0709698
627	0.0709811
628	0.0707468
629	0.0704109
630	0.0697082
631	0.0692453
632	0.0685538
633	0.0681191
634	0.0676986
635	0.0673147
636	0.0665103
637	0.0659007
638	0.0651782
639	0.0647971
640	0.0647604
641	0.0655366
642	0.0669422
643	0.0686836
644	0.0705605
645	0.072031
646	0.0732023
647	0.0738713
648	0.0741479
649	0.0737979
650	0.0733068
651	0.0727874
652	0.0722766
653	0.0715681
654	0.07084
655	0.0700694
656	0.0694993
657	0.0691211
658	0.0687542
659	0.0683732
660	0.0679498
661	0.0674869
662	0.0670607
663	0.0665019
664	0.0659515
665	0.0652911
666	0.0646391
667	0.0638177
668	0.0631008
669	0.0629767
670	0.0634424
671	0.0641621
672	0.065356
673	0.0660164
674	0.0666515
675	0.0672047
676	0.0677635
677	0.0683421
678	0.0686977
679	0.0688727
680	0.0686723
681	0.0681728
682	0.0675321
683	0.0668462
684	0.0662648
685	0.0657934
686	0.0655338
687	0.0654096
688	0.0652911
689	0.0652205
690	0.0648649
691	0.0645177
692	0.0640322
693	0.0635355
694	0.0630387
695	0.0625476
696	0.0621299
697	0.0615598
698	0.0610602
699	0.0613142
700	0.0617122
701	0.0625138
702	0.0633746
703	0.0643935
704	0.0651697
705	0.0654237
706	0.0658076
707	0.0660616
708	0.0657568
709	0.0653108
710	0.0648028
711	0.0643992
712	0.0637387
713	0.0631093
714	0.0623755
715	0.0618025
716	0.0609219
717	0.0602587
718	0.0594909
719	0.0589123
720	0.0583563
721	0.0577495
722	0.0571483
723	0.0563016
724	0.0558528
725	0.0553504
726	0.054817
727	0.0543682
728	0.0540521
729	0.053911
730	0.0540267
731	0.0539477
732	0.0537925
733	0.0536231
734	0.0533352
735	0.0534763
736	0.0538969
737	0.0541876
738	0.0546476
739	0.0549751
740	0.0552855
741	0.0550992
742	0.0547069
743	0.0544501
744	0.053863
745	0.0535243
746	0.0530473
747	0.0528159
748	0.0525111
749	0.0522147
750	0.0520877
751	0.0520708
752	0.0518252
753	0.0516051
754	0.051066
755	0.050747
756	0.0504507
757	0.050112
758	0.050064
759	0.049906
760	0.0498241
761	0.0494233
762	0.0489096
763	0.0484016
764	0.0479246
765	0.0475718
766	0.0477807
767	0.0482407
768	0.0490395
769	0.0501176
770	0.0511252
771	0.0518647
772	0.0526155
773	0.0531151
774	0.0531094
775	0.0527086
776	0.0522232
777	0.0516926
778	0.0511027
779	0.050462
780	0.0500809
781	0.0498664
782	0.049539
783	0.0493076
784	0.0491439
785	0.0488871
786	0.0484298
787	0.0479274
788	0.0475916
789	0.0472246
790	0.0470807
791	0.0468831
792	0.0464118
793	0.0460364
794	0.0457626
795	0.045359
796	0.045184
797	0.0448594
798	0.0444333
799	0.0439055
800	0.0435611
801	0.0432732
802	0.0431293
803	0.043039
804	0.0429543
805	0.0429176
806	0.0430559
807	0.0432253
808	0.043468
809	0.043341
810	0.0433805
811	0.0431886
812	0.0431519
813	0.0433382
814	0.0430982
815	0.042641
816	0.0423559
817	0.0419044
818	0.0416108
819	0.0417011
820	0.0416786
821	0.0417096
822	0.0420511
823	0.0441397
824	0.0501769
825	0.0620989
826	0.0777831
827	0.0857227
828	0.0864
829	0.0867359
830	0.0870577
831	0.0870464
832	0.0869448
833	0.0866908
834	0.0863069
835	0.0857706
836	0.0848872
837	0.0843114
838	0.0836595
839	0.0832587
840	0.0828071
841	0.0825389
842	0.0819152
843	0.0816809
844	0.0812463
845	0.0807749
846	0.0805407
847	0.0803177
848	0.080027
849	0.079406
850	0.078819
851	0.0783166
852	0.0778029
853	0.0772638
854	0.0767022
855	0.0762336
856	0.0758018
857	0.0754575
858	0.0752796
859	0.0749833
860	0.0747575
861	0.0745938
862	0.0744499
863	0.0742353
864	0.0739587
865	0.0738374
866	0.0736285
867	0.0733943
868	0.0731741
869	0.0728749
870	0.0726012
871	0.0723189
872	0.0719802
873	0.0715738
874	0.0709331
875	0.0704843
876	0.0701202
877	0.0699283
878	0.0696432
879	0.0693328
880	0.0690675
881	0.0688981
882	0.0688699
883	0.0686582
884	0.0683844
885	0.0681982
886	0.0682715
887	0.0682433
888	0.0681869
889	0.0680316
890	0.0679893
891	0.0678623
892	0.0676873
893	0.0673542
894	0.0672103
895	0.0673571
896	0.0684042
897	0.0701964
898	0.0731544
899	0.0763917
900	0.0791097
901	0.0813309
902	0.0828127
903	0.0836002
904	0.0836284
905	0.0834421
906	0.0827535
907	0.0821382
908	0.0814721
909	0.0806592
910	0.0798859
911	0.0792508
912	0.078692
913	0.0779384
914	0.0772723
915	0.0764227
916	0.0757764
917	0.0749946
918	0.0740547
919	0.0733435
920	0.0730132
921	0.0727028
922	0.0723584
923	0.0722427
924	0.0720338
925	0.072031
926	0.0720056
927	0.0719887
928	0.0723838
929	0.0724431
930	0.0725165
931	0.0724741
932	0.0723641
933	0.0726604
934	0.0732023
935	0.0743934
936	0.0757736
937	0.0770296
938	0.0780231
939	0.0785734
940	0.0790561
941	0.0793101
942	0.0794089
943	0.0796431
944	0.080408
945	0.0815596
946	0.0829256
947	0.0840405
948	0.0849126
949	0.0855844
950	0.0858638
951	0.0858666
952	0.0853642
953	0.0848872
954	0.0841167
955	0.0830329
956	0.0821184
957	0.0812943
958	0.0805548
959	0.0800496
960	0.0795161
961	0.0790984
962	0.0784944
963	0.0777944
964	0.077292
965	0.0766598
966	0.0759937
967	0.0754433
968	0.074845
969	0.0740124
970	0.0732927
971	0.0725927
972	0.0719153
973	0.0711278
974	0.0704363
975	0.0700186
976	0.0694203
977	0.0690816
978	0.0691409
979	0.0690675
980	0.0690138
981	0.0690223
982	0.0691239
983	0.0690929
984	0.069107
985	0.0688163
986	0.0687768
987	0.0687175
988	0.0684973
989	0.0681107
990	0.0677974
991	0.0672865
992	0.0670833
993	0.0670127
994	0.0669083
995	0.0669027
996	0.0665329
997	0.0661293
998	0.0656072
999	0.0651386
1000	0.0645375
1001	0.0640153
1002	0.0635778
1003	0.063194
1004	0.0626238
1005	0.0619211
1006	0.0612267
1007	0.0603857
1008	0.059474
1009	0.0587684
1010	0.0582858
1011	0.0579499
1012	0.0572669
1013	0.0568576
1014	0.0562508
1015	0.0557653
1016	0.0552121
1017	0.0546646
1018	0.0537981
1019	0.0526945
1020	0.0520651
1021	0.052257
1022	0.0532816
1023	0.0556242
