0	-0.000538293
1	-0.000563695
2	-0.0007782
3	-0.000829003
4	-0.000936256
5	-0.000716106
6	-0.000614498
7	-0.000676592
8	-0.0006399
9	-0.000527003
10	-0.000371769
11	-0.000368947
12	-0.00023347
13	-0.000250404
14	-1.61422e-05
15	0.000156026
16	0.000362064
17	0.000474962
18	0.000528588
19	0.000410046
20	0.000314083
21	0.000585036
22	0.000675354
23	0.000723336
24	0.000458027
25	0.000268924
26	0.000387466
27	0.000254812
28	0.000285858
29	0.000345129
30	0.000271746
31	0.000161671
32	1.49046e-05
33	0.000164494
34	6.2886e-05
35	0.0001024
36	0.000158849
37	0.000424158
38	0.000443915
39	0.000274569
40	0.000150381
41	2.33719e-05
42	-0.00010646
43	-9.23479e-05
44	0.000147559
45	7.69982e-05
46	6.00636e-05
47	-0.000126217
48	-0.000202423
49	-0.000179843
50	-0.000320965
51	-0.000414106
52	-0.000346367
53	-0.0006399
54	-0.000885452
55	-0.00102657
56	-0.000956013
57	-0.00067377
58	-0.000126217
59	0.00113541
60	0.00404252
61	0.0119228
62	0.0336386
63	0.0903187
64	0.214483
65	0.429807
66	0.729812
67	1.07414
68	1.40746
69	1.68671
70	1.89235
71	2.02281
72	2.08792
73	2.10398
74	2.0889
75	2.05784
76	2.02099
77	1.98416
78	1.95091
79	1.92235
80	1.89846
81	1.87876
82	1.8629
83	1.84943
84	1.83744
85	1.82609
86	1.81497
87	1.80386
88	1.79172
89	1.77865
90	1.76509
91	1.75235
92	1.74084
93	1.72977
94	1.71913
95	1.7084
96	1.6977
97	1.68643
98	1.67442
99	1.66143
100	1.64806
101	1.6345
102	1.62056
103	1.60609
104	1.59189
105	1.57827
106	1.56537
107	1.55308
108	1.54097
109	1.52876
110	1.5168
111	1.50506
112	1.49302
113	1.4806
114	1.4677
115	1.45534
116	1.44363
117	1.4321
118	1.42029
119	1.40741
120	1.39473
121	1.38202
122	1.36943
123	1.35759
124	1.34606
125	1.33411
126	1.32183
127	1.30938
128	1.29694
129	1.28432
130	1.27123
131	1.25791
132	1.24484
133	1.23228
134	1.21991
135	1.20781
136	1.19566
137	1.18337
138	1.17117
139	1.15958
140	1.14833
141	1.13744
142	1.12663
143	1.11509
144	1.10342
145	1.09201
146	1.081
147	1.06982
148	1.05863
149	1.04755
150	1.0369
151	1.0262
152	1.01557
153	1.00468
154	0.994029
155	0.98406
156	0.974128
157	0.964715
158	0.955364
159	0.946019
160	0.936451
161	0.92644
162	0.91629
163	0.906395
164	0.89659
165	0.886796
166	0.877374
167	0.867674
168	0.858063
169	0.848289
170	0.839356
171	0.83068
172	0.822103
173	0.813856
174	0.805679
175	0.797669
176	0.789204
177	0.781412
178	0.77608
179	0.774466
180	0.775696
181	0.777655
182	0.776357
183	0.768623
184	0.761127
185	0.753822
186	0.746433
187	0.739357
188	0.732242
189	0.725113
190	0.718231
191	0.711647
192	0.705316
193	0.699603
194	0.694348
195	0.688613
196	0.682866
197	0.676903
198	0.670431
199	0.663592
200	0.656561
201	0.649353
202	0.642449
203	0.635475
204	0.62854
205	0.621667
206	0.615145
207	0.609184
208	0.603426
209	0.597911
210	0.592774
211	0.587361
212	0.581953
213	0.576483
214	0.571146
215	0.565428
216	0.559966
217	0.554584
218	0.549046
219	0.543641
220	0.538363
221	0.532981
222	0.527726
223	0.522405
224	0.517367
225	0.512236
226	0.507116
227	0.502112
228	0.497317
229	0.4924
230	0.487147
231	0.48216
232	0.477444
233	0.472979
234	0.468816
235	0.46463
236	0.460487
237	0.456293
238	0.452115
239	0.448141
240	0.444458
241	0.441147
242	0.437851
243	0.434455
244	0.430834
245	0.427295
246	0.423761
247	0.42036
248	0.416522
249	0.412655
250	0.408571
251	0.404334
252	0.399892
253	0.395523
254	0.391557
255	0.387727
256	0.384145
257	0.380457
258	0.376711
259	0.372915
260	0.368972
261	0.365184
262	0.361656
263	0.358236
264	0.355103
265	0.351896
266	0.348831
267	0.345515
268	0.342325
269	0.339514
270	0.336898
271	0.334471
272	0.332512
273	0.330765
274	0.329308
275	0.327719
276	0.326091
277	0.323745
278	0.321637
279	0.321454
280	0.325255
281	0.333418
282	0.344366
283	0.345357
284	0.342579
285	0.339568
286	0.336768
287	0.334064
288	0.331626
289	0.329342
290	0.327177
291	0.325261
292	0.323678
293	0.322041
294	0.320356
295	0.317996
296	0.315402
297	0.31293
298	0.310407
299	0.307739
300	0.305007
301	0.302289
302	0.29934
303	0.296577
304	0.294093
305	0.291793
306	0.289588
307	0.287466
308	0.285312
309	0.283147
310	0.281163
311	0.279094
312	0.276862
313	0.275013
314	0.273557
315	0.272092
316	0.270351
317	0.268677
318	0.266611
319	0.264725
320	0.263049
321	0.261381
322	0.259738
323	0.258014
324	0.256306
325	0.254624
326	0.253128
327	0.251545
328	0.249981
329	0.248753
330	0.247819
331	0.247142
332	0.246831
333	0.246264
334	0.24538
335	0.244164
336	0.242646
337	0.241246
338	0.239628
339	0.237907
340	0.236247
341	0.234336
342	0.232304
343	0.230376
344	0.228643
345	0.227136
346	0.22529
347	0.223803
348	0.222891
349	0.223035
350	0.224444
351	0.226772
352	0.229202
353	0.230896
354	0.232112
355	0.232174
356	0.23144
357	0.230182
358	0.228595
359	0.226507
360	0.224647
361	0.222759
362	0.220921
363	0.219403
364	0.21774
365	0.216109
366	0.214565
367	0.213106
368	0.211816
369	0.210416
370	0.209121
371	0.207718
372	0.206456
373	0.205361
374	0.204229
375	0.203007
376	0.201396
377	0.199654
378	0.197961
379	0.196126
380	0.194495
381	0.192959
382	0.1915
383	0.19016
384	0.188827
385	0.187605
386	0.186239
387	0.184834
388	0.183092
389	0.181252
390	0.179587
391	0.178096
392	0.17679
393	0.17568
394	0.174312
395	0.172912
396	0.171512
397	0.170151
398	0.168703
399	0.167222
400	0.166002
401	0.164712
402	0.163459
403	0.162102
404	0.160659
405	0.159355
406	0.158689
407	0.158458
408	0.15837
409	0.158105
410	0.157634
411	0.15703
412	0.156107
413	0.15473
414	0.153293
415	0.151698
416	0.150329
417	0.149147
418	0.14771
419	0.146321
420	0.145472
421	0.144814
422	0.144013
423	0.143143
424	0.142139
425	0.141154
426	0.140406
427	0.139398
428	0.138207
429	0.137106
430	0.136
431	0.135131
432	0.134634
433	0.134148
434	0.133626
435	0.133378
436	0.132923
437	0.133192
438	0.13609
439	0.143502
440	0.155147
441	0.168664
442	0.169186
443	0.168161
444	0.166694
445	0.165348
446	0.164185
447	0.163092
448	0.162088
449	0.161024
450	0.159943
451	0.159031
452	0.158421
453	0.157699
454	0.1569
455	0.155952
456	0.155023
457	0.154236
458	0.153414
459	0.152367
460	0.151546
461	0.15066
462	0.149799
463	0.149181
464	0.148602
465	0.147916
466	0.147084
467	0.14633
468	0.145545
469	0.14467
470	0.143728
471	0.142971
472	0.142212
473	0.14141
474	0.140595
475	0.139813
476	0.139079
477	0.138125
478	0.137129
479	0.136322
480	0.135441
481	0.134589
482	0.133973
483	0.133883
484	0.134447
485	0.135766
486	0.137374
487	0.138828
488	0.139573
489	0.139723
490	0.139232
491	0.13852
492	0.13762
493	0.136595
494	0.135469
495	0.134295
496	0.133084
497	0.131961
498	0.130917
499	0.130022
500	0.129525
501	0.128949
502	0.128261
503	0.127417
504	0.12677
505	0.126186
506	0.125768
507	0.125334
508	0.124716
509	0.124479
510	0.124208
511	0.123948
512	0.123463
513	0.122957
514	0.122466
515	0.12206
516	0.121397
517	0.120685
518	0.119926
519	0.119215
520	0.118574
521	0.117852
522	0.117115
523	0.116404
524	0.115698
525	0.115382
526	0.115009
527	0.114575
528	0.11434
529	0.11418
530	0.114149
531	0.114307
532	0.114484
533	0.114817
534	0.11517
535	0.115275
536	0.115196
537	0.114651
538	0.114134
539	0.113711
540	0.113211
541	0.11274
542	0.112269
543	0.111648
544	0.110767
545	0.109969
546	0.109432
547	0.109136
548	0.108701
549	0.108044
550	0.107736
551	0.107028
552	0.106065
553	0.105125
554	0.104247
555	0.103409
556	0.102393
557	0.10171
558	0.100846
559	0.10029
560	0.0997598
561	0.0990062
562	0.0983711
563	0.097657
564	0.0968583
565	0.0960087
566	0.0954725
567	0.0949475
568	0.0945185
569	0.0941629
570	0.0934206
571	0.0927658
572	0.091919
573	0.0913291
574	0.0909566
575	0.0905501
576	0.0899744
577	0.0894466
578	0.0886168
579	0.0878321
580	0.0868923
581	0.0861782
582	0.0854303
583	0.0845694
584	0.0837763
585	0.0830707
586	0.0823566
587	0.0816821
588	0.0809539
589	0.0804797
590	0.079743
591	0.0788766
592	0.0781455
593	0.0774174
594	0.0764464
595	0.0756675
596	0.0749477
597	0.074355
598	0.0738216
599	0.0732543
600	0.0727462
601	0.0720576
602	0.0714902
603	0.0707084
604	0.070048
605	0.0694581
606	0.0688287
607	0.0682444
608	0.0676376
609	0.0669998
610	0.0664466
611	0.0659188
612	0.0654446
613	0.0651172
614	0.064516
615	0.0639543
616	0.0634181
617	0.0630145
618	0.062402
619	0.0619843
620	0.0614819
621	0.0611601
622	0.0611376
623	0.061242
624	0.0614565
625	0.0614424
626	0.06129
627	0.0609964
628	0.0606577
629	0.0601412
630	0.0600086
631	0.0596699
632	0.0592183
633	0.0586707
634	0.0580611
635	0.0574289
636	0.0569237
637	0.0562011
638	0.0554927
639	0.0549451
640	0.0545528
641	0.0544258
642	0.0548718
643	0.0560289
644	0.0572962
645	0.0584196
646	0.0594074
647	0.0601723
648	0.0605082
649	0.0606436
650	0.0603529
651	0.0598505
652	0.0589953
653	0.0583095
654	0.0577055
655	0.0573583
656	0.0568503
657	0.0563676
658	0.0560713
659	0.0558906
660	0.055535
661	0.0552161
662	0.0550524
663	0.0547617
664	0.0542649
665	0.053898
666	0.0534436
667	0.0527013
668	0.0520917
669	0.0521763
670	0.0529779
671	0.0537682
672	0.0547927
673	0.0553572
674	0.0559753
675	0.0563479
676	0.0565511
677	0.0566414
678	0.056712
679	0.056712
680	0.0565991
681	0.0564636
682	0.0562124
683	0.0560769
684	0.0558568
685	0.0555012
686	0.0550863
687	0.0546685
688	0.0542113
689	0.0535819
690	0.0531416
691	0.0525997
692	0.0521425
693	0.0517417
694	0.0514256
695	0.0509514
696	0.050545
697	0.0502119
698	0.0499325
699	0.0498168
700	0.0497462
701	0.0499212
702	0.0502514
703	0.0507002
704	0.0512731
705	0.0518263
706	0.0522441
707	0.0524303
708	0.0523287
709	0.0522582
710	0.0517953
711	0.0513352
712	0.0510558
713	0.0505845
714	0.0503615
715	0.0502655
716	0.0499776
717	0.0493652
718	0.0489926
719	0.0485184
720	0.0483745
721	0.0480894
722	0.0477592
723	0.0475899
724	0.0472822
725	0.047031
726	0.0465653
727	0.0462012
728	0.0459444
729	0.0456311
730	0.0455718
731	0.0452981
732	0.0449283
733	0.0446263
734	0.0442142
735	0.0439969
736	0.0440138
737	0.044361
738	0.0445078
739	0.0447872
740	0.0451569
741	0.0453206
742	0.0455746
743	0.0458258
744	0.0455972
745	0.0452981
746	0.0448606
747	0.0446235
748	0.0443441
749	0.0440477
750	0.0436723
751	0.0432405
752	0.043074
753	0.0428087
754	0.0424107
755	0.0420381
756	0.0419591
757	0.0415216
758	0.0411575
759	0.0409063
760	0.0403785
761	0.0399016
762	0.0395713
763	0.0390407
764	0.0387387
765	0.0386569
766	0.0386117
767	0.038448
768	0.038671
769	0.0387444
770	0.038925
771	0.0395826
772	0.0402544
773	0.0410644
774	0.0416994
775	0.0422018
776	0.0422555
777	0.0422414
778	0.0421849
779	0.0419986
780	0.0417785
781	0.0415188
782	0.0411717
783	0.0409684
784	0.0408019
785	0.0406043
786	0.0404096
787	0.0401584
788	0.039879
789	0.0393032
790	0.0387274
791	0.0383153
792	0.0378017
793	0.03724
794	0.0369973
795	0.0366981
796	0.0366332
797	0.036636
798	0.0365316
799	0.0362832
800	0.0361336
801	0.0360405
802	0.0356594
803	0.0354619
804	0.0354421
805	0.0354195
806	0.0351853
807	0.0349087
808	0.0347647
809	0.0346857
810	0.0347788
811	0.0349905
812	0.0351909
813	0.0351429
814	0.0350893
815	0.0351204
816	0.0348184
817	0.0345926
818	0.0344176
819	0.0341861
820	0.0341551
821	0.0340365
822	0.0339434
823	0.0354901
824	0.0406608
825	0.0507199
826	0.0643184
827	0.0766553
828	0.0770617
829	0.0771097
830	0.0772508
831	0.0771436
832	0.0768811
833	0.0765904
834	0.0763194
835	0.0760936
836	0.0754417
837	0.0748998
838	0.0747106
839	0.0745695
840	0.0741744
841	0.073974
842	0.0738667
843	0.0734631
844	0.0731611
845	0.0728168
846	0.0725063
847	0.0722918
848	0.0720491
849	0.0717076
850	0.0713378
851	0.0712475
852	0.0711487
853	0.0708383
854	0.0703895
855	0.0700536
856	0.0697629
857	0.0695145
858	0.0691279
859	0.0686537
860	0.0684307
861	0.0682416
862	0.0680836
863	0.0678916
864	0.0676715
865	0.0675276
866	0.0675106
867	0.0673159
868	0.0671183
869	0.0669405
870	0.0668699
871	0.066678
872	0.0667062
873	0.066582
874	0.0663393
875	0.0660345
876	0.0657861
877	0.0655039
878	0.0652442
879	0.0650495
880	0.0648688
881	0.0646712
882	0.0644003
883	0.0637088
884	0.0630766
885	0.0626701
886	0.0624274
887	0.0621057
888	0.0617726
889	0.0615271
890	0.0611658
891	0.060861
892	0.0608243
893	0.0606408
894	0.0606013
895	0.0611573
896	0.062227
897	0.0639007
898	0.065899
899	0.0676263
900	0.0683545
901	0.0689557
902	0.0689557
903	0.0683799
904	0.067838
905	0.0671437
906	0.0663449
907	0.0654531
908	0.0648208
909	0.06442
910	0.0638725
911	0.0634886
912	0.0631838
913	0.0629016
914	0.062498
915	0.062275
916	0.0619928
917	0.0614057
918	0.0609513
919	0.0607029
920	0.0605223
921	0.0605166
922	0.0603332
923	0.0601356
924	0.0598844
925	0.0596445
926	0.0597433
927	0.0599239
928	0.0597574
929	0.0597517
930	0.0597489
931	0.0598167
932	0.0595683
933	0.0596388
934	0.0601187
935	0.060765
936	0.0615666
937	0.0619137
938	0.0621706
939	0.0623456
940	0.0619561
941	0.0617557
942	0.0612505
943	0.0612928
944	0.0618827
945	0.0628536
946	0.0636919
947	0.064183
948	0.0646063
949	0.0646035
950	0.0644934
951	0.0641519
952	0.0639035
953	0.0633757
954	0.06291
955	0.0622609
956	0.0613634
957	0.0603811
958	0.0595429
959	0.0588345
960	0.0581176
961	0.0573894
962	0.0571099
963	0.0566132
964	0.0562463
965	0.0559753
966	0.0555689
967	0.0553995
968	0.0549338
969	0.0544681
970	0.0541069
971	0.0534154
972	0.0528001
973	0.052213
974	0.0516626
975	0.0513465
976	0.050957
977	0.0506663
978	0.0506663
979	0.0504659
980	0.0503502
981	0.0500256
982	0.0495035
983	0.0490575
984	0.0483914
985	0.0482757
986	0.0480302
987	0.047985
988	0.0481995
989	0.0483152
990	0.0482644
991	0.0483124
992	0.0482221
993	0.0483519
994	0.048541
995	0.048541
996	0.0484818
997	0.0483801
998	0.047985
999	0.0475786
1000	0.0473556
1001	0.0470367
1002	0.0465343
1003	0.0459444
1004	0.0454166
1005	0.0451739
1006	0.0448465
1007	0.0444824
1008	0.0439828
1009	0.043582
1010	0.0432969
1011	0.0429921
1012	0.0425405
1013	0.042151
1014	0.0417333
1015	0.0414257
1016	0.0411858
1017	0.0408301
1018	0.0405535
1019	0.0399778
1020	0.0395262
1021	0.0394471
1022	0.0403249
1023	0.0418123
