0	0.000182251
1	1.94907e-05
2	-0.000875692
3	1.94907e-05
4	0.000182251
5	-0.00022465
6	-0.000875692
7	-0.000794311
8	-6.18895e-05
9	-0.000712931
10	-0.000468791
11	0.000263631
12	-0.000631551
13	-0.00136397
14	-0.00022465
15	-0.000794311
16	-6.18895e-05
17	-0.00120121
18	-0.00111983
19	-0.000631551
20	-0.000957072
21	-0.000631551
22	-0.00128259
23	-0.00144535
24	-0.00022465
25	-0.000468791
26	0.000589152
27	0.000914673
28	0.00132157
29	0.00115881
30	1.94907e-05
31	0.000263631
32	0.000507772
33	0.000833293
34	0.000996053
35	0.000263631
36	1.94907e-05
37	0.000426392
38	0.000670532
39	0.000507772
40	0.000100871
41	0.000751913
42	0.000833293
43	0.000507772
44	0.000426392
45	0.00115881
46	0.00115881
47	0.000670532
48	0.000263631
49	1.94907e-05
50	0.000996053
51	0.000996053
52	0.000914673
53	0.000996053
54	0.000996053
55	0.00124019
56	0.000345012
57	0.000589152
58	0.000751913
59	0.00107743
60	-6.18895e-05
61	1.94907e-05
62	0.000996053
63	0.00107743
64	0.000670532
65	0.00115881
66	0.0145865
67	0.0785514
68	0.24473
69	0.525736
70	0.86029
71	1.16978
72	1.42092
73	1.61721
74	1.77118
75	1.88454
76	1.95656
77	1.98789
78	1.98464
79	1.9516
80	1.89764
81	1.82757
82	1.74701
83	1.6627
84	1.57652
85	1.49123
86	1.40896
87	1.33441
88	1.27085
89	1.22268
90	1.19118
91	1.16823
92	1.14561
93	1.12119
94	1.09466
95	1.06708
96	1.03745
97	1.00596
98	0.972513
99	0.937519
100	0.902363
101	0.867695
102	0.834736
103	0.803161
104	0.773864
105	0.747578
106	0.722187
107	0.697285
108	0.676615
109	0.659362
110	0.643086
111	0.628926
112	0.616312
113	0.605
114	0.593037
115	0.581481
116	0.569844
117	0.558695
118	0.546732
119	0.53306
120	0.519632
121	0.505716
122	0.491881
123	0.477965
124	0.4647
125	0.453551
126	0.441914
127	0.430928
128	0.419534
129	0.409281
130	0.39805
131	0.389749
132	0.380553
133	0.371439
134	0.363138
135	0.354756
136	0.347594
137	0.341328
138	0.334574
139	0.32904
140	0.322285
141	0.315368
142	0.307962
143	0.30137
144	0.293965
145	0.287454
146	0.280456
147	0.274027
148	0.26776
149	0.261169
150	0.25474
151	0.247659
152	0.241393
153	0.235046
154	0.229023
155	0.223164
156	0.217061
157	0.21112
158	0.207051
159	0.2029
160	0.199157
161	0.195413
162	0.193216
163	0.189798
164	0.185322
165	0.181579
166	0.176859
167	0.173359
168	0.169046
169	0.166686
170	0.163756
171	0.160664
172	0.157327
173	0.154154
174	0.151956
175	0.149596
176	0.148131
177	0.145853
178	0.144714
179	0.142353
180	0.140563
181	0.138122
182	0.136087
183	0.133158
184	0.131286
185	0.127949
186	0.125915
187	0.125019
188	0.122415
189	0.119323
190	0.117288
191	0.115661
192	0.11387
193	0.110697
194	0.109476
195	0.107279
196	0.106546
197	0.104674
198	0.104593
199	0.104268
200	0.102559
201	0.100768
202	0.0987337
203	0.0976757
204	0.0961295
205	0.0941764
206	0.0918977
207	0.0899446
208	0.0888867
209	0.0869336
210	0.0851432
211	0.0827018
212	0.0811556
213	0.0796093
214	0.0787142
215	0.0770865
216	0.0766796
217	0.0752148
218	0.0732617
219	0.072041
220	0.0715527
221	0.0706575
222	0.068623
223	0.0665071
224	0.0656119
225	0.0647168
226	0.0636588
227	0.0619498
228	0.0618684
229	0.0610546
230	0.0597526
231	0.0569043
232	0.0556836
233	0.0544629
234	0.0526725
235	0.0508821
236	0.048929
237	0.0477897
238	0.0455924
239	0.0452669
240	0.04486
241	0.0441276
242	0.0440462
243	0.0441276
244	0.0426627
245	0.0426627
246	0.0421744
247	0.0409537
248	0.0406282
249	0.0395703
250	0.0381868
251	0.0358268
252	0.0341178
253	0.0328157
254	0.031595
255	0.029886
256	0.0285839
257	0.0283398
258	0.0273632
259	0.0264681
260	0.0250846
261	0.0239453
262	0.024108
263	0.0237825
264	0.0230501
265	0.0220735
266	0.0215039
267	0.0203645
268	0.0192252
269	0.0185742
270	0.0185742
271	0.0179231
272	0.0175976
273	0.0177604
274	0.0181673
275	0.0171907
276	0.0162142
277	0.0156445
278	0.0154004
279	0.0149121
280	0.0145865
281	0.0137727
282	0.0127962
283	0.0127148
284	0.011901
285	0.0100293
286	0.00970374
287	0.00954098
288	0.00929683
289	0.00750647
290	0.00652991
291	0.00669267
292	0.00750647
293	0.00579749
294	0.00563473
295	0.00506506
296	0.00498368
297	0.00457678
298	0.00457678
299	0.00384436
300	0.0036816
301	0.00433264
302	0.00498368
303	0.0040885
304	0.00335608
305	0.00360022
306	0.0024609
307	0.00124019
308	0.000751913
309	0.00311194
310	0.00303056
311	0.00197262
312	0.00124019
313	0.00254228
314	0.00303056
315	0.00229814
316	0.00156571
317	0.002054
318	0.002054
319	0.00107743
320	0.00156571
321	0.000589152
322	0.00107743
323	0.0028678
324	0.00140295
325	0.000100871
326	0.000345012
327	1.94907e-05
328	-0.00111983
329	-0.00234054
330	-0.00168949
331	-0.00193363
332	-0.00266606
333	-0.00347986
334	-0.00396814
335	-0.00421228
336	-0.00364262
337	-0.0041309
338	-0.00470056
339	-0.00356124
340	-0.00323572
341	-0.00364262
342	-0.00185225
343	-0.000794311
344	0.000263631
345	-0.00014327
346	0.00107743
347	0.00221676
348	0.0028678
349	0.00294918
350	0.00270504
351	0.00319332
352	0.00270504
353	0.00197262
354	0.00132157
355	0.00148433
356	0.00124019
357	0.00156571
358	0.000589152
359	-0.000631551
360	-0.000875692
361	-0.00144535
362	-0.00144535
363	-0.00201501
364	-0.00185225
365	-0.00266606
366	-0.00429366
367	-0.00486332
368	-0.00461918
369	-0.00470056
370	-0.00502608
371	-0.00527022
372	-0.00527022
373	-0.00527022
374	-0.00583988
375	-0.00640955
376	-0.00608402
377	-0.00649093
378	-0.00697921
379	-0.00803715
380	-0.00901371
381	-0.00885095
382	-0.00982751
383	-0.00950199
384	-0.0100717
385	-0.00917647
386	-0.0104786
387	-0.0106413
388	-0.0114551
389	-0.0117806
390	-0.0116993
391	-0.0114551
392	-0.0107227
393	-0.0108855
394	-0.0108855
395	-0.0104786
396	-0.0108041
397	-0.0108855
398	-0.0112924
399	-0.0117806
400	-0.0120248
401	-0.0121875
402	-0.0131641
403	-0.0125131
404	-0.0127572
405	-0.0120248
406	-0.0112924
407	-0.0108855
408	-0.011862
409	-0.0107227
410	-0.00917647
411	-0.00999027
412	-0.0108855
413	-0.0104786
414	-0.0102344
415	-0.0113737
416	-0.0115365
417	-0.0102344
418	-0.00990889
419	-0.010153
420	-0.0104786
421	-0.0103972
422	-0.0103158
423	-0.0102344
424	-0.011211
425	-0.0116993
426	-0.0121875
427	-0.0134082
428	-0.0134082
429	-0.0136524
430	-0.0138151
431	-0.0134896
432	-0.0125131
433	-0.0130013
434	-0.0132455
435	-0.0122689
436	-0.0125131
437	-0.0126758
438	-0.013571
439	-0.01292
440	-0.0130827
441	-0.0132455
442	-0.014222
443	-0.014222
444	-0.0139779
445	-0.0147103
446	-0.0141407
447	-0.014222
448	-0.0144662
449	-0.0157683
450	-0.0156055
451	-0.0157683
452	-0.0167448
453	-0.0157683
454	-0.0151986
455	-0.0154427
456	-0.0156869
457	-0.0169076
458	-0.0168262
459	-0.0168262
460	-0.0173959
461	-0.0171517
462	-0.0174773
463	-0.0177214
464	-0.0182097
465	-0.0185352
466	-0.0190235
467	-0.0189421
468	-0.0185352
469	-0.0182911
470	-0.0187793
471	-0.0185352
472	-0.0182911
473	-0.018698
474	-0.0194304
475	-0.019349
476	-0.0189421
477	-0.0199187
478	-0.0198373
479	-0.0199187
480	-0.0194304
481	-0.0199187
482	-0.0201628
483	-0.0191049
484	-0.0191862
485	-0.019349
486	-0.0195931
487	-0.019349
488	-0.0187793
489	-0.0195118
490	-0.0200814
491	-0.0195118
492	-0.0191862
493	-0.0196745
494	-0.0204883
495	-0.0208138
496	-0.0198373
497	-0.0199187
498	-0.0206511
499	-0.0213835
500	-0.0213835
501	-0.021058
502	-0.0214649
503	-0.0209766
504	-0.0207325
505	-0.0211394
506	-0.0217904
507	-0.0216276
508	-0.0204883
509	-0.0208952
510	-0.0211394
511	-0.0209766
512	-0.0203256
513	-0.0195118
514	-0.0201628
515	-0.0208138
516	-0.0209766
517	-0.02
518	-0.0197559
519	-0.0215463
520	-0.0203256
521	-0.0195931
522	-0.0196745
523	-0.0195931
524	-0.0198373
525	-0.0189421
526	-0.0199187
527	-0.0200814
528	-0.0204069
529	-0.0195931
530	-0.019349
531	-0.0195118
532	-0.0194304
533	-0.0188607
534	-0.0188607
535	-0.0194304
536	-0.02
537	-0.019349
538	-0.0192676
539	-0.0184538
540	-0.0184538
541	-0.0180469
542	-0.0162566
543	-0.0151172
544	-0.0146289
545	-0.014222
546	-0.0138151
547	-0.0126758
548	-0.0125944
549	-0.0127572
550	-0.0127572
551	-0.0125131
552	-0.0128386
553	-0.0134082
554	-0.0137338
555	-0.0133269
556	-0.0140593
557	-0.0151172
558	-0.01528
559	-0.01528
560	-0.0156055
561	-0.0160938
562	-0.0153614
563	-0.0153614
564	-0.0146289
565	-0.0144662
566	-0.01528
567	-0.0158496
568	-0.0156055
569	-0.0151986
570	-0.0160938
571	-0.0161752
572	-0.0169076
573	-0.0171517
574	-0.0174773
575	-0.01764
576	-0.0180469
577	-0.0178842
578	-0.0185352
579	-0.0191862
580	-0.0187793
581	-0.0189421
582	-0.0185352
583	-0.0183724
584	-0.0181283
585	-0.0189421
586	-0.0182911
587	-0.0187793
588	-0.018698
589	-0.0186166
590	-0.0190235
591	-0.0180469
592	-0.0181283
593	-0.0190235
594	-0.0188607
595	-0.019349
596	-0.0195931
597	-0.0195931
598	-0.0196745
599	-0.0187793
600	-0.0201628
601	-0.0218718
602	-0.0213835
603	-0.0197559
604	-0.0204069
605	-0.0218718
606	-0.0217904
607	-0.0198373
608	-0.0196745
609	-0.0208138
610	-0.0196745
611	-0.0191862
612	-0.0172331
613	-0.0184538
614	-0.0190235
615	-0.0172331
616	-0.0174773
617	-0.0182097
618	-0.0182097
619	-0.0175586
620	-0.0172331
621	-0.0183724
622	-0.0174773
623	-0.0175586
624	-0.0161752
625	-0.0151172
626	-0.0167448
627	-0.0174773
628	-0.018698
629	-0.0173959
630	-0.0179655
631	-0.0190235
632	-0.0187793
633	-0.0173145
634	-0.0183724
635	-0.0188607
636	-0.0183724
637	-0.0181283
638	-0.0180469
639	-0.0185352
640	-0.0181283
641	-0.0183724
642	-0.0186166
643	-0.0182097
644	-0.0181283
645	-0.0180469
646	-0.0178028
647	-0.0178842
648	-0.0186166
649	-0.0191049
650	-0.0192676
651	-0.0198373
652	-0.0195931
653	-0.0191862
654	-0.0187793
655	-0.0201628
656	-0.0207325
657	-0.0203256
658	-0.0197559
659	-0.0201628
660	-0.0214649
661	-0.0209766
662	-0.0202442
663	-0.0208138
664	-0.0214649
665	-0.0218718
666	-0.0214649
667	-0.0212207
668	-0.0219532
669	-0.0223601
670	-0.0217904
671	-0.0217904
672	-0.0222787
673	-0.0218718
674	-0.021709
675	-0.0223601
676	-0.0226042
677	-0.0233366
678	-0.0237435
679	-0.0229297
680	-0.0228483
681	-0.0234994
682	-0.0230925
683	-0.0228483
684	-0.0228483
685	-0.0230111
686	-0.0226856
687	-0.0221973
688	-0.0221159
689	-0.0217904
690	-0.021709
691	-0.0217904
692	-0.0208138
693	-0.0214649
694	-0.0208952
695	-0.0204883
696	-0.02
697	-0.0203256
698	-0.0208138
699	-0.0212207
700	-0.0199187
701	-0.0208138
702	-0.0213835
703	-0.0216276
704	-0.0215463
705	-0.021709
706	-0.0216276
707	-0.0216276
708	-0.0221159
709	-0.0214649
710	-0.0230925
711	-0.0233366
712	-0.0232552
713	-0.0221973
714	-0.0216276
715	-0.021709
716	-0.0208138
717	-0.0196745
718	-0.0199187
719	-0.0189421
720	-0.0177214
721	-0.0173145
722	-0.0171517
723	-0.0174773
724	-0.0168262
725	-0.0170704
726	-0.0166635
727	-0.0177214
728	-0.0177214
729	-0.0180469
730	-0.0191049
731	-0.0189421
732	-0.019349
733	-0.0187793
734	-0.0180469
735	-0.0189421
736	-0.0194304
737	-0.019349
738	-0.0197559
739	-0.019349
740	-0.019349
741	-0.0198373
742	-0.0199187
743	-0.0199187
744	-0.0195931
745	-0.0195118
746	-0.0190235
747	-0.0181283
748	-0.0173959
749	-0.0169076
750	-0.0165007
751	-0.0161752
752	-0.0149545
753	-0.0151172
754	-0.0147103
755	-0.014222
756	-0.0140593
757	-0.0147917
758	-0.0153614
759	-0.0156055
760	-0.0156055
761	-0.0173959
762	-0.0180469
763	-0.0182911
764	-0.0183724
765	-0.0190235
766	-0.0191862
767	-0.0191862
768	-0.0194304
769	-0.0196745
770	-0.0191862
771	-0.0192676
772	-0.0191049
773	-0.0199187
774	-0.0201628
775	-0.02
776	-0.0202442
777	-0.0188607
778	-0.0188607
779	-0.019349
780	-0.0192676
781	-0.0191049
782	-0.0191862
783	-0.0195118
784	-0.0198373
785	-0.0198373
786	-0.0207325
787	-0.0196745
788	-0.0195118
789	-0.02
790	-0.0199187
791	-0.0203256
792	-0.0204069
793	-0.0208952
794	-0.0206511
795	-0.0205697
796	-0.0205697
797	-0.0204883
798	-0.0206511
799	-0.021058
800	-0.0208138
801	-0.0206511
802	-0.0204069
803	-0.0208952
804	-0.021709
805	-0.021709
806	-0.0202442
807	-0.0195931
808	-0.0199187
809	-0.0195118
810	-0.0202442
811	-0.0191862
812	-0.019349
813	-0.0205697
814	-0.0197559
815	-0.019349
816	-0.0195931
817	-0.0195931
818	-0.019349
819	-0.0189421
820	-0.0197559
821	-0.0202442
822	-0.0191049
823	-0.0191049
824	-0.0198373
825	-0.0195118
826	-0.0198373
827	-0.0195931
828	-0.0204069
829	-0.0200814
830	-0.0204069
831	-0.0198373
832	-0.0202442
833	-0.0201628
834	-0.0204069
835	-0.0198373
836	-0.0198373
837	-0.0197559
838	-0.0208138
839	-0.0215463
840	-0.0213835
841	-0.021709
842	-0.0221973
843	-0.0222787
844	-0.0216276
845	-0.0217904
846	-0.0215463
847	-0.0204069
848	-0.0202442
849	-0.0208138
850	-0.0215463
851	-0.0223601
852	-0.0218718
853	-0.0208138
854	-0.0214649
855	-0.0206511
856	-0.0209766
857	-0.0214649
858	-0.021058
859	-0.0217904
860	-0.0219532
861	-0.0209766
862	-0.0207325
863	-0.0214649
864	-0.0217904
865	-0.0219532
866	-0.0212207
867	-0.0214649
868	-0.021709
869	-0.021058
870	-0.0203256
871	-0.0205697
872	-0.0204069
873	-0.0213021
874	-0.0209766
875	-0.0213835
876	-0.0219532
877	-0.0223601
878	-0.0220345
879	-0.0217904
880	-0.0224414
881	-0.0226042
882	-0.0221973
883	-0.0216276
884	-0.0214649
885	-0.0212207
886	-0.0213835
887	-0.021058
888	-0.0212207
889	-0.0220345
890	-0.0218718
891	-0.0209766
892	-0.0221159
893	-0.0221973
894	-0.021709
895	-0.0203256
896	-0.0207325
897	-0.0207325
898	-0.0208952
899	-0.0204069
900	-0.0209766
901	-0.0208138
902	-0.0197559
903	-0.0188607
904	-0.0199187
905	-0.0197559
906	-0.0209766
907	-0.0213021
908	-0.0214649
909	-0.0209766
910	-0.0214649
911	-0.021709
912	-0.021709
913	-0.0208952
914	-0.0209766
915	-0.0208952
916	-0.021709
917	-0.0221159
918	-0.0223601
919	-0.022767
920	-0.0216276
921	-0.0212207
922	-0.0224414
923	-0.0219532
924	-0.0224414
925	-0.0223601
926	-0.0228483
927	-0.0228483
928	-0.0230925
929	-0.0229297
930	-0.0229297
931	-0.0226042
932	-0.0229297
933	-0.0231739
934	-0.0237435
935	-0.0236621
936	-0.0239063
937	-0.0236621
938	-0.0237435
939	-0.0235808
940	-0.0240691
941	-0.0239877
942	-0.0237435
943	-0.0233366
944	-0.0228483
945	-0.0233366
946	-0.0235808
947	-0.0233366
948	-0.023418
949	-0.0237435
950	-0.0230925
951	-0.0229297
952	-0.0239063
953	-0.0235808
954	-0.0232552
955	-0.0219532
956	-0.0224414
957	-0.0215463
958	-0.0207325
959	-0.0199187
960	-0.0197559
961	-0.0204069
962	-0.019349
963	-0.019349
964	-0.0201628
965	-0.0203256
966	-0.0208138
967	-0.0196745
968	-0.0202442
969	-0.0207325
970	-0.0200814
971	-0.0188607
972	-0.0180469
973	-0.0187793
974	-0.0203256
975	-0.0204883
976	-0.0204883
977	-0.0200814
978	-0.0199187
979	-0.0198373
980	-0.0190235
981	-0.0180469
982	-0.0196745
983	-0.0200814
984	-0.0197559
985	-0.0198373
986	-0.0204069
987	-0.0196745
988	-0.0196745
989	-0.0195118
990	-0.0199187
991	-0.0195931
992	-0.0197559
993	-0.0197559
994	-0.0207325
995	-0.0206511
996	-0.0211394
997	-0.021058
998	-0.0208952
999	-0.0213835
1000	-0.0213021
1001	-0.0205697
1002	-0.0211394
1003	-0.0207325
1004	-0.0212207
1005	-0.0209766
1006	-0.0212207
1007	-0.0211394
1008	-0.021058
1009	-0.0213021
1010	-0.0211394
1011	-0.021058
1012	-0.0213835
1013	-0.0224414
1014	-0.0216276
1015	-0.0214649
1016	-0.0221973
1017	-0.0211394
1018	-0.0205697
1019	-0.021058
1020	-0.0219532
1021	-0.0223601
1022	-0.021709
1023	-0.0216276
