0	0.000752969
1	0.000620315
2	0.000332426
3	-2.03779e-05
4	-0.000330846
5	-0.000539706
6	-0.000745744
7	-0.00102234
8	-0.000785258
9	-0.000438098
10	-7.11817e-05
11	0.000194127
12	0.000329604
13	0.000422744
14	0.000402987
15	-6.83593e-05
16	-0.000460678
17	-0.000649781
18	-0.000895333
19	-0.000771146
20	-0.000528416
21	-0.000189724
22	0.000357828
23	0.000623137
24	0.00070781
25	0.000786839
26	0.000620315
27	9.25195e-05
28	-0.000443743
29	-0.000621557
30	-0.00079937
31	-0.000723164
32	-0.000429631
33	2.20158e-06
34	0.000561044
35	0.00121303
36	0.0013485
37	0.00127794
38	0.000863044
39	0.000397342
40	-0.000308266
41	-0.000584865
42	-0.000553818
43	-0.000412696
44	-0.000350603
45	-0.000277219
46	-0.000102229
47	0.000208239
48	0.00040581
49	0.00060338
50	0.000631605
51	0.000479193
52	0.000295735
53	-9.37612e-05
54	-0.000596155
55	-0.000421164
56	-0.000167145
57	0.00115376
58	0.00609302
59	0.0207245
60	0.0557594
61	0.124017
62	0.227584
63	0.354952
64	0.489754
65	0.620404
66	0.741507
67	0.850512
68	0.946317
69	1.02845
70	1.097
71	1.15232
72	1.19554
73	1.22688
74	1.2482
75	1.26185
76	1.27114
77	1.27912
78	1.28674
79	1.29427
80	1.30129
81	1.30786
82	1.31247
83	1.31371
84	1.31224
85	1.3102
86	1.30888
87	1.30838
88	1.30954
89	1.31171
90	1.31348
91	1.31285
92	1.30855
93	1.30094
94	1.29087
95	1.27988
96	1.26987
97	1.26256
98	1.25846
99	1.25687
100	1.25592
101	1.25379
102	1.24899
103	1.24088
104	1.22892
105	1.21483
106	1.20137
107	1.19034
108	1.18227
109	1.17719
110	1.17363
111	1.16987
112	1.16429
113	1.15574
114	1.14505
115	1.13302
116	1.12062
117	1.10941
118	1.09989
119	1.09147
120	1.08335
121	1.07421
122	1.06378
123	1.05186
124	1.03907
125	1.02722
126	1.01811
127	1.0126
128	1.00901
129	1.00592
130	1.00041
131	0.99086
132	0.976827
133	0.959235
134	0.940336
135	0.922761
136	0.909309
137	0.901381
138	0.898572
139	0.899326
140	0.900729
141	0.899044
142	0.892487
143	0.879871
144	0.862157
145	0.84198
146	0.822784
147	0.807896
148	0.799575
149	0.797888
150	0.800679
151	0.804492
152	0.806217
153	0.802708
154	0.792979
155	0.778122
156	0.759892
157	0.741049
158	0.724236
159	0.711916
160	0.704925
161	0.702786
162	0.702893
163	0.703192
164	0.701581
165	0.696859
166	0.688888
167	0.678332
168	0.665967
169	0.653097
170	0.641051
171	0.630709
172	0.622465
173	0.616123
174	0.611598
175	0.608618
176	0.606639
177	0.604847
178	0.602047
179	0.597825
180	0.591618
181	0.583202
182	0.57235
183	0.560066
184	0.547859
185	0.537645
186	0.531001
187	0.528461
188	0.530171
189	0.533795
190	0.53664
191	0.536403
192	0.531436
193	0.521933
194	0.508427
195	0.49289
196	0.478272
197	0.46718
198	0.461555
199	0.461733
200	0.466257
201	0.472376
202	0.476731
203	0.476325
204	0.469799
205	0.458041
206	0.443367
207	0.427917
208	0.414705
209	0.405651
210	0.4024
211	0.404062
212	0.408815
213	0.413528
214	0.415896
215	0.413963
216	0.40746
217	0.397122
218	0.385155
219	0.373611
220	0.364156
221	0.357703
222	0.355101
223	0.355367
224	0.357052
225	0.358852
226	0.359453
227	0.358003
228	0.353789
229	0.347715
230	0.340187
231	0.332313
232	0.324757
233	0.317777
234	0.312138
235	0.308178
236	0.30653
237	0.306383
238	0.307634
239	0.309206
240	0.309705
241	0.307975
242	0.303911
243	0.297258
244	0.288551
245	0.279497
246	0.271196
247	0.265607
248	0.263708
249	0.26528
250	0.269344
251	0.273857
252	0.276519
253	0.27585
254	0.270727
255	0.261402
256	0.25007
257	0.239074
258	0.230412
259	0.225653
260	0.22571
261	0.230104
262	0.2362
263	0.241589
264	0.243686
265	0.241072
266	0.23414
267	0.224304
268	0.213534
269	0.204454
270	0.198518
271	0.196709
272	0.198496
273	0.20269
274	0.208024
275	0.212605
276	0.215049
277	0.214352
278	0.210553
279	0.204372
280	0.197496
281	0.191688
282	0.187861
283	0.186952
284	0.187934
285	0.190615
286	0.193728
287	0.196399
288	0.197446
289	0.196703
290	0.19392
291	0.189548
292	0.184259
293	0.178589
294	0.173678
295	0.170226
296	0.168631
297	0.168798
298	0.170376
299	0.17295
300	0.174906
301	0.175758
302	0.174846
303	0.171697
304	0.166532
305	0.160364
306	0.154322
307	0.149521
308	0.147113
309	0.146856
310	0.148437
311	0.151135
312	0.153588
313	0.154607
314	0.153167
315	0.149182
316	0.143684
317	0.137548
318	0.131765
319	0.12754
320	0.125911
321	0.126315
322	0.128087
323	0.130452
324	0.132405
325	0.132561
326	0.130771
327	0.1275
328	0.122984
329	0.118491
330	0.114319
331	0.111474
332	0.110215
333	0.110625
334	0.111994
335	0.113489
336	0.114093
337	0.114096
338	0.112679
339	0.109806
340	0.105999
341	0.102301
342	0.0985927
343	0.095711
344	0.093978
345	0.0933796
346	0.0940175
347	0.0954993
348	0.0971815
349	0.098556
350	0.099064
351	0.0984064
352	0.0963234
353	0.0934558
354	0.0904697
355	0.0879888
356	0.0863151
357	0.0858353
358	0.0871449
359	0.0891714
360	0.0910031
361	0.091991
362	0.0919148
363	0.0904274
364	0.0872296
365	0.0828915
366	0.0785252
367	0.075491
368	0.0737948
369	0.0734307
370	0.0745879
371	0.0766482
372	0.0783982
373	0.078988
374	0.0783474
375	0.0765664
376	0.0735153
377	0.0692591
378	0.0649154
379	0.0618784
380	0.0607608
381	0.0611644
382	0.0624853
383	0.0642126
384	0.0657113
385	0.0660952
386	0.0651355
387	0.0624966
388	0.0592169
389	0.0557763
390	0.0526209
391	0.0504419
392	0.0496234
393	0.0500242
394	0.0512463
395	0.052316
396	0.0529708
397	0.0530668
398	0.0520281
399	0.0498408
400	0.0470268
401	0.044543
402	0.0423641
403	0.0408146
404	0.0401626
405	0.0400413
406	0.0407836
407	0.0412069
408	0.0417206
409	0.0419351
410	0.0415908
411	0.0407497
412	0.0392877
413	0.0376422
414	0.0354096
415	0.0333323
416	0.0315627
417	0.0301119
418	0.0299172
419	0.0302841
420	0.0314639
421	0.03248
422	0.0329682
423	0.0327029
424	0.0313849
425	0.0288955
426	0.0259799
427	0.0230869
428	0.0208431
429	0.019827
430	0.0201657
431	0.0217011
432	0.0237107
433	0.0253844
434	0.0263412
435	0.025915
436	0.02423
437	0.0219269
438	0.0192456
439	0.0169622
440	0.0157147
441	0.0158728
442	0.0174082
443	0.019429
444	0.0214838
445	0.0226974
446	0.0229825
447	0.0225563
448	0.0211705
449	0.0197451
450	0.018667
451	0.0182718
452	0.0184525
453	0.0189718
454	0.0194855
455	0.0200612
456	0.0205128
457	0.0204987
458	0.0199286
459	0.0191129
460	0.0180319
461	0.0166659
462	0.0152857
463	0.0142103
464	0.0133664
465	0.0131547
466	0.013262
467	0.0137757
468	0.0142499
469	0.014693
470	0.0146845
471	0.0143853
472	0.0136233
473	0.0123165
474	0.0107275
475	0.00901424
476	0.00786551
477	0.00725868
478	0.00725021
479	0.00769334
480	0.00881667
481	0.00992024
482	0.0109984
483	0.0108799
484	0.0100162
485	0.0083425
486	0.00624825
487	0.00441649
488	0.0033355
489	0.00331292
490	0.00394514
491	0.00519548
492	0.00655025
493	0.0073744
494	0.00730949
495	0.00624261
496	0.0048455
497	0.00329316
498	0.00137955
499	-0.000144565
500	-0.000895333
501	-0.00102799
502	-0.000367537
503	0.00059209
504	0.00124407
505	0.00182832
506	0.00200049
507	0.00141906
508	0.000146146
509	-0.00123685
510	-0.00215414
511	-0.00301498
512	-0.00366979
513	-0.00395485
514	-0.00372341
515	-0.00352866
516	-0.00308554
517	-0.00271016
518	-0.00218801
519	-0.00189447
520	-0.00193681
521	-0.00282023
522	-0.00427379
523	-0.00565114
524	-0.00702002
525	-0.00819415
526	-0.00869372
527	-0.00822237
528	-0.00741234
529	-0.0066785
530	-0.00556646
531	-0.00539712
532	-0.00574145
533	-0.00673495
534	-0.00785263
535	-0.00889694
536	-0.0100372
537	-0.0107795
538	-0.011248
539	-0.0108444
540	-0.00991301
541	-0.00891952
542	-0.00808972
543	-0.00793731
544	-0.00850179
545	-0.00987914
546	-0.0113158
547	-0.012456
548	-0.0129979
549	-0.0132378
550	-0.0130487
551	-0.0122331
552	-0.0116375
553	-0.0115952
554	-0.0118859
555	-0.0124758
556	-0.0128145
557	-0.0135878
558	-0.0145249
559	-0.0149482
560	-0.0148664
561	-0.0145418
562	-0.0144233
563	-0.0140761
564	-0.0136048
565	-0.013489
566	-0.0140422
567	-0.0145672
568	-0.0150809
569	-0.015222
570	-0.0153857
571	-0.0157385
572	-0.0156623
573	-0.0155014
574	-0.0157639
575	-0.0161195
576	-0.0167941
577	-0.0174263
578	-0.0177537
579	-0.0179682
580	-0.018019
581	-0.0178695
582	-0.018036
583	-0.0180924
584	-0.0183577
585	-0.0183464
586	-0.0185751
587	-0.0187331
588	-0.0189363
589	-0.0190521
590	-0.0192186
591	-0.0194811
592	-0.0198734
593	-0.0202431
594	-0.0206496
595	-0.0211407
596	-0.0213777
597	-0.0214173
598	-0.0211632
599	-0.0207709
600	-0.0204859
601	-0.020277
602	-0.0204266
603	-0.0206947
604	-0.0216572
605	-0.0223882
606	-0.0229075
607	-0.0233788
608	-0.0234071
609	-0.0232264
610	-0.0227918
611	-0.0220664
612	-0.02166
613	-0.0213608
614	-0.0213636
615	-0.021962
616	-0.0234099
617	-0.0248635
618	-0.0253941
619	-0.0220043
620	-0.00782159
621	0.0110153
622	-0.033565
623	-0.0326788
624	-0.0322187
625	-0.0323034
626	-0.0328651
627	-0.0335932
628	-0.0343976
629	-0.035552
630	-0.0360713
631	-0.0360544
632	-0.0357468
633	-0.0352754
634	-0.0348972
635	-0.0348266
636	-0.0346375
637	-0.0349141
638	-0.0353742
639	-0.0360657
640	-0.0364693
641	-0.0366471
642	-0.0367911
643	-0.0368898
644	-0.0365935
645	-0.0361391
646	-0.0357637
647	-0.0354137
648	-0.0356339
649	-0.0358089
650	-0.0359133
651	-0.0363508
652	-0.0370225
653	-0.0376858
654	-0.0376096
655	-0.0376688
656	-0.0375785
657	-0.0376321
658	-0.0373189
659	-0.0369773
660	-0.0366358
661	-0.0367374
662	-0.0370027
663	-0.0372031
664	-0.0375503
665	-0.0382587
666	-0.0386906
667	-0.0385974
668	-0.0379229
669	-0.0370761
670	-0.036235
671	-0.0352726
672	-0.0347448
673	-0.0346121
674	-0.0350214
675	-0.035758
676	-0.0367205
677	-0.0371777
678	-0.0369915
679	-0.0363931
680	-0.0354927
681	-0.0344964
682	-0.0336723
683	-0.0334578
684	-0.0335848
685	-0.0339348
686	-0.0348633
687	-0.0358709
688	-0.036681
689	-0.0368052
690	-0.0368447
691	-0.0365737
692	-0.0359613
693	-0.0353008
694	-0.0346291
695	-0.0343638
696	-0.0344654
697	-0.0345529
698	-0.0345783
699	-0.0347843
700	-0.034917
701	-0.0350073
702	-0.0348238
703	-0.0343722
704	-0.0337315
705	-0.0329497
706	-0.0318151
707	-0.0310897
708	-0.0305986
709	-0.0306607
710	-0.0312788
711	-0.0320296
712	-0.0326703
713	-0.0333449
714	-0.0337965
715	-0.0341493
716	-0.0340025
717	-0.0333308
718	-0.0325885
719	-0.0319252
720	-0.0318659
721	-0.0324671
722	-0.0330767
723	-0.0337513
724	-0.0342509
725	-0.0346234
726	-0.0349621
727	-0.035123
728	-0.035027
729	-0.0347137
730	-0.0339545
731	-0.0331981
732	-0.0327324
733	-0.0326251
734	-0.0329017
735	-0.0334775
736	-0.0339432
737	-0.0348182
738	-0.0354984
739	-0.0356706
740	-0.0352585
741	-0.034567
742	-0.0339037
743	-0.033184
744	-0.0327239
745	-0.0325546
746	-0.0325461
747	-0.0329808
748	-0.0335255
749	-0.0339348
750	-0.0343101
751	-0.034344
752	-0.0341097
753	-0.0334916
754	-0.0327183
755	-0.032436
756	-0.0325038
757	-0.032803
758	-0.0332433
759	-0.0340477
760	-0.0344202
761	-0.034852
762	-0.0349565
763	-0.0348859
764	-0.034598
765	-0.0341634
766	-0.0337711
767	-0.0333872
768	-0.033088
769	-0.0329638
770	-0.0333223
771	-0.0333759
772	-0.0332179
773	-0.0330937
774	-0.0334606
775	-0.0336497
776	-0.0335509
777	-0.0336836
778	-0.0336045
779	-0.0332376
780	-0.0329017
781	-0.0327098
782	-0.0327804
783	-0.0330542
784	-0.0332828
785	-0.0336723
786	-0.0337598
787	-0.033819
788	-0.0336948
789	-0.0334973
790	-0.0332376
791	-0.0329695
792	-0.0328538
793	-0.0329384
794	-0.0331106
795	-0.0335848
796	-0.0338529
797	-0.0337598
798	-0.033215
799	-0.0327324
800	-0.0322272
801	-0.0315865
802	-0.0309797
803	-0.0304942
804	-0.0302599
805	-0.0302741
806	-0.030291
807	-0.0304603
808	-0.0306777
809	-0.0305789
810	-0.0305958
811	-0.0307906
812	-0.0306353
813	-0.0303898
814	-0.0302289
815	-0.0302091
816	-0.0302712
817	-0.0303672
818	-0.0301358
819	-0.0302515
820	-0.0301132
821	-0.0300624
822	-0.0302345
823	-0.0301329
824	-0.0301499
825	-0.0297773
826	-0.0294584
827	-0.0288939
828	-0.0281855
829	-0.0276266
830	-0.0270029
831	-0.0264497
832	-0.026094
833	-0.0256509
834	-0.0251203
835	-0.0248973
836	-0.0247788
837	-0.0247816
838	-0.0250102
839	-0.0253743
840	-0.0259021
841	-0.0262718
842	-0.0265428
843	-0.0268307
844	-0.0267601
845	-0.0267234
846	-0.0264412
847	-0.0264638
848	-0.0262549
849	-0.0264384
850	-0.0267799
851	-0.0271496
852	-0.0276887
853	-0.0283576
854	-0.0288036
855	-0.0289814
856	-0.0291902
857	-0.0292439
858	-0.0290407
859	-0.0286822
860	-0.0284592
861	-0.0283463
862	-0.0283266
863	-0.0287104
864	-0.0294894
865	-0.0304152
866	-0.0310841
867	-0.0313071
868	-0.0315413
869	-0.0315978
870	-0.0313325
871	-0.0309571
872	-0.0304688
873	-0.0303616
874	-0.0306607
875	-0.0313833
876	-0.0321256
877	-0.0330485
878	-0.0336977
879	-0.0337993
880	-0.0338388
881	-0.0337033
882	-0.0334945
883	-0.0331445
884	-0.0327606
885	-0.0327719
886	-0.0328227
887	-0.0334634
888	-0.0340956
889	-0.0345529
890	-0.0352387
891	-0.0357044
892	0.00246054
893	-0.00843123
894	-0.0205931
895	-0.0323881
896	-0.0303587
897	-0.0284903
898	-0.0270537
899	-0.0259727
900	-0.0250892
901	-0.0245332
902	-0.0242594
903	-0.0240195
904	-0.0239377
905	-0.0237091
906	-0.0235002
907	-0.0226591
908	-0.0222979
909	-0.0222499
910	-0.0221116
911	-0.0220862
912	-0.0223684
913	-0.0228313
914	-0.0230345
915	-0.0234946
916	-0.0237599
917	-0.0237147
918	-0.0235934
919	-0.0232885
920	-0.0228736
921	-0.0224644
922	-0.0223261
923	-0.022168
924	-0.0223204
925	-0.0226591
926	-0.0228539
927	-0.0227833
928	-0.0214765
929	-0.019244
930	-0.0167377
931	-0.0139152
932	-0.0110984
933	-0.00855824
934	-0.00647811
935	-0.00501609
936	-0.00397743
937	-0.003269
938	-0.00287104
939	-0.00274121
940	0.000679587
941	0.00739698
942	0.0133156
943	0.0183509
944	0.0222966
945	0.0253392
946	0.0275435
947	0.0286471
948	0.0284495
949	0.0271004
950	0.025184
951	0.0231603
952	0.0209475
953	0.0190649
954	0.017538
955	0.01633
956	0.0155341
957	0.0151502
958	0.0145067
959	0.0139676
960	0.0134313
961	0.0128753
962	0.0124435
963	0.0122431
964	0.0118084
965	0.0112552
966	0.0108883
967	0.0107162
968	0.0103972
969	0.0101545
970	0.00993153
971	0.00950534
972	0.00913278
973	0.00857111
974	0.00838766
975	0.00830016
976	0.0080659
977	0.00785422
978	0.007953
979	0.00831145
980	0.00865296
981	0.0090594
982	0.00907915
983	0.00916947
984	0.00910455
985	0.00874611
986	0.00838201
987	0.00792195
988	0.00709498
989	0.00669702
990	0.00634704
991	0.0063047
992	0.00608173
993	0.00598012
994	0.00571481
995	0.00553982
996	0.00578819
997	0.00578537
998	0.00548619
999	0.00507412
1000	0.00477494
1001	0.00443625
1002	0.00388587
1003	0.00334396
1004	0.00260449
1005	0.00185654
1006	0.00122432
1007	0.00102957
1008	0.000942072
1009	0.000908203
1010	0.000848932
1011	0.000577978
1012	0.000137678
1013	-0.000401407
1014	-0.000932024
1015	-0.00184085
1016	-0.00253235
1017	-0.0028795
1018	-0.00317586
1019	-0.00365285
1020	-0.00382784
1021	-0.00378551
1022	-0.00326053
1023	-0.00307425
